day,hour,station,parameter,value
1,1,28079004,01,3
1,1,28079008,01,6
1,1,28079017,01,11
1,1,28079024,01,2
1,1,28079035,01,4
1,1,28079036,01,2
1,1,28079038,01,3
1,1,28079040,01,4
1,1,28079057,01,4
1,1,28079004,06,0.4
1,1,28079008,06,0.3
1,1,28079016,06,0.4
1,1,28079018,06,0.5
1,1,28079035,06,0.4
1,1,28079036,06,0.3
1,1,28079039,06,0.3
1,1,28079056,06,0.6
1,1,28079057,06,0.3
1,1,28079004,07,9
1,1,28079008,07,7
1,1,28079011,07,7
1,1,28079016,07,11
1,1,28079017,07,10
1,1,28079018,07,14
1,1,28079024,07,1
1,1,28079027,07,3
1,1,28079035,07,16
1,1,28079036,07,12
1,1,28079038,07,12
1,1,28079039,07,8
1,1,28079040,07,9
1,1,28079047,07,1
1,1,28079048,07,10
1,1,28079049,07,1
1,1,28079050,07,28
1,1,28079054,07,5
1,1,28079055,07,4
1,1,28079056,07,24
1,1,28079057,07,2
1,1,28079058,07,4
1,1,28079059,07,3
1,1,28079060,07,2
1,1,28079004,08,35
1,1,28079008,08,27
1,1,28079011,08,41
1,1,28079016,08,36
1,1,28079017,08,30
1,1,28079018,08,38
1,1,28079024,08,14
1,1,28079027,08,27
1,1,28079035,08,36
1,1,28079036,08,19
1,1,28079038,08,37
1,1,28079039,08,38
1,1,28079040,08,30
1,1,28079047,08,22
1,1,28079048,08,37
1,1,28079049,08,25
1,1,28079050,08,42
1,1,28079054,08,15
1,1,28079055,08,27
1,1,28079056,08,42
1,1,28079057,08,27
1,1,28079058,08,27
1,1,28079059,08,18
1,1,28079060,08,28
1,1,28079008,09,8
1,1,28079024,09,7
1,1,28079038,09,9
1,1,28079047,09,7
1,1,28079048,09,7
1,1,28079050,09,11
1,1,28079008,10,5
1,1,28079024,10,6
1,1,28079036,10,17
1,1,28079038,10,11
1,1,28079040,10,34
1,1,28079047,10,16
1,1,28079048,10,17
1,1,28079050,10,9
1,1,28079055,10,4
1,1,28079057,10,9
1,1,28079060,10,14
1,1,28079008,14,13
1,1,28079016,14,10
1,1,28079017,14,13
1,1,28079018,14,5
1,1,28079024,14,24
1,1,28079027,14,12
1,1,28079035,14,8
1,1,28079039,14,10
1,1,28079049,14,12
1,1,28079054,14,15
1,1,28079056,14,8
1,1,28079058,14,12
1,1,28079059,14,11
1,1,28079060,14,15
1,1,28079008,20,2.2
1,1,28079011,20,4.6
1,1,28079018,20,1.2
1,1,28079024,20,1.2
1,1,28079038,20,1.6
1,1,28079055,20,1.3
1,1,28079008,30,0.8
1,1,28079011,30,2.4
1,1,28079018,30,0.6
1,1,28079024,30,0.9
1,1,28079038,30,0.5
1,1,28079055,30,0.6
1,1,28079008,35,0.8
1,1,28079011,35,0.3
1,1,28079018,35,0.6
1,1,28079024,35,0.4
1,1,28079038,35,0.2
1,1,28079055,35,0.2
1,1,28079024,42,1.44
1,1,28079027,42,1.76
1,1,28079055,42,2.07
1,1,28079024,44,0.28
1,1,28079027,44,0.17
1,1,28079055,44,0.19
1,10,28079004,01,3
1,10,28079008,01,7
1,10,28079017,01,3
1,10,28079018,01,5
1,10,28079024,01,1
1,10,28079035,01,3
1,10,28079036,01,1
1,10,28079038,01,2
1,10,28079040,01,3
1,10,28079057,01,4
1,10,28079004,06,0.3
1,10,28079008,06,0.3
1,10,28079016,06,0.3
1,10,28079018,06,0.3
1,10,28079035,06,0.3
1,10,28079036,06,0.3
1,10,28079039,06,0.2
1,10,28079056,06,0.2
1,10,28079057,06,0.3
1,10,28079004,07,3
1,10,28079008,07,8
1,10,28079011,07,3
1,10,28079016,07,3
1,10,28079017,07,1
1,10,28079018,07,5
1,10,28079024,07,1
1,10,28079027,07,8
1,10,28079035,07,11
1,10,28079036,07,5
1,10,28079038,07,5
1,10,28079039,07,1
1,10,28079040,07,3
1,10,28079047,07,1
1,10,28079048,07,5
1,10,28079049,07,1
1,10,28079050,07,15
1,10,28079054,07,4
1,10,28079055,07,8
1,10,28079056,07,3
1,10,28079057,07,2
1,10,28079058,07,7
1,10,28079059,07,3
1,10,28079060,07,1
1,10,28079004,08,14
1,10,28079008,08,26
1,10,28079011,08,39
1,10,28079016,08,30
1,10,28079017,08,12
1,10,28079018,08,15
1,10,28079024,08,5
1,10,28079027,08,32
1,10,28079035,08,18
1,10,28079036,08,17
1,10,28079038,08,20
1,10,28079039,08,16
1,10,28079040,08,19
1,10,28079047,08,10
1,10,28079048,08,22
1,10,28079049,08,14
1,10,28079050,08,31
1,10,28079054,08,10
1,10,28079055,08,35
1,10,28079056,08,23
1,10,28079057,08,21
1,10,28079058,08,16
1,10,28079059,08,13
1,10,28079060,08,16
1,10,28079008,09,11
1,10,28079024,09,6
1,10,28079038,09,11
1,10,28079047,09,6
1,10,28079048,09,9
1,10,28079050,09,9
1,10,28079008,10,7
1,10,28079018,10,5
1,10,28079024,10,4
1,10,28079036,10,8
1,10,28079038,10,7
1,10,28079040,10,7
1,10,28079047,10,6
1,10,28079048,10,13
1,10,28079050,10,10
1,10,28079055,10,11
1,10,28079057,10,10
1,10,28079060,10,9
1,10,28079008,14,24
1,10,28079016,14,22
1,10,28079017,14,41
1,10,28079018,14,27
1,10,28079024,14,41
1,10,28079027,14,17
1,10,28079035,14,33
1,10,28079039,14,34
1,10,28079049,14,31
1,10,28079054,14,39
1,10,28079056,14,32
1,10,28079058,14,21
1,10,28079059,14,20
1,10,28079060,14,33
1,10,28079008,20,0.8
1,10,28079011,20,2.6
1,10,28079018,20,0.3
1,10,28079024,20,0.4
1,10,28079038,20,0.8
1,10,28079055,20,1.1
1,10,28079008,30,0.6
1,10,28079011,30,1.6
1,10,28079018,30,0.1
1,10,28079024,30,0.5
1,10,28079038,30,0.3
1,10,28079055,30,0.6
1,10,28079008,35,0.7
1,10,28079011,35,0.9
1,10,28079018,35,1
1,10,28079024,35,0.5
1,10,28079038,35,0.6
1,10,28079055,35,0.3
1,10,28079024,42,1.34
1,10,28079027,42,1.29
1,10,28079055,42,1.54
1,10,28079024,44,0.24
1,10,28079027,44,0.14
1,10,28079055,44,0.15
1,11,28079004,01,3
1,11,28079008,01,8
1,11,28079017,01,3
1,11,28079018,01,5
1,11,28079024,01,1
1,11,28079035,01,3
1,11,28079036,01,2
1,11,28079038,01,3
1,11,28079040,01,3
1,11,28079057,01,4
1,11,28079004,06,0.4
1,11,28079008,06,0.3
1,11,28079016,06,0.3
1,11,28079018,06,0.3
1,11,28079035,06,0.3
1,11,28079036,06,0.3
1,11,28079039,06,0.2
1,11,28079056,06,0.2
1,11,28079057,06,0.3
1,11,28079004,07,7
1,11,28079008,07,10
1,11,28079011,07,2
1,11,28079016,07,4
1,11,28079017,07,2
1,11,28079018,07,2
1,11,28079024,07,1
1,11,28079027,07,4
1,11,28079035,07,9
1,11,28079036,07,5
1,11,28079038,07,5
1,11,28079039,07,1
1,11,28079040,07,3
1,11,28079047,07,1
1,11,28079048,07,4
1,11,28079049,07,3
1,11,28079050,07,19
1,11,28079054,07,6
1,11,28079055,07,7
1,11,28079056,07,3
1,11,28079057,07,4
1,11,28079058,07,3
1,11,28079059,07,4
1,11,28079060,07,1
1,11,28079004,08,21
1,11,28079008,08,26
1,11,28079011,08,38
1,11,28079016,08,22
1,11,28079017,08,12
1,11,28079018,08,15
1,11,28079024,08,6
1,11,28079027,08,27
1,11,28079035,08,21
1,11,28079036,08,17
1,11,28079038,08,19
1,11,28079039,08,16
1,11,28079040,08,23
1,11,28079047,08,13
1,11,28079048,08,20
1,11,28079049,08,22
1,11,28079050,08,34
1,11,28079054,08,13
1,11,28079055,08,30
1,11,28079056,08,19
1,11,28079057,08,17
1,11,28079058,08,6
1,11,28079059,08,11
1,11,28079060,08,13
1,11,28079008,09,10
1,11,28079024,09,5
1,11,28079038,09,8
1,11,28079047,09,8
1,11,28079048,09,7
1,11,28079050,09,10
1,11,28079008,10,6
1,11,28079018,10,6
1,11,28079024,10,4
1,11,28079036,10,9
1,11,28079038,10,6
1,11,28079040,10,9
1,11,28079047,10,8
1,11,28079048,10,10
1,11,28079050,10,11
1,11,28079055,10,9
1,11,28079057,10,11
1,11,28079060,10,12
1,11,28079008,14,24
1,11,28079016,14,29
1,11,28079017,14,41
1,11,28079018,14,31
1,11,28079024,14,41
1,11,28079027,14,27
1,11,28079035,14,30
1,11,28079039,14,34
1,11,28079049,14,25
1,11,28079054,14,35
1,11,28079056,14,34
1,11,28079058,14,36
1,11,28079059,14,26
1,11,28079060,14,35
1,11,28079008,20,1.1
1,11,28079011,20,2.2
1,11,28079018,20,0.3
1,11,28079024,20,0.4
1,11,28079038,20,1
1,11,28079055,20,0.9
1,11,28079008,30,0.7
1,11,28079011,30,1.6
1,11,28079018,30,0.2
1,11,28079024,30,0.5
1,11,28079038,30,0.5
1,11,28079055,30,0.5
1,11,28079008,35,0.5
1,11,28079011,35,1
1,11,28079018,35,1
1,11,28079024,35,0.3
1,11,28079038,35,0.7
1,11,28079055,35,0.2
1,11,28079024,42,1.35
1,11,28079027,42,1.26
1,11,28079055,42,1.53
1,11,28079024,44,0.24
1,11,28079027,44,0.14
1,11,28079055,44,0.15
1,12,28079004,01,3
1,12,28079008,01,8
1,12,28079017,01,3
1,12,28079018,01,5
1,12,28079024,01,1
1,12,28079035,01,4
1,12,28079036,01,6
1,12,28079038,01,3
1,12,28079040,01,3
1,12,28079057,01,4
1,12,28079004,06,0.3
1,12,28079008,06,0.3
1,12,28079016,06,0.3
1,12,28079018,06,0.3
1,12,28079035,06,0.3
1,12,28079036,06,0.4
1,12,28079039,06,0.2
1,12,28079056,06,0.2
1,12,28079057,06,0.3
1,12,28079004,07,8
1,12,28079008,07,19
1,12,28079011,07,3
1,12,28079016,07,8
1,12,28079017,07,2
1,12,28079018,07,2
1,12,28079024,07,1
1,12,28079027,07,6
1,12,28079035,07,39
1,12,28079036,07,10
1,12,28079038,07,12
1,12,28079039,07,2
1,12,28079040,07,7
1,12,28079047,07,2
1,12,28079048,07,13
1,12,28079049,07,6
1,12,28079050,07,9
1,12,28079054,07,8
1,12,28079055,07,7
1,12,28079056,07,7
1,12,28079057,07,3
1,12,28079058,07,4
1,12,28079059,07,7
1,12,28079060,07,2
1,12,28079004,08,23
1,12,28079008,08,32
1,12,28079011,08,41
1,12,28079016,08,29
1,12,28079017,08,14
1,12,28079018,08,16
1,12,28079024,08,8
1,12,28079027,08,30
1,12,28079035,08,38
1,12,28079036,08,22
1,12,28079038,08,26
1,12,28079039,08,20
1,12,28079040,08,30
1,12,28079047,08,18
1,12,28079048,08,30
1,12,28079049,08,26
1,12,28079050,08,29
1,12,28079054,08,16
1,12,28079055,08,29
1,12,28079056,08,23
1,12,28079057,08,17
1,12,28079058,08,5
1,12,28079059,08,17
1,12,28079060,08,16
1,12,28079008,09,12
1,12,28079024,09,6
1,12,28079038,09,11
1,12,28079047,09,9
1,12,28079048,09,10
1,12,28079050,09,11
1,12,28079008,10,8
1,12,28079018,10,6
1,12,28079024,10,5
1,12,28079036,10,13
1,12,28079038,10,9
1,12,28079040,10,12
1,12,28079047,10,10
1,12,28079048,10,18
1,12,28079050,10,13
1,12,28079055,10,10
1,12,28079057,10,6
1,12,28079060,10,3
1,12,28079008,14,21
1,12,28079016,14,22
1,12,28079017,14,41
1,12,28079018,14,29
1,12,28079024,14,39
1,12,28079027,14,30
1,12,28079035,14,23
1,12,28079039,14,32
1,12,28079049,14,24
1,12,28079054,14,32
1,12,28079056,14,33
1,12,28079058,14,36
1,12,28079059,14,23
1,12,28079060,14,33
1,12,28079008,20,1.1
1,12,28079011,20,2.9
1,12,28079018,20,0.2
1,12,28079024,20,0.4
1,12,28079038,20,0.5
1,12,28079055,20,0.7
1,12,28079008,30,0.6
1,12,28079011,30,1.8
1,12,28079018,30,0.1
1,12,28079024,30,0.4
1,12,28079038,30,0.3
1,12,28079055,30,0.6
1,12,28079008,35,0.5
1,12,28079011,35,0.7
1,12,28079018,35,1
1,12,28079024,35,0.4
1,12,28079038,35,1
1,12,28079055,35,0.1
1,12,28079024,42,1.35
1,12,28079027,42,1.28
1,12,28079055,42,1.53
1,12,28079024,44,0.25
1,12,28079027,44,0.15
1,12,28079055,44,0.15
1,13,28079004,01,3
1,13,28079008,01,9
1,13,28079017,01,3
1,13,28079018,01,5
1,13,28079024,01,1
1,13,28079035,01,4
1,13,28079036,01,4
1,13,28079038,01,6
1,13,28079040,01,4
1,13,28079057,01,5
1,13,28079004,06,0.3
1,13,28079008,06,0.4
1,13,28079016,06,0.4
1,13,28079018,06,0.3
1,13,28079035,06,0.3
1,13,28079036,06,0.3
1,13,28079039,06,0.3
1,13,28079056,06,0.2
1,13,28079057,06,0.3
1,13,28079004,07,11
1,13,28079008,07,17
1,13,28079011,07,14
1,13,28079016,07,11
1,13,28079017,07,3
1,13,28079018,07,5
1,13,28079024,07,3
1,13,28079027,07,8
1,13,28079035,07,12
1,13,28079036,07,12
1,13,28079038,07,17
1,13,28079039,07,10
1,13,28079040,07,11
1,13,28079047,07,2
1,13,28079048,07,20
1,13,28079049,07,8
1,13,28079050,07,23
1,13,28079054,07,8
1,13,28079055,07,9
1,13,28079056,07,8
1,13,28079057,07,6
1,13,28079058,07,3
1,13,28079059,07,9
1,13,28079060,07,8
1,13,28079004,08,25
1,13,28079008,08,27
1,13,28079011,08,48
1,13,28079016,08,33
1,13,28079017,08,16
1,13,28079018,08,23
1,13,28079024,08,13
1,13,28079027,08,23
1,13,28079035,08,24
1,13,28079036,08,22
1,13,28079038,08,31
1,13,28079039,08,27
1,13,28079040,08,29
1,13,28079047,08,23
1,13,28079048,08,35
1,13,28079049,08,27
1,13,28079050,08,42
1,13,28079054,08,16
1,13,28079055,08,27
1,13,28079056,08,25
1,13,28079057,08,25
1,13,28079058,08,6
1,13,28079059,08,15
1,13,28079060,08,29
1,13,28079008,09,14
1,13,28079024,09,7
1,13,28079038,09,10
1,13,28079047,09,10
1,13,28079048,09,10
1,13,28079050,09,14
1,13,28079008,10,8
1,13,28079018,10,8
1,13,28079024,10,5
1,13,28079036,10,11
1,13,28079038,10,8
1,13,28079040,10,11
1,13,28079047,10,10
1,13,28079048,10,15
1,13,28079050,10,21
1,13,28079055,10,8
1,13,28079057,10,13
1,13,28079060,10,13
1,13,28079008,14,27
1,13,28079016,14,22
1,13,28079017,14,39
1,13,28079018,14,30
1,13,28079024,14,36
1,13,28079027,14,38
1,13,28079035,14,28
1,13,28079039,14,30
1,13,28079049,14,25
1,13,28079054,14,33
1,13,28079056,14,34
1,13,28079058,14,37
1,13,28079059,14,27
1,13,28079060,14,23
1,13,28079008,20,1.5
1,13,28079011,20,3.1
1,13,28079018,20,0.3
1,13,28079024,20,0.5
1,13,28079038,20,1.1
1,13,28079055,20,0.7
1,13,28079008,30,0.9
1,13,28079011,30,2
1,13,28079018,30,0.1
1,13,28079024,30,0.5
1,13,28079038,30,0.5
1,13,28079055,30,0.6
1,13,28079008,35,0.6
1,13,28079011,35,0.7
1,13,28079018,35,1
1,13,28079024,35,0.3
1,13,28079038,35,0.3
1,13,28079055,35,0.1
1,13,28079024,42,1.36
1,13,28079027,42,1.28
1,13,28079055,42,1.52
1,13,28079024,44,0.26
1,13,28079027,44,0.13
1,13,28079055,44,0.15
1,14,28079004,01,4
1,14,28079008,01,10
1,14,28079017,01,3
1,14,28079018,01,12
1,14,28079024,01,2
1,14,28079035,01,5
1,14,28079036,01,4
1,14,28079038,01,7
1,14,28079040,01,4
1,14,28079057,01,5
1,14,28079004,06,0.3
1,14,28079008,06,0.3
1,14,28079016,06,0.4
1,14,28079018,06,0.3
1,14,28079035,06,0.3
1,14,28079036,06,0.4
1,14,28079039,06,0.3
1,14,28079056,06,0.2
1,14,28079057,06,0.4
1,14,28079004,07,10
1,14,28079008,07,14
1,14,28079011,07,26
1,14,28079016,07,20
1,14,28079017,07,6
1,14,28079018,07,7
1,14,28079024,07,8
1,14,28079027,07,9
1,14,28079035,07,10
1,14,28079036,07,16
1,14,28079038,07,16
1,14,28079039,07,15
1,14,28079040,07,11
1,14,28079047,07,3
1,14,28079048,07,16
1,14,28079049,07,8
1,14,28079050,07,32
1,14,28079054,07,11
1,14,28079055,07,12
1,14,28079056,07,19
1,14,28079057,07,12
1,14,28079058,07,4
1,14,28079059,07,10
1,14,28079060,07,12
1,14,28079004,08,23
1,14,28079008,08,24
1,14,28079011,08,55
1,14,28079016,08,38
1,14,28079017,08,18
1,14,28079018,08,21
1,14,28079024,08,18
1,14,28079027,08,24
1,14,28079035,08,19
1,14,28079036,08,26
1,14,28079038,08,29
1,14,28079039,08,30
1,14,28079040,08,30
1,14,28079047,08,25
1,14,28079048,08,29
1,14,28079049,08,25
1,14,28079050,08,39
1,14,28079054,08,16
1,14,28079055,08,29
1,14,28079056,08,32
1,14,28079057,08,33
1,14,28079058,08,7
1,14,28079059,08,14
1,14,28079060,08,34
1,14,28079008,09,10
1,14,28079024,09,9
1,14,28079038,09,9
1,14,28079047,09,9
1,14,28079048,09,7
1,14,28079050,09,9
1,14,28079008,10,6
1,14,28079018,10,8
1,14,28079024,10,8
1,14,28079036,10,10
1,14,28079038,10,8
1,14,28079040,10,10
1,14,28079047,10,8
1,14,28079048,10,12
1,14,28079050,10,14
1,14,28079055,10,9
1,14,28079057,10,15
1,14,28079060,10,12
1,14,28079008,14,34
1,14,28079016,14,24
1,14,28079017,14,39
1,14,28079018,14,34
1,14,28079024,14,39
1,14,28079027,14,37
1,14,28079035,14,40
1,14,28079039,14,32
1,14,28079049,14,31
1,14,28079054,14,37
1,14,28079056,14,34
1,14,28079058,14,38
1,14,28079059,14,27
1,14,28079060,14,24
1,14,28079008,20,1.4
1,14,28079011,20,4.1
1,14,28079018,20,0.4
1,14,28079024,20,0.6
1,14,28079038,20,1
1,14,28079055,20,1
1,14,28079008,30,0.9
1,14,28079011,30,2.4
1,14,28079018,30,0.2
1,14,28079024,30,0.5
1,14,28079038,30,0.5
1,14,28079055,30,0.6
1,14,28079008,35,0.6
1,14,28079011,35,0.3
1,14,28079018,35,1
1,14,28079024,35,0.4
1,14,28079038,35,0.7
1,14,28079055,35,0.2
1,14,28079024,42,1.39
1,14,28079027,42,1.29
1,14,28079055,42,1.52
1,14,28079024,44,0.27
1,14,28079027,44,0.16
1,14,28079055,44,0.15
1,15,28079004,01,5
1,15,28079008,01,10
1,15,28079017,01,4
1,15,28079018,01,6
1,15,28079024,01,2
1,15,28079035,01,7
1,15,28079036,01,6
1,15,28079038,01,7
1,15,28079040,01,4
1,15,28079057,01,6
1,15,28079004,06,0.3
1,15,28079008,06,0.3
1,15,28079016,06,0.4
1,15,28079018,06,0.3
1,15,28079035,06,0.4
1,15,28079036,06,0.4
1,15,28079039,06,0.2
1,15,28079056,06,0.2
1,15,28079057,06,0.4
1,15,28079004,07,14
1,15,28079008,07,19
1,15,28079011,07,21
1,15,28079016,07,23
1,15,28079017,07,6
1,15,28079018,07,10
1,15,28079024,07,11
1,15,28079027,07,12
1,15,28079035,07,15
1,15,28079036,07,16
1,15,28079038,07,22
1,15,28079039,07,10
1,15,28079040,07,11
1,15,28079047,07,3
1,15,28079048,07,17
1,15,28079049,07,9
1,15,28079050,07,33
1,15,28079054,07,13
1,15,28079055,07,14
1,15,28079056,07,25
1,15,28079057,07,21
1,15,28079058,07,6
1,15,28079059,07,15
1,15,28079060,07,8
1,15,28079004,08,33
1,15,28079008,08,30
1,15,28079011,08,60
1,15,28079016,08,43
1,15,28079017,08,21
1,15,28079018,08,28
1,15,28079024,08,25
1,15,28079027,08,27
1,15,28079035,08,30
1,15,28079036,08,27
1,15,28079038,08,35
1,15,28079039,08,28
1,15,28079040,08,29
1,15,28079047,08,28
1,15,28079048,08,34
1,15,28079049,08,29
1,15,28079050,08,42
1,15,28079054,08,15
1,15,28079055,08,31
1,15,28079056,08,41
1,15,28079057,08,36
1,15,28079058,08,13
1,15,28079059,08,18
1,15,28079060,08,27
1,15,28079008,09,8
1,15,28079024,09,8
1,15,28079038,09,8
1,15,28079047,09,5
1,15,28079048,09,7
1,15,28079050,09,6
1,15,28079008,10,7
1,15,28079018,10,9
1,15,28079024,10,10
1,15,28079036,10,8
1,15,28079038,10,11
1,15,28079040,10,9
1,15,28079047,10,7
1,15,28079048,10,14
1,15,28079050,10,10
1,15,28079055,10,12
1,15,28079057,10,19
1,15,28079060,10,5
1,15,28079008,14,33
1,15,28079016,14,25
1,15,28079017,14,41
1,15,28079018,14,33
1,15,28079024,14,38
1,15,28079027,14,36
1,15,28079035,14,34
1,15,28079039,14,36
1,15,28079049,14,31
1,15,28079054,14,42
1,15,28079056,14,32
1,15,28079058,14,39
1,15,28079059,14,26
1,15,28079060,14,37
1,15,28079008,20,1.8
1,15,28079011,20,3.4
1,15,28079018,20,0.7
1,15,28079024,20,0.9
1,15,28079038,20,1.1
1,15,28079055,20,1.2
1,15,28079008,30,0.9
1,15,28079011,30,2
1,15,28079018,30,0.2
1,15,28079024,30,0.6
1,15,28079038,30,0.5
1,15,28079055,30,0.6
1,15,28079008,35,0.6
1,15,28079011,35,0.4
1,15,28079018,35,0.9
1,15,28079024,35,0.5
1,15,28079038,35,0.7
1,15,28079055,35,0.2
1,15,28079024,42,1.4
1,15,28079027,42,1.3
1,15,28079055,42,1.54
1,15,28079024,44,0.28
1,15,28079027,44,0.17
1,15,28079055,44,0.15
1,16,28079004,01,5
1,16,28079008,01,9
1,16,28079017,01,4
1,16,28079018,01,6
1,16,28079024,01,2
1,16,28079035,01,8
1,16,28079036,01,10
1,16,28079038,01,6
1,16,28079040,01,4
1,16,28079057,01,6
1,16,28079004,06,0.3
1,16,28079008,06,0.3
1,16,28079016,06,0.4
1,16,28079018,06,0.3
1,16,28079035,06,0.4
1,16,28079036,06,0.3
1,16,28079039,06,0.2
1,16,28079056,06,0.2
1,16,28079057,06,0.4
1,16,28079004,07,14
1,16,28079008,07,14
1,16,28079011,07,17
1,16,28079016,07,16
1,16,28079017,07,4
1,16,28079018,07,8
1,16,28079024,07,11
1,16,28079027,07,12
1,16,28079035,07,18
1,16,28079036,07,10
1,16,28079038,07,13
1,16,28079039,07,8
1,16,28079040,07,7
1,16,28079047,07,2
1,16,28079048,07,17
1,16,28079049,07,8
1,16,28079050,07,22
1,16,28079054,07,8
1,16,28079055,07,13
1,16,28079056,07,23
1,16,28079057,07,17
1,16,28079058,07,5
1,16,28079059,07,13
1,16,28079060,07,9
1,16,28079004,08,39
1,16,28079008,08,28
1,16,28079011,08,61
1,16,28079016,08,45
1,16,28079017,08,22
1,16,28079018,08,32
1,16,28079024,08,30
1,16,28079027,08,32
1,16,28079035,08,35
1,16,28079036,08,24
1,16,28079038,08,33
1,16,28079039,08,29
1,16,28079040,08,25
1,16,28079047,08,27
1,16,28079048,08,38
1,16,28079049,08,31
1,16,28079050,08,41
1,16,28079054,08,13
1,16,28079055,08,35
1,16,28079056,08,44
1,16,28079057,08,38
1,16,28079058,08,11
1,16,28079059,08,22
1,16,28079060,08,35
1,16,28079008,09,8
1,16,28079024,09,10
1,16,28079038,09,8
1,16,28079047,09,7
1,16,28079048,09,8
1,16,28079050,09,10
1,16,28079008,10,7
1,16,28079018,10,10
1,16,28079024,10,11
1,16,28079036,10,12
1,16,28079038,10,9
1,16,28079040,10,8
1,16,28079047,10,8
1,16,28079048,10,16
1,16,28079050,10,15
1,16,28079055,10,16
1,16,28079057,10,18
1,16,28079060,10,11
1,16,28079008,14,33
1,16,28079016,14,26
1,16,28079017,14,42
1,16,28079018,14,31
1,16,28079024,14,34
1,16,28079027,14,35
1,16,28079035,14,31
1,16,28079039,14,38
1,16,28079049,14,30
1,16,28079054,14,45
1,16,28079056,14,29
1,16,28079058,14,41
1,16,28079059,14,25
1,16,28079060,14,30
1,16,28079008,20,1.5
1,16,28079011,20,4.3
1,16,28079018,20,0.4
1,16,28079024,20,1.1
1,16,28079038,20,1.3
1,16,28079055,20,1.2
1,16,28079008,30,0.7
1,16,28079011,30,2.3
1,16,28079018,30,0.2
1,16,28079024,30,0.6
1,16,28079038,30,0.5
1,16,28079055,30,0.6
1,16,28079008,35,0.5
1,16,28079011,35,0.3
1,16,28079018,35,1
1,16,28079024,35,0.6
1,16,28079038,35,0.3
1,16,28079055,35,0.2
1,16,28079024,42,1.41
1,16,28079027,42,1.37
1,16,28079055,42,1.58
1,16,28079024,44,0.28
1,16,28079027,44,0.17
1,16,28079055,44,0.16
1,17,28079004,01,5
1,17,28079008,01,9
1,17,28079017,01,3
1,17,28079018,01,6
1,17,28079024,01,2
1,17,28079035,01,8
1,17,28079036,01,9
1,17,28079038,01,6
1,17,28079040,01,4
1,17,28079057,01,6
1,17,28079004,06,0.4
1,17,28079008,06,0.3
1,17,28079016,06,0.4
1,17,28079018,06,0.3
1,17,28079035,06,0.4
1,17,28079036,06,0.3
1,17,28079039,06,0.2
1,17,28079056,06,0.2
1,17,28079057,06,0.4
1,17,28079004,07,18
1,17,28079008,07,13
1,17,28079011,07,10
1,17,28079016,07,13
1,17,28079017,07,4
1,17,28079018,07,7
1,17,28079024,07,8
1,17,28079027,07,9
1,17,28079035,07,18
1,17,28079036,07,8
1,17,28079038,07,14
1,17,28079039,07,4
1,17,28079040,07,7
1,17,28079047,07,2
1,17,28079048,07,8
1,17,28079049,07,5
1,17,28079050,07,15
1,17,28079054,07,7
1,17,28079055,07,18
1,17,28079056,07,31
1,17,28079057,07,11
1,17,28079058,07,4
1,17,28079059,07,12
1,17,28079060,07,4
1,17,28079004,08,53
1,17,28079008,08,32
1,17,28079011,08,58
1,17,28079016,08,51
1,17,28079017,08,26
1,17,28079018,08,37
1,17,28079024,08,32
1,17,28079027,08,40
1,17,28079035,08,44
1,17,28079036,08,26
1,17,28079038,08,42
1,17,28079039,08,31
1,17,28079040,08,35
1,17,28079047,08,28
1,17,28079048,08,36
1,17,28079049,08,31
1,17,28079050,08,51
1,17,28079054,08,18
1,17,28079055,08,48
1,17,28079056,08,55
1,17,28079057,08,39
1,17,28079058,08,14
1,17,28079059,08,29
1,17,28079060,08,34
1,17,28079008,09,8
1,17,28079024,09,9
1,17,28079038,09,7
1,17,28079047,09,8
1,17,28079048,09,6
1,17,28079050,09,13
1,17,28079008,10,5
1,17,28079018,10,9
1,17,28079024,10,10
1,17,28079036,10,6
1,17,28079038,10,9
1,17,28079040,10,10
1,17,28079047,10,9
1,17,28079048,10,3
1,17,28079050,10,18
1,17,28079055,10,16
1,17,28079057,10,7
1,17,28079060,10,7
1,17,28079008,14,31
1,17,28079016,14,17
1,17,28079017,14,34
1,17,28079018,14,26
1,17,28079024,14,30
1,17,28079027,14,27
1,17,28079035,14,23
1,17,28079039,14,38
1,17,28079049,14,30
1,17,28079054,14,42
1,17,28079056,14,21
1,17,28079058,14,44
1,17,28079059,14,19
1,17,28079060,14,32
1,17,28079008,20,1.2
1,17,28079011,20,3.8
1,17,28079018,20,0.4
1,17,28079024,20,1.1
1,17,28079038,20,1
1,17,28079055,20,1.3
1,17,28079008,30,0.6
1,17,28079011,30,2.1
1,17,28079018,30,0.2
1,17,28079024,30,0.6
1,17,28079038,30,0.4
1,17,28079055,30,0.6
1,17,28079008,35,0.6
1,17,28079011,35,0.2
1,17,28079018,35,1
1,17,28079024,35,0.6
1,17,28079038,35,0.7
1,17,28079055,35,0.2
1,17,28079024,42,1.43
1,17,28079027,42,1.41
1,17,28079055,42,1.59
1,17,28079024,44,0.29
1,17,28079027,44,0.19
1,17,28079055,44,0.18
1,18,28079004,01,5
1,18,28079008,01,10
1,18,28079017,01,3
1,18,28079018,01,6
1,18,28079024,01,2
1,18,28079035,01,7
1,18,28079036,01,27
1,18,28079038,01,7
1,18,28079040,01,4
1,18,28079057,01,6
1,18,28079004,06,0.5
1,18,28079008,06,0.4
1,18,28079016,06,0.5
1,18,28079018,06,0.4
1,18,28079035,06,0.5
1,18,28079036,06,0.5
1,18,28079039,06,0.3
1,18,28079056,06,0.3
1,18,28079057,06,0.4
1,18,28079004,07,27
1,18,28079008,07,22
1,18,28079011,07,11
1,18,28079016,07,18
1,18,28079017,07,7
1,18,28079018,07,13
1,18,28079024,07,6
1,18,28079027,07,16
1,18,28079035,07,19
1,18,28079036,07,14
1,18,28079038,07,27
1,18,28079039,07,5
1,18,28079040,07,8
1,18,28079047,07,3
1,18,28079048,07,5
1,18,28079049,07,4
1,18,28079050,07,19
1,18,28079054,07,9
1,18,28079055,07,45
1,18,28079056,07,58
1,18,28079057,07,10
1,18,28079058,07,15
1,18,28079059,07,13
1,18,28079060,07,3
1,18,28079004,08,68
1,18,28079008,08,52
1,18,28079011,08,57
1,18,28079016,08,59
1,18,28079017,08,44
1,18,28079018,08,59
1,18,28079024,08,45
1,18,28079027,08,55
1,18,28079035,08,58
1,18,28079036,08,35
1,18,28079038,08,66
1,18,28079039,08,53
1,18,28079040,08,45
1,18,28079047,08,36
1,18,28079048,08,46
1,18,28079049,08,43
1,18,28079050,08,53
1,18,28079054,08,29
1,18,28079055,08,65
1,18,28079056,08,78
1,18,28079057,08,50
1,18,28079058,08,25
1,18,28079059,08,35
1,18,28079060,08,39
1,18,28079008,09,12
1,18,28079024,09,9
1,18,28079038,09,13
1,18,28079047,09,8
1,18,28079048,09,12
1,18,28079050,09,10
1,18,28079008,10,10
1,18,28079018,10,12
1,18,28079024,10,11
1,18,28079036,10,23
1,18,28079038,10,15
1,18,28079040,10,12
1,18,28079047,10,9
1,18,28079048,10,15
1,18,28079050,10,13
1,18,28079055,10,20
1,18,28079057,10,11
1,18,28079060,10,10
1,18,28079008,14,13
1,18,28079016,14,8
1,18,28079017,14,17
1,18,28079018,14,10
1,18,28079024,14,17
1,18,28079027,14,16
1,18,28079035,14,11
1,18,28079039,14,17
1,18,28079049,14,13
1,18,28079054,14,29
1,18,28079056,14,5
1,18,28079058,14,17
1,18,28079059,14,8
1,18,28079060,14,26
1,18,28079008,20,1.8
1,18,28079011,20,4.2
1,18,28079018,20,0.5
1,18,28079024,20,1.1
1,18,28079038,20,2.1
1,18,28079055,20,2.3
1,18,28079008,30,0.8
1,18,28079011,30,2.5
1,18,28079018,30,0.2
1,18,28079024,30,0.6
1,18,28079038,30,0.7
1,18,28079055,30,0.9
1,18,28079008,35,0.5
1,18,28079011,35,0.3
1,18,28079018,35,1
1,18,28079024,35,0.6
1,18,28079038,35,0.3
1,18,28079055,35,0.4
1,18,28079024,42,1.43
1,18,28079027,42,1.43
1,18,28079055,42,1.66
1,18,28079024,44,0.29
1,18,28079027,44,0.21
1,18,28079055,44,0.24
1,19,28079004,01,5
1,19,28079008,01,8
1,19,28079017,01,4
1,19,28079018,01,6
1,19,28079024,01,2
1,19,28079035,01,8
1,19,28079036,01,11
1,19,28079038,01,9
1,19,28079040,01,4
1,19,28079057,01,6
1,19,28079004,06,0.6
1,19,28079008,06,0.4
1,19,28079016,06,0.6
1,19,28079018,06,0.5
1,19,28079035,06,0.6
1,19,28079036,06,0.6
1,19,28079039,06,0.6
1,19,28079056,06,0.5
1,19,28079057,06,0.5
1,19,28079004,07,48
1,19,28079008,07,32
1,19,28079011,07,38
1,19,28079016,07,54
1,19,28079017,07,47
1,19,28079018,07,30
1,19,28079024,07,12
1,19,28079027,07,43
1,19,28079035,07,28
1,19,28079036,07,46
1,19,28079038,07,80
1,19,28079039,07,63
1,19,28079040,07,16
1,19,28079047,07,10
1,19,28079048,07,35
1,19,28079049,07,5
1,19,28079050,07,73
1,19,28079054,07,10
1,19,28079055,07,92
1,19,28079056,07,93
1,19,28079057,07,34
1,19,28079058,07,25
1,19,28079059,07,61
1,19,28079060,07,28
1,19,28079004,08,84
1,19,28079008,08,62
1,19,28079011,08,67
1,19,28079016,08,77
1,19,28079017,08,67
1,19,28079018,08,72
1,19,28079024,08,60
1,19,28079027,08,74
1,19,28079035,08,69
1,19,28079036,08,55
1,19,28079038,08,96
1,19,28079039,08,82
1,19,28079040,08,60
1,19,28079047,08,49
1,19,28079048,08,68
1,19,28079049,08,49
1,19,28079050,08,85
1,19,28079054,08,40
1,19,28079055,08,77
1,19,28079056,08,90
1,19,28079057,08,76
1,19,28079058,08,31
1,19,28079059,08,51
1,19,28079060,08,66
1,19,28079008,09,10
1,19,28079024,09,9
1,19,28079038,09,13
1,19,28079047,09,8
1,19,28079048,09,15
1,19,28079050,09,15
1,19,28079008,10,9
1,19,28079018,10,12
1,19,28079024,10,11
1,19,28079036,10,15
1,19,28079038,10,19
1,19,28079040,10,13
1,19,28079047,10,10
1,19,28079048,10,31
1,19,28079050,10,31
1,19,28079055,10,18
1,19,28079057,10,6
1,19,28079060,10,11
1,19,28079008,14,5
1,19,28079016,14,4
1,19,28079017,14,4
1,19,28079018,14,2
1,19,28079024,14,3
1,19,28079027,14,5
1,19,28079035,14,4
1,19,28079039,14,5
1,19,28079049,14,3
1,19,28079054,14,24
1,19,28079056,14,3
1,19,28079058,14,6
1,19,28079059,14,3
1,19,28079060,14,5
1,19,28079008,20,2.1
1,19,28079011,20,6
1,19,28079018,20,1
1,19,28079024,20,1.3
1,19,28079038,20,3.2
1,19,28079055,20,4
1,19,28079008,30,1
1,19,28079011,30,3.1
1,19,28079018,30,0.4
1,19,28079024,30,0.7
1,19,28079038,30,1.1
1,19,28079055,30,1.1
1,19,28079008,35,0.7
1,19,28079011,35,0.9
1,19,28079018,35,1
1,19,28079024,35,0.6
1,19,28079038,35,0.5
1,19,28079055,35,0.7
1,19,28079024,42,1.61
1,19,28079027,42,1.57
1,19,28079055,42,1.77
1,19,28079024,44,0.34
1,19,28079027,44,0.27
1,19,28079055,44,0.29
1,2,28079004,01,3
1,2,28079008,01,7
1,2,28079017,01,5
1,2,28079018,01,29
1,2,28079024,01,1
1,2,28079035,01,4
1,2,28079036,01,2
1,2,28079038,01,3
1,2,28079040,01,3
1,2,28079057,01,5
1,2,28079004,06,0.4
1,2,28079008,06,0.4
1,2,28079016,06,0.5
1,2,28079018,06,0.5
1,2,28079035,06,0.4
1,2,28079036,06,0.5
1,2,28079039,06,0.3
1,2,28079056,06,0.4
1,2,28079057,06,0.4
1,2,28079004,07,27
1,2,28079008,07,28
1,2,28079011,07,9
1,2,28079016,07,33
1,2,28079017,07,22
1,2,28079018,07,14
1,2,28079024,07,1
1,2,28079027,07,8
1,2,28079035,07,24
1,2,28079036,07,32
1,2,28079038,07,21
1,2,28079039,07,13
1,2,28079040,07,19
1,2,28079047,07,8
1,2,28079048,07,26
1,2,28079049,07,9
1,2,28079050,07,49
1,2,28079054,07,10
1,2,28079055,07,12
1,2,28079056,07,44
1,2,28079057,07,6
1,2,28079058,07,3
1,2,28079059,07,7
1,2,28079060,07,3
1,2,28079004,08,52
1,2,28079008,08,40
1,2,28079011,08,44
1,2,28079016,08,49
1,2,28079017,08,42
1,2,28079018,08,40
1,2,28079024,08,12
1,2,28079027,08,36
1,2,28079035,08,43
1,2,28079036,08,33
1,2,28079038,08,45
1,2,28079039,08,39
1,2,28079040,08,39
1,2,28079047,08,30
1,2,28079048,08,48
1,2,28079049,08,37
1,2,28079050,08,53
1,2,28079054,08,20
1,2,28079055,08,37
1,2,28079056,08,54
1,2,28079057,08,35
1,2,28079058,08,19
1,2,28079059,08,26
1,2,28079060,08,28
1,2,28079008,09,19
1,2,28079024,09,13
1,2,28079038,09,16
1,2,28079047,09,14
1,2,28079048,09,15
1,2,28079050,09,15
1,2,28079008,10,13
1,2,28079018,10,40
1,2,28079024,10,11
1,2,28079036,10,24
1,2,28079038,10,19
1,2,28079040,10,21
1,2,28079047,10,15
1,2,28079048,10,21
1,2,28079050,10,18
1,2,28079055,10,11
1,2,28079057,10,27
1,2,28079060,10,12
1,2,28079008,14,6
1,2,28079016,14,4
1,2,28079017,14,8
1,2,28079018,14,6
1,2,28079024,14,27
1,2,28079027,14,7
1,2,28079035,14,6
1,2,28079039,14,12
1,2,28079049,14,3
1,2,28079054,14,13
1,2,28079056,14,6
1,2,28079058,14,15
1,2,28079059,14,4
1,2,28079060,14,17
1,2,28079008,20,2.4
1,2,28079011,20,4.5
1,2,28079018,20,1.6
1,2,28079024,20,0.9
1,2,28079038,20,2.3
1,2,28079055,20,1.8
1,2,28079008,30,1.1
1,2,28079011,30,2.5
1,2,28079018,30,0.9
1,2,28079024,30,0.8
1,2,28079038,30,0.9
1,2,28079055,30,0.9
1,2,28079008,35,0.8
1,2,28079011,35,0.4
1,2,28079018,35,0.4
1,2,28079024,35,0.4
1,2,28079038,35,0.4
1,2,28079055,35,0.3
1,2,28079024,42,1.41
1,2,28079027,42,1.66
1,2,28079055,42,1.83
1,2,28079024,44,0.26
1,2,28079027,44,0.21
1,2,28079055,44,0.19
1,20,28079004,01,6
1,20,28079008,01,9
1,20,28079017,01,6
1,20,28079018,01,8
1,20,28079024,01,3
1,20,28079035,01,7
1,20,28079036,01,5
1,20,28079038,01,8
1,20,28079040,01,4
1,20,28079057,01,9
1,20,28079004,06,0.6
1,20,28079008,06,0.5
1,20,28079016,06,0.6
1,20,28079018,06,0.7
1,20,28079035,06,0.6
1,20,28079036,06,0.5
1,20,28079039,06,0.7
1,20,28079056,06,0.7
1,20,28079057,06,0.7
1,20,28079004,07,74
1,20,28079008,07,51
1,20,28079011,07,67
1,20,28079016,07,59
1,20,28079017,07,116
1,20,28079018,07,90
1,20,28079024,07,33
1,20,28079027,07,79
1,20,28079035,07,49
1,20,28079036,07,44
1,20,28079038,07,62
1,20,28079039,07,87
1,20,28079040,07,23
1,20,28079047,07,30
1,20,28079048,07,58
1,20,28079049,07,13
1,20,28079050,07,78
1,20,28079054,07,24
1,20,28079055,07,79
1,20,28079056,07,197
1,20,28079057,07,104
1,20,28079058,07,25
1,20,28079059,07,63
1,20,28079060,07,89
1,20,28079004,08,95
1,20,28079008,08,67
1,20,28079011,08,73
1,20,28079016,08,80
1,20,28079017,08,79
1,20,28079018,08,92
1,20,28079024,08,65
1,20,28079027,08,86
1,20,28079035,08,74
1,20,28079036,08,56
1,20,28079038,08,87
1,20,28079039,08,91
1,20,28079040,08,68
1,20,28079047,08,53
1,20,28079048,08,76
1,20,28079049,08,47
1,20,28079050,08,88
1,20,28079054,08,48
1,20,28079055,08,76
1,20,28079056,08,125
1,20,28079057,08,100
1,20,28079058,08,26
1,20,28079059,08,57
1,20,28079060,08,83
1,20,28079008,09,11
1,20,28079024,09,10
1,20,28079038,09,13
1,20,28079047,09,9
1,20,28079048,09,13
1,20,28079050,09,22
1,20,28079008,10,9
1,20,28079018,10,19
1,20,28079024,10,12
1,20,28079036,10,10
1,20,28079038,10,15
1,20,28079040,10,11
1,20,28079047,10,11
1,20,28079048,10,21
1,20,28079050,10,36
1,20,28079055,10,21
1,20,28079057,10,29
1,20,28079060,10,27
1,20,28079008,14,4
1,20,28079016,14,4
1,20,28079017,14,4
1,20,28079018,14,1
1,20,28079024,14,3
1,20,28079027,14,5
1,20,28079035,14,3
1,20,28079039,14,2
1,20,28079049,14,1
1,20,28079054,14,10
1,20,28079056,14,3
1,20,28079058,14,4
1,20,28079059,14,3
1,20,28079060,14,2
1,20,28079008,20,2.6
1,20,28079011,20,6.3
1,20,28079018,20,1.9
1,20,28079024,20,1.8
1,20,28079038,20,4
1,20,28079055,20,4.9
1,20,28079008,30,1.1
1,20,28079011,30,3.4
1,20,28079018,30,0.5
1,20,28079024,30,0.8
1,20,28079038,30,1.2
1,20,28079055,30,1.7
1,20,28079008,35,1
1,20,28079011,35,0.9
1,20,28079018,35,0.6
1,20,28079024,35,0.5
1,20,28079038,35,0.8
1,20,28079055,35,0.9
1,20,28079024,42,1.78
1,20,28079027,42,1.62
1,20,28079055,42,1.88
1,20,28079024,44,0.36
1,20,28079027,44,0.27
1,20,28079055,44,0.24
1,21,28079004,01,8
1,21,28079008,01,10
1,21,28079017,01,6
1,21,28079018,01,11
1,21,28079024,01,3
1,21,28079035,01,8
1,21,28079036,01,6
1,21,28079038,01,10
1,21,28079040,01,5
1,21,28079057,01,12
1,21,28079004,06,0.9
1,21,28079008,06,0.5
1,21,28079016,06,0.8
1,21,28079018,06,1
1,21,28079035,06,0.7
1,21,28079036,06,0.7
1,21,28079039,06,1.1
1,21,28079056,06,1.1
1,21,28079057,06,0.9
1,21,28079004,07,163
1,21,28079008,07,79
1,21,28079011,07,119
1,21,28079016,07,84
1,21,28079017,07,143
1,21,28079018,07,155
1,21,28079024,07,36
1,21,28079027,07,74
1,21,28079035,07,77
1,21,28079036,07,104
1,21,28079038,07,107
1,21,28079039,07,150
1,21,28079040,07,51
1,21,28079047,07,91
1,21,28079048,07,86
1,21,28079049,07,27
1,21,28079050,07,104
1,21,28079054,07,39
1,21,28079055,07,110
1,21,28079056,07,271
1,21,28079057,07,198
1,21,28079058,07,23
1,21,28079059,07,64
1,21,28079060,07,118
1,21,28079004,08,107
1,21,28079008,08,75
1,21,28079011,08,84
1,21,28079016,08,86
1,21,28079017,08,86
1,21,28079018,08,110
1,21,28079024,08,67
1,21,28079027,08,84
1,21,28079035,08,81
1,21,28079036,08,73
1,21,28079038,08,97
1,21,28079039,08,100
1,21,28079040,08,79
1,21,28079047,08,63
1,21,28079048,08,82
1,21,28079049,08,45
1,21,28079050,08,97
1,21,28079054,08,57
1,21,28079055,08,85
1,21,28079056,08,144
1,21,28079057,08,131
1,21,28079058,08,25
1,21,28079059,08,52
1,21,28079060,08,82
1,21,28079008,09,13
1,21,28079024,09,12
1,21,28079038,09,15
1,21,28079047,09,15
1,21,28079048,09,11
1,21,28079050,09,22
1,21,28079008,10,11
1,21,28079018,10,29
1,21,28079024,10,13
1,21,28079036,10,18
1,21,28079038,10,18
1,21,28079040,10,15
1,21,28079047,10,20
1,21,28079048,10,19
1,21,28079050,10,32
1,21,28079055,10,23
1,21,28079057,10,45
1,21,28079060,10,28
1,21,28079008,14,4
1,21,28079016,14,3
1,21,28079017,14,4
1,21,28079018,14,1
1,21,28079024,14,3
1,21,28079027,14,5
1,21,28079035,14,2
1,21,28079039,14,2
1,21,28079049,14,1
1,21,28079054,14,6
1,21,28079056,14,3
1,21,28079058,14,2
1,21,28079059,14,2
1,21,28079060,14,2
1,21,28079008,20,4.7
1,21,28079011,20,7.1
1,21,28079018,20,3.4
1,21,28079024,20,2.3
1,21,28079038,20,7.6
1,21,28079055,20,4.7
1,21,28079008,30,1.8
1,21,28079011,30,3.6
1,21,28079018,30,0.9
1,21,28079024,30,0.9
1,21,28079038,30,2.1
1,21,28079055,30,1.9
1,21,28079008,35,1.1
1,21,28079011,35,1
1,21,28079018,35,0.3
1,21,28079024,35,0.5
1,21,28079038,35,1.3
1,21,28079055,35,0.8
1,21,28079024,42,1.57
1,21,28079027,42,1.74
1,21,28079055,42,2.02
1,21,28079024,44,0.32
1,21,28079027,44,0.27
1,21,28079055,44,0.28
1,22,28079004,01,6
1,22,28079008,01,11
1,22,28079017,01,6
1,22,28079018,01,8
1,22,28079024,01,2
1,22,28079035,01,8
1,22,28079036,01,5
1,22,28079038,01,10
1,22,28079040,01,6
1,22,28079057,01,9
1,22,28079004,06,0.7
1,22,28079008,06,0.6
1,22,28079016,06,1
1,22,28079018,06,0.8
1,22,28079035,06,0.6
1,22,28079036,06,0.6
1,22,28079039,06,0.8
1,22,28079056,06,1.1
1,22,28079057,06,0.6
1,22,28079004,07,90
1,22,28079008,07,104
1,22,28079011,07,77
1,22,28079016,07,149
1,22,28079017,07,120
1,22,28079018,07,73
1,22,28079024,07,15
1,22,28079027,07,93
1,22,28079035,07,72
1,22,28079036,07,89
1,22,28079038,07,55
1,22,28079039,07,102
1,22,28079040,07,85
1,22,28079047,07,116
1,22,28079048,07,79
1,22,28079049,07,56
1,22,28079050,07,70
1,22,28079054,07,66
1,22,28079055,07,170
1,22,28079056,07,309
1,22,28079057,07,74
1,22,28079058,07,20
1,22,28079059,07,115
1,22,28079060,07,119
1,22,28079004,08,84
1,22,28079008,08,79
1,22,28079011,08,77
1,22,28079016,08,103
1,22,28079017,08,83
1,22,28079018,08,88
1,22,28079024,08,56
1,22,28079027,08,84
1,22,28079035,08,78
1,22,28079036,08,70
1,22,28079038,08,79
1,22,28079039,08,91
1,22,28079040,08,89
1,22,28079047,08,66
1,22,28079048,08,84
1,22,28079049,08,50
1,22,28079050,08,85
1,22,28079054,08,64
1,22,28079055,08,97
1,22,28079056,08,142
1,22,28079057,08,88
1,22,28079058,08,19
1,22,28079059,08,46
1,22,28079060,08,92
1,22,28079008,09,16
1,22,28079024,09,9
1,22,28079038,09,9
1,22,28079047,09,19
1,22,28079048,09,3
1,22,28079050,09,16
1,22,28079008,10,11
1,22,28079018,10,21
1,22,28079024,10,10
1,22,28079036,10,18
1,22,28079038,10,13
1,22,28079040,10,20
1,22,28079047,10,24
1,22,28079048,10,6
1,22,28079050,10,24
1,22,28079055,10,21
1,22,28079057,10,25
1,22,28079060,10,31
1,22,28079008,14,4
1,22,28079016,14,3
1,22,28079017,14,3
1,22,28079018,14,1
1,22,28079024,14,2
1,22,28079027,14,4
1,22,28079035,14,3
1,22,28079039,14,2
1,22,28079049,14,2
1,22,28079054,14,4
1,22,28079056,14,3
1,22,28079058,14,2
1,22,28079059,14,2
1,22,28079060,14,1
1,22,28079008,20,5
1,22,28079011,20,8.3
1,22,28079018,20,4.1
1,22,28079024,20,1.8
1,22,28079038,20,4.2
1,22,28079055,20,5.2
1,22,28079008,30,2.1
1,22,28079011,30,3.9
1,22,28079018,30,1.1
1,22,28079024,30,1
1,22,28079038,30,1.3
1,22,28079055,30,1.9
1,22,28079008,35,1.2
1,22,28079011,35,1.9
1,22,28079018,35,0.3
1,22,28079024,35,0.5
1,22,28079038,35,0.8
1,22,28079055,35,0.9
1,22,28079024,42,1.41
1,22,28079027,42,2.01
1,22,28079055,42,2.31
1,22,28079024,44,0.28
1,22,28079027,44,0.34
1,22,28079055,44,0.37
1,23,28079004,01,4
1,23,28079008,01,11
1,23,28079017,01,5
1,23,28079018,01,9
1,23,28079024,01,2
1,23,28079035,01,6
1,23,28079036,01,7
1,23,28079038,01,7
1,23,28079040,01,6
1,23,28079057,01,9
1,23,28079004,06,0.5
1,23,28079008,06,0.7
1,23,28079016,06,1
1,23,28079018,06,0.9
1,23,28079035,06,0.5
1,23,28079036,06,1
1,23,28079039,06,0.6
1,23,28079056,06,1.2
1,23,28079057,06,0.7
1,23,28079004,07,43
1,23,28079008,07,103
1,23,28079011,07,65
1,23,28079016,07,143
1,23,28079017,07,80
1,23,28079018,07,93
1,23,28079024,07,12
1,23,28079027,07,72
1,23,28079035,07,29
1,23,28079036,07,178
1,23,28079038,07,62
1,23,28079039,07,64
1,23,28079040,07,83
1,23,28079047,07,250
1,23,28079048,07,43
1,23,28079049,07,41
1,23,28079050,07,72
1,23,28079054,07,91
1,23,28079055,07,138
1,23,28079056,07,392
1,23,28079057,07,107
1,23,28079058,07,19
1,23,28079059,07,113
1,23,28079060,07,48
1,23,28079004,08,64
1,23,28079008,08,78
1,23,28079011,08,72
1,23,28079016,08,95
1,23,28079017,08,68
1,23,28079018,08,79
1,23,28079024,08,51
1,23,28079027,08,72
1,23,28079035,08,60
1,23,28079036,08,87
1,23,28079038,08,81
1,23,28079039,08,78
1,23,28079040,08,89
1,23,28079047,08,88
1,23,28079048,08,71
1,23,28079049,08,52
1,23,28079050,08,80
1,23,28079054,08,66
1,23,28079055,08,83
1,23,28079056,08,169
1,23,28079057,08,91
1,23,28079058,08,16
1,23,28079059,08,45
1,23,28079060,08,69
1,23,28079008,09,18
1,23,28079024,09,9
1,23,28079038,09,12
1,23,28079047,09,29
1,23,28079048,09,10
1,23,28079050,09,17
1,23,28079008,10,13
1,23,28079018,10,22
1,23,28079024,10,9
1,23,28079036,10,18
1,23,28079038,10,15
1,23,28079040,10,22
1,23,28079047,10,35
1,23,28079048,10,12
1,23,28079050,10,25
1,23,28079055,10,23
1,23,28079057,10,13
1,23,28079060,10,7
1,23,28079008,14,4
1,23,28079016,14,4
1,23,28079017,14,3
1,23,28079018,14,1
1,23,28079024,14,4
1,23,28079027,14,4
1,23,28079035,14,4
1,23,28079039,14,2
1,23,28079049,14,1
1,23,28079054,14,4
1,23,28079056,14,3
1,23,28079058,14,2
1,23,28079059,14,2
1,23,28079060,14,1
1,23,28079008,20,5.8
1,23,28079011,20,6.2
1,23,28079018,20,3.5
1,23,28079024,20,1.4
1,23,28079038,20,2.9
1,23,28079055,20,3.6
1,23,28079008,30,2.2
1,23,28079011,30,3.1
1,23,28079018,30,1.3
1,23,28079024,30,0.8
1,23,28079038,30,0.9
1,23,28079055,30,1.6
1,23,28079008,35,1.3
1,23,28079011,35,0.9
1,23,28079018,35,0.3
1,23,28079024,35,0.4
1,23,28079038,35,0.5
1,23,28079055,35,0.8
1,23,28079024,42,1.41
1,23,28079027,42,1.79
1,23,28079055,42,2.54
1,23,28079024,44,0.27
1,23,28079027,44,0.28
1,23,28079055,44,0.42
1,24,28079004,01,8
1,24,28079008,01,10
1,24,28079017,01,5
1,24,28079018,01,25
1,24,28079024,01,2
1,24,28079035,01,6
1,24,28079036,01,6
1,24,28079038,01,5
1,24,28079040,01,6
1,24,28079057,01,8
1,24,28079004,06,0.9
1,24,28079008,06,0.6
1,24,28079016,06,1.2
1,24,28079018,06,0.8
1,24,28079035,06,0.5
1,24,28079036,06,0.8
1,24,28079039,06,0.8
1,24,28079056,06,1.1
1,24,28079057,06,0.7
1,24,28079004,07,211
1,24,28079008,07,77
1,24,28079011,07,68
1,24,28079016,07,172
1,24,28079017,07,106
1,24,28079018,07,95
1,24,28079024,07,40
1,24,28079027,07,113
1,24,28079035,07,40
1,24,28079036,07,127
1,24,28079038,07,27
1,24,28079039,07,105
1,24,28079040,07,79
1,24,28079047,07,172
1,24,28079048,07,18
1,24,28079049,07,29
1,24,28079050,07,51
1,24,28079054,07,21
1,24,28079055,07,121
1,24,28079056,07,281
1,24,28079057,07,88
1,24,28079058,07,16
1,24,28079059,07,98
1,24,28079060,07,43
1,24,28079004,08,80
1,24,28079008,08,68
1,24,28079011,08,71
1,24,28079016,08,92
1,24,28079017,08,66
1,24,28079018,08,70
1,24,28079024,08,43
1,24,28079027,08,72
1,24,28079035,08,60
1,24,28079036,08,75
1,24,28079038,08,67
1,24,28079039,08,85
1,24,28079040,08,78
1,24,28079047,08,73
1,24,28079048,08,58
1,24,28079049,08,46
1,24,28079050,08,67
1,24,28079054,08,44
1,24,28079055,08,70
1,24,28079056,08,132
1,24,28079057,08,82
1,24,28079058,08,13
1,24,28079059,08,42
1,24,28079060,08,62
1,24,28079008,09,15
1,24,28079024,09,9
1,24,28079038,09,11
1,24,28079047,09,21
1,24,28079048,09,6
1,24,28079050,09,11
1,24,28079008,10,11
1,24,28079018,10,18
1,24,28079024,10,9
1,24,28079036,10,19
1,24,28079038,10,13
1,24,28079040,10,18
1,24,28079047,10,23
1,24,28079048,10,9
1,24,28079050,10,18
1,24,28079055,10,22
1,24,28079057,10,18
1,24,28079060,10,6
1,24,28079008,14,4
1,24,28079016,14,4
1,24,28079017,14,3
1,24,28079018,14,1
1,24,28079024,14,3
1,24,28079027,14,4
1,24,28079035,14,3
1,24,28079039,14,2
1,24,28079049,14,1
1,24,28079054,14,5
1,24,28079056,14,3
1,24,28079058,14,2
1,24,28079059,14,2
1,24,28079060,14,1
1,24,28079008,20,4.7
1,24,28079011,20,7.6
1,24,28079018,20,3.6
1,24,28079024,20,1.3
1,24,28079038,20,4.6
1,24,28079055,20,3.6
1,24,28079008,30,1.8
1,24,28079011,30,3.7
1,24,28079018,30,0.8
1,24,28079024,30,0.9
1,24,28079038,30,1.4
1,24,28079055,30,1.8
1,24,28079008,35,1.1
1,24,28079011,35,1.6
1,24,28079018,35,0.3
1,24,28079024,35,0.4
1,24,28079038,35,0.9
1,24,28079055,35,0.9
1,24,28079024,42,1.48
1,24,28079027,42,1.7
1,24,28079055,42,1.96
1,24,28079024,44,0.3
1,24,28079027,44,0.25
1,24,28079055,44,0.33
1,3,28079004,01,3
1,3,28079008,01,7
1,3,28079017,01,4
1,3,28079018,01,11
1,3,28079024,01,1
1,3,28079035,01,3
1,3,28079036,01,2
1,3,28079038,01,3
1,3,28079040,01,3
1,3,28079057,01,4
1,3,28079004,06,0.3
1,3,28079008,06,0.3
1,3,28079016,06,0.4
1,3,28079018,06,0.3
1,3,28079035,06,0.3
1,3,28079036,06,0.4
1,3,28079039,06,0.3
1,3,28079056,06,0.2
1,3,28079057,06,0.3
1,3,28079004,07,12
1,3,28079008,07,27
1,3,28079011,07,7
1,3,28079016,07,16
1,3,28079017,07,6
1,3,28079018,07,3
1,3,28079024,07,1
1,3,28079027,07,12
1,3,28079035,07,12
1,3,28079036,07,18
1,3,28079038,07,16
1,3,28079039,07,7
1,3,28079040,07,15
1,3,28079047,07,7
1,3,28079048,07,17
1,3,28079049,07,5
1,3,28079050,07,32
1,3,28079054,07,9
1,3,28079055,07,15
1,3,28079056,07,23
1,3,28079057,07,3
1,3,28079058,07,2
1,3,28079059,07,7
1,3,28079060,07,1
1,3,28079004,08,35
1,3,28079008,08,40
1,3,28079011,08,43
1,3,28079016,08,45
1,3,28079017,08,32
1,3,28079018,08,28
1,3,28079024,08,12
1,3,28079027,08,42
1,3,28079035,08,35
1,3,28079036,08,34
1,3,28079038,08,37
1,3,28079039,08,35
1,3,28079040,08,44
1,3,28079047,08,34
1,3,28079048,08,41
1,3,28079049,08,35
1,3,28079050,08,41
1,3,28079054,08,24
1,3,28079055,08,42
1,3,28079056,08,44
1,3,28079057,08,27
1,3,28079058,08,15
1,3,28079059,08,26
1,3,28079060,08,25
1,3,28079008,09,12
1,3,28079024,09,7
1,3,28079038,09,6
1,3,28079047,09,13
1,3,28079048,09,6
1,3,28079050,09,11
1,3,28079008,10,7
1,3,28079018,10,10
1,3,28079024,10,5
1,3,28079036,10,14
1,3,28079038,10,8
1,3,28079040,10,30
1,3,28079047,10,11
1,3,28079048,10,9
1,3,28079050,10,11
1,3,28079055,10,13
1,3,28079057,10,7
1,3,28079060,10,5
1,3,28079008,14,14
1,3,28079016,14,12
1,3,28079017,14,20
1,3,28079018,14,17
1,3,28079024,14,29
1,3,28079027,14,4
1,3,28079035,14,15
1,3,28079039,14,14
1,3,28079049,14,13
1,3,28079054,14,15
1,3,28079056,14,12
1,3,28079058,14,16
1,3,28079059,14,10
1,3,28079060,14,18
1,3,28079008,20,2.5
1,3,28079011,20,3.9
1,3,28079018,20,0.9
1,3,28079024,20,0.8
1,3,28079038,20,1.7
1,3,28079055,20,2.2
1,3,28079008,30,1.2
1,3,28079011,30,2.3
1,3,28079018,30,0.4
1,3,28079024,30,0.7
1,3,28079038,30,0.7
1,3,28079055,30,1
1,3,28079008,35,0.8
1,3,28079011,35,0.2
1,3,28079018,35,0.9
1,3,28079024,35,0.5
1,3,28079038,35,0.3
1,3,28079055,35,0.3
1,3,28079024,42,1.4
1,3,28079027,42,1.68
1,3,28079055,42,1.94
1,3,28079024,44,0.26
1,3,28079027,44,0.21
1,3,28079055,44,0.2
1,4,28079004,01,3
1,4,28079008,01,7
1,4,28079017,01,3
1,4,28079018,01,7
1,4,28079024,01,1
1,4,28079035,01,3
1,4,28079036,01,1
1,4,28079038,01,3
1,4,28079040,01,3
1,4,28079057,01,4
1,4,28079004,06,0.3
1,4,28079008,06,0.3
1,4,28079016,06,0.3
1,4,28079018,06,0.3
1,4,28079035,06,0.3
1,4,28079036,06,0.3
1,4,28079039,06,0.2
1,4,28079056,06,0.2
1,4,28079057,06,0.3
1,4,28079004,07,5
1,4,28079008,07,17
1,4,28079011,07,1
1,4,28079016,07,3
1,4,28079017,07,3
1,4,28079018,07,1
1,4,28079024,07,1
1,4,28079027,07,4
1,4,28079035,07,25
1,4,28079036,07,5
1,4,28079038,07,7
1,4,28079039,07,6
1,4,28079040,07,6
1,4,28079047,07,2
1,4,28079048,07,5
1,4,28079049,07,1
1,4,28079050,07,15
1,4,28079054,07,6
1,4,28079055,07,6
1,4,28079056,07,10
1,4,28079057,07,2
1,4,28079058,07,3
1,4,28079059,07,2
1,4,28079060,07,1
1,4,28079004,08,19
1,4,28079008,08,34
1,4,28079011,08,27
1,4,28079016,08,26
1,4,28079017,08,24
1,4,28079018,08,21
1,4,28079024,08,6
1,4,28079027,08,29
1,4,28079035,08,29
1,4,28079036,08,25
1,4,28079038,08,25
1,4,28079039,08,32
1,4,28079040,08,33
1,4,28079047,08,27
1,4,28079048,08,25
1,4,28079049,08,20
1,4,28079050,08,28
1,4,28079054,08,21
1,4,28079055,08,39
1,4,28079056,08,34
1,4,28079057,08,24
1,4,28079058,08,13
1,4,28079059,08,11
1,4,28079060,08,23
1,4,28079008,09,7
1,4,28079024,09,5
1,4,28079038,09,3
1,4,28079047,09,6
1,4,28079048,09,4
1,4,28079050,09,7
1,4,28079008,10,4
1,4,28079018,10,4
1,4,28079024,10,4
1,4,28079036,10,7
1,4,28079038,10,5
1,4,28079040,10,7
1,4,28079047,10,5
1,4,28079048,10,7
1,4,28079050,10,8
1,4,28079055,10,11
1,4,28079057,10,9
1,4,28079060,10,7
1,4,28079008,14,18
1,4,28079016,14,25
1,4,28079017,14,28
1,4,28079018,14,24
1,4,28079024,14,37
1,4,28079027,14,22
1,4,28079035,14,22
1,4,28079039,14,13
1,4,28079049,14,26
1,4,28079054,14,21
1,4,28079056,14,22
1,4,28079058,14,22
1,4,28079059,14,27
1,4,28079060,14,23
1,4,28079008,20,1.3
1,4,28079011,20,2.3
1,4,28079018,20,0.4
1,4,28079024,20,0.7
1,4,28079038,20,0.9
1,4,28079055,20,1.9
1,4,28079008,30,0.7
1,4,28079011,30,1.6
1,4,28079018,30,0.2
1,4,28079024,30,0.5
1,4,28079038,30,0.4
1,4,28079055,30,0.8
1,4,28079008,35,0.6
1,4,28079011,35,1
1,4,28079018,35,1
1,4,28079024,35,0.5
1,4,28079038,35,0.6
1,4,28079055,35,0.3
1,4,28079024,42,1.37
1,4,28079027,42,1.32
1,4,28079055,42,1.51
1,4,28079024,44,0.25
1,4,28079027,44,0.15
1,4,28079055,44,0.15
1,5,28079004,01,3
1,5,28079008,01,6
1,5,28079017,01,3
1,5,28079018,01,5
1,5,28079024,01,1
1,5,28079035,01,3
1,5,28079036,01,1
1,5,28079038,01,2
1,5,28079040,01,3
1,5,28079057,01,4
1,5,28079004,06,0.2
1,5,28079008,06,0.3
1,5,28079016,06,0.3
1,5,28079018,06,0.3
1,5,28079035,06,0.2
1,5,28079036,06,0.2
1,5,28079039,06,0.2
1,5,28079056,06,0.2
1,5,28079057,06,0.3
1,5,28079004,07,2
1,5,28079008,07,9
1,5,28079011,07,1
1,5,28079016,07,2
1,5,28079017,07,1
1,5,28079018,07,1
1,5,28079024,07,1
1,5,28079027,07,2
1,5,28079035,07,5
1,5,28079036,07,3
1,5,28079038,07,4
1,5,28079039,07,1
1,5,28079040,07,4
1,5,28079047,07,1
1,5,28079048,07,3
1,5,28079049,07,1
1,5,28079050,07,18
1,5,28079054,07,3
1,5,28079055,07,4
1,5,28079056,07,4
1,5,28079057,07,1
1,5,28079058,07,2
1,5,28079059,07,2
1,5,28079060,07,1
1,5,28079004,08,14
1,5,28079008,08,28
1,5,28079011,08,28
1,5,28079016,08,20
1,5,28079017,08,13
1,5,28079018,08,11
1,5,28079024,08,3
1,5,28079027,08,22
1,5,28079035,08,17
1,5,28079036,08,15
1,5,28079038,08,17
1,5,28079039,08,20
1,5,28079040,08,26
1,5,28079047,08,13
1,5,28079048,08,16
1,5,28079049,08,12
1,5,28079050,08,26
1,5,28079054,08,9
1,5,28079055,08,28
1,5,28079056,08,20
1,5,28079057,08,19
1,5,28079058,08,4
1,5,28079059,08,9
1,5,28079060,08,16
1,5,28079008,09,5
1,5,28079024,09,3
1,5,28079038,09,3
1,5,28079047,09,4
1,5,28079048,09,1
1,5,28079050,09,5
1,5,28079008,10,3
1,5,28079018,10,3
1,5,28079024,10,2
1,5,28079036,10,2
1,5,28079038,10,3
1,5,28079040,10,5
1,5,28079047,10,3
1,5,28079048,10,3
1,5,28079050,10,4
1,5,28079055,10,6
1,5,28079057,10,4
1,5,28079060,10,4
1,5,28079008,14,23
1,5,28079016,14,30
1,5,28079017,14,37
1,5,28079018,14,34
1,5,28079024,14,43
1,5,28079027,14,26
1,5,28079035,14,32
1,5,28079039,14,35
1,5,28079049,14,35
1,5,28079054,14,39
1,5,28079056,14,36
1,5,28079058,14,34
1,5,28079059,14,31
1,5,28079060,14,31
1,5,28079008,20,1
1,5,28079011,20,2.1
1,5,28079018,20,0.3
1,5,28079024,20,0.5
1,5,28079038,20,0.5
1,5,28079055,20,1.3
1,5,28079008,30,0.6
1,5,28079011,30,1.5
1,5,28079018,30,0.2
1,5,28079024,30,0.5
1,5,28079038,30,0.2
1,5,28079055,30,0.6
1,5,28079008,35,0.6
1,5,28079011,35,1
1,5,28079018,35,1
1,5,28079024,35,0.5
1,5,28079038,35,1
1,5,28079055,35,0.2
1,5,28079024,42,1.34
1,5,28079027,42,1.4
1,5,28079055,42,1.64
1,5,28079024,44,0.24
1,5,28079027,44,0.16
1,5,28079055,44,0.17
1,6,28079004,01,3
1,6,28079008,01,6
1,6,28079017,01,3
1,6,28079018,01,5
1,6,28079024,01,1
1,6,28079035,01,3
1,6,28079036,01,1
1,6,28079038,01,2
1,6,28079040,01,3
1,6,28079057,01,4
1,6,28079004,06,0.2
1,6,28079008,06,0.3
1,6,28079016,06,0.3
1,6,28079018,06,0.3
1,6,28079035,06,0.2
1,6,28079036,06,0.2
1,6,28079039,06,0.2
1,6,28079056,06,0.2
1,6,28079057,06,0.3
1,6,28079004,07,2
1,6,28079008,07,12
1,6,28079011,07,1
1,6,28079016,07,3
1,6,28079017,07,4
1,6,28079018,07,1
1,6,28079024,07,1
1,6,28079027,07,1
1,6,28079035,07,4
1,6,28079036,07,3
1,6,28079038,07,4
1,6,28079039,07,1
1,6,28079040,07,3
1,6,28079047,07,1
1,6,28079048,07,2
1,6,28079049,07,1
1,6,28079050,07,13
1,6,28079054,07,4
1,6,28079055,07,3
1,6,28079056,07,3
1,6,28079057,07,1
1,6,28079058,07,2
1,6,28079059,07,2
1,6,28079060,07,1
1,6,28079004,08,14
1,6,28079008,08,26
1,6,28079011,08,21
1,6,28079016,08,22
1,6,28079017,08,18
1,6,28079018,08,11
1,6,28079024,08,3
1,6,28079027,08,18
1,6,28079035,08,13
1,6,28079036,08,12
1,6,28079038,08,18
1,6,28079039,08,16
1,6,28079040,08,17
1,6,28079047,08,10
1,6,28079048,08,15
1,6,28079049,08,10
1,6,28079050,08,25
1,6,28079054,08,15
1,6,28079055,08,22
1,6,28079056,08,19
1,6,28079057,08,13
1,6,28079058,08,3
1,6,28079059,08,7
1,6,28079060,08,14
1,6,28079008,09,6
1,6,28079024,09,3
1,6,28079038,09,4
1,6,28079047,09,3
1,6,28079048,09,1
1,6,28079050,09,5
1,6,28079008,10,3
1,6,28079018,10,3
1,6,28079024,10,2
1,6,28079036,10,3
1,6,28079038,10,5
1,6,28079040,10,3
1,6,28079047,10,3
1,6,28079048,10,4
1,6,28079050,10,4
1,6,28079055,10,4
1,6,28079057,10,4
1,6,28079060,10,3
1,6,28079008,14,26
1,6,28079016,14,29
1,6,28079017,14,34
1,6,28079018,14,33
1,6,28079024,14,39
1,6,28079027,14,31
1,6,28079035,14,35
1,6,28079039,14,33
1,6,28079049,14,37
1,6,28079054,14,34
1,6,28079056,14,36
1,6,28079058,14,26
1,6,28079059,14,30
1,6,28079060,14,21
1,6,28079008,20,0.7
1,6,28079011,20,1.6
1,6,28079018,20,0.2
1,6,28079024,20,0.5
1,6,28079038,20,0.5
1,6,28079055,20,1
1,6,28079008,30,0.5
1,6,28079011,30,1.3
1,6,28079018,30,0.1
1,6,28079024,30,0.5
1,6,28079038,30,0.3
1,6,28079055,30,0.4
1,6,28079008,35,0.4
1,6,28079011,35,1
1,6,28079018,35,1
1,6,28079024,35,0.4
1,6,28079038,35,0.7
1,6,28079055,35,0.2
1,6,28079024,42,1.34
1,6,28079027,42,1.32
1,6,28079055,42,1.52
1,6,28079024,44,0.24
1,6,28079027,44,0.15
1,6,28079055,44,0.14
1,7,28079004,01,2
1,7,28079008,01,6
1,7,28079017,01,3
1,7,28079018,01,6
1,7,28079024,01,1
1,7,28079035,01,3
1,7,28079036,01,1
1,7,28079038,01,2
1,7,28079040,01,3
1,7,28079057,01,4
1,7,28079004,06,0.2
1,7,28079008,06,0.3
1,7,28079016,06,0.3
1,7,28079018,06,0.2
1,7,28079035,06,0.2
1,7,28079036,06,0.2
1,7,28079039,06,0.2
1,7,28079056,06,0.2
1,7,28079057,06,0.3
1,7,28079004,07,2
1,7,28079008,07,8
1,7,28079011,07,1
1,7,28079016,07,2
1,7,28079017,07,2
1,7,28079018,07,1
1,7,28079024,07,1
1,7,28079027,07,6
1,7,28079035,07,3
1,7,28079036,07,2
1,7,28079038,07,5
1,7,28079039,07,1
1,7,28079040,07,5
1,7,28079047,07,1
1,7,28079048,07,2
1,7,28079049,07,1
1,7,28079050,07,21
1,7,28079054,07,3
1,7,28079055,07,16
1,7,28079056,07,6
1,7,28079057,07,1
1,7,28079058,07,5
1,7,28079059,07,2
1,7,28079060,07,1
1,7,28079004,08,13
1,7,28079008,08,25
1,7,28079011,08,30
1,7,28079016,08,22
1,7,28079017,08,18
1,7,28079018,08,11
1,7,28079024,08,3
1,7,28079027,08,32
1,7,28079035,08,12
1,7,28079036,08,10
1,7,28079038,08,21
1,7,28079039,08,16
1,7,28079040,08,22
1,7,28079047,08,9
1,7,28079048,08,17
1,7,28079049,08,9
1,7,28079050,08,32
1,7,28079054,08,9
1,7,28079055,08,41
1,7,28079056,08,21
1,7,28079057,08,15
1,7,28079058,08,10
1,7,28079059,08,11
1,7,28079060,08,13
1,7,28079008,09,6
1,7,28079024,09,4
1,7,28079038,09,6
1,7,28079047,09,4
1,7,28079048,09,3
1,7,28079050,09,7
1,7,28079008,10,4
1,7,28079018,10,3
1,7,28079024,10,3
1,7,28079036,10,2
1,7,28079038,10,5
1,7,28079040,10,5
1,7,28079047,10,3
1,7,28079048,10,6
1,7,28079050,10,6
1,7,28079055,10,11
1,7,28079057,10,6
1,7,28079060,10,4
1,7,28079008,14,26
1,7,28079016,14,29
1,7,28079017,14,34
1,7,28079018,14,35
1,7,28079024,14,37
1,7,28079027,14,13
1,7,28079035,14,37
1,7,28079039,14,33
1,7,28079049,14,36
1,7,28079054,14,40
1,7,28079056,14,34
1,7,28079058,14,18
1,7,28079059,14,18
1,7,28079060,14,35
1,7,28079008,20,0.8
1,7,28079011,20,2.2
1,7,28079018,20,0.3
1,7,28079024,20,0.4
1,7,28079038,20,0.5
1,7,28079055,20,1
1,7,28079008,30,0.5
1,7,28079011,30,1.5
1,7,28079018,30,0.1
1,7,28079024,30,0.5
1,7,28079038,30,0.2
1,7,28079055,30,0.5
1,7,28079008,35,0.5
1,7,28079011,35,1
1,7,28079018,35,1
1,7,28079024,35,0.5
1,7,28079038,35,1
1,7,28079055,35,0.2
1,7,28079024,42,1.34
1,7,28079027,42,1.51
1,7,28079055,42,1.89
1,7,28079024,44,0.24
1,7,28079027,44,0.18
1,7,28079055,44,0.22
1,8,28079004,01,2
1,8,28079008,01,7
1,8,28079017,01,3
1,8,28079018,01,5
1,8,28079024,01,1
1,8,28079035,01,3
1,8,28079036,01,1
1,8,28079038,01,2
1,8,28079040,01,3
1,8,28079057,01,4
1,8,28079004,06,0.3
1,8,28079008,06,0.2
1,8,28079016,06,0.3
1,8,28079018,06,0.2
1,8,28079035,06,0.3
1,8,28079036,06,0.2
1,8,28079039,06,0.2
1,8,28079056,06,0.2
1,8,28079057,06,0.3
1,8,28079004,07,3
1,8,28079008,07,7
1,8,28079011,07,1
1,8,28079016,07,2
1,8,28079017,07,2
1,8,28079018,07,1
1,8,28079024,07,1
1,8,28079027,07,3
1,8,28079035,07,4
1,8,28079036,07,3
1,8,28079038,07,4
1,8,28079039,07,2
1,8,28079040,07,3
1,8,28079047,07,1
1,8,28079048,07,3
1,8,28079049,07,1
1,8,28079050,07,32
1,8,28079054,07,4
1,8,28079055,07,25
1,8,28079056,07,3
1,8,28079057,07,3
1,8,28079058,07,5
1,8,28079059,07,2
1,8,28079060,07,1
1,8,28079004,08,20
1,8,28079008,08,20
1,8,28079011,08,28
1,8,28079016,08,21
1,8,28079017,08,17
1,8,28079018,08,14
1,8,28079024,08,3
1,8,28079027,08,33
1,8,28079035,08,14
1,8,28079036,08,10
1,8,28079038,08,18
1,8,28079039,08,20
1,8,28079040,08,20
1,8,28079047,08,9
1,8,28079048,08,24
1,8,28079049,08,12
1,8,28079050,08,40
1,8,28079054,08,11
1,8,28079055,08,46
1,8,28079056,08,20
1,8,28079057,08,20
1,8,28079058,08,11
1,8,28079059,08,11
1,8,28079060,08,17
1,8,28079008,09,6
1,8,28079024,09,4
1,8,28079038,09,6
1,8,28079047,09,4
1,8,28079048,09,5
1,8,28079050,09,8
1,8,28079008,10,4
1,8,28079018,10,3
1,8,28079024,10,3
1,8,28079036,10,3
1,8,28079038,10,5
1,8,28079040,10,4
1,8,28079047,10,3
1,8,28079048,10,8
1,8,28079050,10,7
1,8,28079055,10,13
1,8,28079057,10,9
1,8,28079060,10,4
1,8,28079008,14,28
1,8,28079016,14,29
1,8,28079017,14,38
1,8,28079018,14,35
1,8,28079024,14,42
1,8,28079027,14,14
1,8,28079035,14,35
1,8,28079039,14,30
1,8,28079049,14,28
1,8,28079054,14,38
1,8,28079056,14,36
1,8,28079058,14,14
1,8,28079059,14,26
1,8,28079060,14,31
1,8,28079008,20,0.6
1,8,28079011,20,2.4
1,8,28079018,20,0.2
1,8,28079024,20,0.4
1,8,28079038,20,0.9
1,8,28079055,20,1.5
1,8,28079008,30,0.4
1,8,28079011,30,1.5
1,8,28079018,30,0.1
1,8,28079024,30,0.5
1,8,28079038,30,0.4
1,8,28079055,30,0.7
1,8,28079008,35,0.5
1,8,28079011,35,1
1,8,28079018,35,1
1,8,28079024,35,0.3
1,8,28079038,35,0.6
1,8,28079055,35,0.3
1,8,28079024,42,1.34
1,8,28079027,42,1.48
1,8,28079055,42,1.92
1,8,28079024,44,0.24
1,8,28079027,44,0.17
1,8,28079055,44,0.29
1,9,28079004,01,2
1,9,28079008,01,6
1,9,28079017,01,3
1,9,28079018,01,5
1,9,28079024,01,1
1,9,28079035,01,3
1,9,28079036,01,1
1,9,28079038,01,3
1,9,28079040,01,3
1,9,28079057,01,4
1,9,28079004,06,0.2
1,9,28079008,06,0.3
1,9,28079016,06,0.3
1,9,28079018,06,0.4
1,9,28079035,06,0.2
1,9,28079036,06,0.2
1,9,28079039,06,0.2
1,9,28079056,06,0.2
1,9,28079057,06,0.3
1,9,28079004,07,2
1,9,28079008,07,9
1,9,28079011,07,1
1,9,28079016,07,3
1,9,28079017,07,3
1,9,28079018,07,4
1,9,28079024,07,1
1,9,28079027,07,6
1,9,28079035,07,3
1,9,28079036,07,4
1,9,28079038,07,4
1,9,28079039,07,3
1,9,28079040,07,2
1,9,28079047,07,1
1,9,28079048,07,3
1,9,28079049,07,1
1,9,28079050,07,15
1,9,28079054,07,4
1,9,28079055,07,11
1,9,28079056,07,2
1,9,28079057,07,3
1,9,28079058,07,15
1,9,28079059,07,4
1,9,28079060,07,1
1,9,28079004,08,14
1,9,28079008,08,23
1,9,28079011,08,35
1,9,28079016,08,32
1,9,28079017,08,18
1,9,28079018,08,13
1,9,28079024,08,3
1,9,28079027,08,34
1,9,28079035,08,11
1,9,28079036,08,16
1,9,28079038,08,17
1,9,28079039,08,24
1,9,28079040,08,20
1,9,28079047,08,10
1,9,28079048,08,22
1,9,28079049,08,10
1,9,28079050,08,26
1,9,28079054,08,10
1,9,28079055,08,40
1,9,28079056,08,19
1,9,28079057,08,25
1,9,28079058,08,20
1,9,28079059,08,22
1,9,28079060,08,18
1,9,28079008,09,7
1,9,28079024,09,4
1,9,28079038,09,5
1,9,28079047,09,5
1,9,28079048,09,7
1,9,28079050,09,7
1,9,28079008,10,4
1,9,28079018,10,4
1,9,28079024,10,3
1,9,28079036,10,5
1,9,28079038,10,4
1,9,28079040,10,6
1,9,28079047,10,5
1,9,28079048,10,8
1,9,28079050,10,7
1,9,28079055,10,11
1,9,28079057,10,15
1,9,28079060,10,6
1,9,28079008,14,27
1,9,28079016,14,20
1,9,28079017,14,37
1,9,28079018,14,29
1,9,28079024,14,44
1,9,28079027,14,14
1,9,28079035,14,39
1,9,28079039,14,28
1,9,28079049,14,29
1,9,28079054,14,40
1,9,28079056,14,36
1,9,28079058,14,7
1,9,28079059,14,7
1,9,28079060,14,30
1,9,28079008,20,0.7
1,9,28079011,20,2.3
1,9,28079018,20,3
1,9,28079024,20,0.4
1,9,28079038,20,1
1,9,28079055,20,1.5
1,9,28079008,30,0.4
1,9,28079011,30,1.7
1,9,28079018,30,0.6
1,9,28079024,30,0.5
1,9,28079038,30,0.4
1,9,28079055,30,0.6
1,9,28079008,35,0.6
1,9,28079011,35,0.9
1,9,28079018,35,0.8
1,9,28079024,35,0.4
1,9,28079038,35,0.5
1,9,28079055,35,0.5
1,9,28079024,42,1.34
1,9,28079027,42,1.3
1,9,28079055,42,1.63
1,9,28079024,44,0.24
1,9,28079027,44,0.14
1,9,28079055,44,0.17
2,1,28079004,01,7
2,1,28079008,01,10
2,1,28079017,01,6
2,1,28079018,01,13
2,1,28079024,01,2
2,1,28079035,01,7
2,1,28079036,01,6
2,1,28079038,01,5
2,1,28079040,01,5
2,1,28079057,01,8
2,1,28079004,06,0.8
2,1,28079008,06,0.7
2,1,28079016,06,1.2
2,1,28079018,06,0.7
2,1,28079035,06,0.7
2,1,28079036,06,0.8
2,1,28079039,06,0.8
2,1,28079056,06,0.8
2,1,28079057,06,0.8
2,1,28079004,07,162
2,1,28079008,07,96
2,1,28079011,07,61
2,1,28079016,07,194
2,1,28079017,07,132
2,1,28079018,07,89
2,1,28079024,07,34
2,1,28079027,07,111
2,1,28079035,07,95
2,1,28079036,07,118
2,1,28079038,07,62
2,1,28079039,07,133
2,1,28079040,07,71
2,1,28079047,07,125
2,1,28079048,07,12
2,1,28079049,07,93
2,1,28079050,07,24
2,1,28079054,07,15
2,1,28079055,07,165
2,1,28079056,07,188
2,1,28079057,07,127
2,1,28079058,07,10
2,1,28079059,07,77
2,1,28079060,07,39
2,1,28079004,08,60
2,1,28079008,08,65
2,1,28079011,08,63
2,1,28079016,08,88
2,1,28079017,08,61
2,1,28079018,08,63
2,1,28079024,08,47
2,1,28079027,08,66
2,1,28079035,08,59
2,1,28079036,08,70
2,1,28079038,08,63
2,1,28079039,08,74
2,1,28079040,08,67
2,1,28079047,08,55
2,1,28079048,08,54
2,1,28079049,08,46
2,1,28079050,08,59
2,1,28079054,08,37
2,1,28079055,08,74
2,1,28079056,08,90
2,1,28079057,08,84
2,1,28079058,08,10
2,1,28079059,08,35
2,1,28079060,08,62
2,1,28079008,09,16
2,1,28079024,09,13
2,1,28079038,09,13
2,1,28079047,09,15
2,1,28079048,09,6
2,1,28079050,09,11
2,1,28079008,10,11
2,1,28079018,10,17
2,1,28079024,10,13
2,1,28079036,10,21
2,1,28079038,10,14
2,1,28079040,10,17
2,1,28079047,10,17
2,1,28079048,10,9
2,1,28079050,10,15
2,1,28079055,10,23
2,1,28079057,10,21
2,1,28079060,10,16
2,1,28079008,14,4
2,1,28079016,14,4
2,1,28079017,14,4
2,1,28079018,14,1
2,1,28079024,14,3
2,1,28079027,14,4
2,1,28079035,14,2
2,1,28079039,14,2
2,1,28079049,14,1
2,1,28079054,14,5
2,1,28079056,14,3
2,1,28079058,14,2
2,1,28079059,14,2
2,1,28079060,14,1
2,1,28079008,20,5.6
2,1,28079011,20,7.6
2,1,28079018,20,3.1
2,1,28079024,20,1.5
2,1,28079038,20,3.2
2,1,28079055,20,4.5
2,1,28079008,30,2.2
2,1,28079011,30,3.6
2,1,28079018,30,0.8
2,1,28079024,30,1
2,1,28079038,30,1
2,1,28079055,30,2
2,1,28079008,35,1.2
2,1,28079011,35,1.6
2,1,28079018,35,0.2
2,1,28079024,35,0.4
2,1,28079038,35,0.6
2,1,28079055,35,1.1
2,1,28079024,42,1.46
2,1,28079027,42,1.72
2,1,28079055,42,2.02
2,1,28079024,44,0.3
2,1,28079027,44,0.25
2,1,28079055,44,0.37
2,10,28079004,01,12
2,10,28079008,01,19
2,10,28079017,01,8
2,10,28079024,01,5
2,10,28079035,01,15
2,10,28079036,01,14
2,10,28079038,01,11
2,10,28079040,01,12
2,10,28079057,01,3
2,10,28079004,06,1.5
2,10,28079008,06,1.2
2,10,28079016,06,0.9
2,10,28079018,06,1.2
2,10,28079035,06,1.3
2,10,28079036,06,1.9
2,10,28079039,06,1.3
2,10,28079056,06,0.9
2,10,28079057,06,0.3
2,10,28079004,07,373
2,10,28079008,07,312
2,10,28079011,07,142
2,10,28079016,07,130
2,10,28079017,07,241
2,10,28079018,07,278
2,10,28079024,07,124
2,10,28079027,07,202
2,10,28079035,07,291
2,10,28079036,07,458
2,10,28079038,07,90
2,10,28079039,07,253
2,10,28079040,07,308
2,10,28079047,07,192
2,10,28079048,07,90
2,10,28079049,07,211
2,10,28079050,07,100
2,10,28079054,07,216
2,10,28079055,07,321
2,10,28079056,07,340
2,10,28079057,07,5
2,10,28079058,07,101
2,10,28079059,07,124
2,10,28079060,07,9
2,10,28079004,08,89
2,10,28079008,08,87
2,10,28079011,08,109
2,10,28079016,08,92
2,10,28079017,08,73
2,10,28079018,08,101
2,10,28079024,08,40
2,10,28079027,08,93
2,10,28079035,08,98
2,10,28079036,08,143
2,10,28079038,08,92
2,10,28079039,08,100
2,10,28079040,08,108
2,10,28079047,08,53
2,10,28079048,08,83
2,10,28079049,08,44
2,10,28079050,08,97
2,10,28079054,08,53
2,10,28079055,08,108
2,10,28079056,08,116
2,10,28079057,08,30
2,10,28079058,08,27
2,10,28079059,08,24
2,10,28079060,08,34
2,10,28079008,09,29
2,10,28079024,09,18
2,10,28079038,09,13
2,10,28079047,09,19
2,10,28079048,09,14
2,10,28079050,09,17
2,10,28079008,10,22
2,10,28079018,10,35
2,10,28079024,10,20
2,10,28079036,10,58
2,10,28079038,10,20
2,10,28079040,10,35
2,10,28079047,10,19
2,10,28079048,10,24
2,10,28079050,10,32
2,10,28079055,10,36
2,10,28079057,10,9
2,10,28079060,10,6
2,10,28079008,14,4
2,10,28079016,14,4
2,10,28079017,14,3
2,10,28079018,14,1
2,10,28079024,14,4
2,10,28079027,14,5
2,10,28079035,14,2
2,10,28079039,14,2
2,10,28079049,14,2
2,10,28079054,14,5
2,10,28079056,14,3
2,10,28079058,14,3
2,10,28079059,14,6
2,10,28079060,14,45
2,10,28079008,20,9.8
2,10,28079011,20,9.6
2,10,28079018,20,7.5
2,10,28079024,20,3.4
2,10,28079038,20,13.9
2,10,28079055,20,6.4
2,10,28079008,30,3.4
2,10,28079011,30,3.9
2,10,28079018,30,1.6
2,10,28079024,30,1.3
2,10,28079038,30,3.3
2,10,28079055,30,2.3
2,10,28079008,35,3.3
2,10,28079011,35,2.1
2,10,28079018,35,0.6
2,10,28079024,35,0.6
2,10,28079038,35,2.5
2,10,28079055,35,1
2,10,28079024,42,1.83
2,10,28079027,42,1.77
2,10,28079055,42,2.38
2,10,28079024,44,0.43
2,10,28079027,44,0.37
2,10,28079055,44,0.41
2,11,28079004,01,12
2,11,28079008,01,16
2,11,28079017,01,9
2,11,28079024,01,9
2,11,28079035,01,16
2,11,28079036,01,15
2,11,28079038,01,17
2,11,28079040,01,11
2,11,28079057,01,4
2,11,28079004,06,1.4
2,11,28079008,06,1.1
2,11,28079016,06,0.8
2,11,28079018,06,1.3
2,11,28079035,06,1.1
2,11,28079036,06,1.4
2,11,28079039,06,1
2,11,28079056,06,0.9
2,11,28079057,06,0.3
2,11,28079004,07,341
2,11,28079008,07,298
2,11,28079011,07,64
2,11,28079016,07,113
2,11,28079017,07,314
2,11,28079018,07,296
2,11,28079024,07,285
2,11,28079027,07,115
2,11,28079035,07,227
2,11,28079036,07,291
2,11,28079038,07,199
2,11,28079039,07,254
2,11,28079040,07,235
2,11,28079047,07,203
2,11,28079048,07,201
2,11,28079049,07,242
2,11,28079050,07,71
2,11,28079054,07,148
2,11,28079055,07,173
2,11,28079056,07,308
2,11,28079057,07,10
2,11,28079058,07,81
2,11,28079059,07,85
2,11,28079060,07,58
2,11,28079004,08,105
2,11,28079008,08,96
2,11,28079011,08,90
2,11,28079016,08,97
2,11,28079017,08,95
2,11,28079018,08,118
2,11,28079024,08,88
2,11,28079027,08,81
2,11,28079035,08,100
2,11,28079036,08,127
2,11,28079038,08,98
2,11,28079039,08,107
2,11,28079040,08,99
2,11,28079047,08,58
2,11,28079048,08,104
2,11,28079049,08,68
2,11,28079050,08,74
2,11,28079054,08,53
2,11,28079055,08,89
2,11,28079056,08,118
2,11,28079057,08,32
2,11,28079058,08,28
2,11,28079059,08,53
2,11,28079060,08,70
2,11,28079008,09,35
2,11,28079024,09,38
2,11,28079038,09,29
2,11,28079047,09,21
2,11,28079048,09,26
2,11,28079050,09,8
2,11,28079008,10,24
2,11,28079018,10,40
2,11,28079024,10,44
2,11,28079036,10,53
2,11,28079038,10,35
2,11,28079040,10,33
2,11,28079047,10,25
2,11,28079048,10,42
2,11,28079050,10,15
2,11,28079055,10,32
2,11,28079057,10,7
2,11,28079060,10,18
2,11,28079008,14,4
2,11,28079016,14,6
2,11,28079017,14,7
2,11,28079018,14,1
2,11,28079024,14,5
2,11,28079027,14,9
2,11,28079035,14,2
2,11,28079039,14,3
2,11,28079049,14,2
2,11,28079054,14,7
2,11,28079056,14,4
2,11,28079058,14,4
2,11,28079059,14,9
2,11,28079060,14,10
2,11,28079008,20,10.5
2,11,28079011,20,9.2
2,11,28079018,20,6.1
2,11,28079024,20,4.5
2,11,28079038,20,8.2
2,11,28079055,20,9.3
2,11,28079008,30,3.5
2,11,28079011,30,3.7
2,11,28079018,30,1.2
2,11,28079024,30,1.9
2,11,28079038,30,2.2
2,11,28079055,30,2.3
2,11,28079008,35,1.6
2,11,28079011,35,1.3
2,11,28079018,35,0.7
2,11,28079024,35,0.6
2,11,28079038,35,1.5
2,11,28079055,35,1.1
2,11,28079024,42,3.2
2,11,28079027,42,1.79
2,11,28079055,42,2.62
2,11,28079024,44,0.79
2,11,28079027,44,0.32
2,11,28079055,44,0.36
2,12,28079004,01,16
2,12,28079008,01,18
2,12,28079017,01,10
2,12,28079024,01,5
2,12,28079035,01,15
2,12,28079036,01,10
2,12,28079038,01,16
2,12,28079040,01,9
2,12,28079057,01,6
2,12,28079004,06,0.9
2,12,28079008,06,1
2,12,28079016,06,0.7
2,12,28079018,06,1.1
2,12,28079024,06,0.6
2,12,28079035,06,0.8
2,12,28079036,06,0.9
2,12,28079039,06,0.9
2,12,28079056,06,1.1
2,12,28079057,06,0.4
2,12,28079004,07,195
2,12,28079008,07,220
2,12,28079011,07,34
2,12,28079016,07,73
2,12,28079017,07,327
2,12,28079018,07,222
2,12,28079024,07,135
2,12,28079027,07,43
2,12,28079035,07,142
2,12,28079036,07,163
2,12,28079038,07,120
2,12,28079039,07,193
2,12,28079040,07,175
2,12,28079047,07,252
2,12,28079048,07,113
2,12,28079049,07,212
2,12,28079050,07,68
2,12,28079054,07,135
2,12,28079055,07,82
2,12,28079056,07,456
2,12,28079057,07,30
2,12,28079058,07,134
2,12,28079059,07,30
2,12,28079060,07,32
2,12,28079004,08,107
2,12,28079008,08,99
2,12,28079011,08,86
2,12,28079016,08,80
2,12,28079017,08,112
2,12,28079018,08,112
2,12,28079024,08,63
2,12,28079027,08,59
2,12,28079035,08,92
2,12,28079036,08,101
2,12,28079038,08,86
2,12,28079039,08,107
2,12,28079040,08,91
2,12,28079047,08,75
2,12,28079048,08,84
2,12,28079049,08,92
2,12,28079050,08,71
2,12,28079054,08,56
2,12,28079055,08,72
2,12,28079056,08,155
2,12,28079057,08,54
2,12,28079058,08,70
2,12,28079059,08,31
2,12,28079060,08,53
2,12,28079008,09,27
2,12,28079024,09,25
2,12,28079038,09,18
2,12,28079047,09,28
2,12,28079048,09,10
2,12,28079050,09,8
2,12,28079008,10,18
2,12,28079018,10,38
2,12,28079024,10,34
2,12,28079036,10,20
2,12,28079038,10,25
2,12,28079040,10,27
2,12,28079047,10,35
2,12,28079048,10,17
2,12,28079050,10,15
2,12,28079055,10,24
2,12,28079057,10,34
2,12,28079060,10,8
2,12,28079008,14,5
2,12,28079016,14,13
2,12,28079017,14,4
2,12,28079018,14,4
2,12,28079024,14,15
2,12,28079027,14,25
2,12,28079035,14,4
2,12,28079039,14,6
2,12,28079049,14,2
2,12,28079054,14,9
2,12,28079056,14,4
2,12,28079058,14,6
2,12,28079059,14,25
2,12,28079060,14,27
2,12,28079011,20,5.6
2,12,28079018,20,10.6
2,12,28079024,20,9.3
2,12,28079038,20,7.8
2,12,28079055,20,6.7
2,12,28079011,30,2.4
2,12,28079018,30,1.7
2,12,28079024,30,2.6
2,12,28079038,30,1.9
2,12,28079055,30,1.6
2,12,28079011,35,0.6
2,12,28079018,35,0.9
2,12,28079024,35,1.2
2,12,28079038,35,1.4
2,12,28079055,35,1
2,12,28079024,42,2.11
2,12,28079027,42,1.46
2,12,28079055,42,1.9
2,12,28079024,44,0.5
2,12,28079027,44,0.21
2,12,28079055,44,0.24
2,13,28079004,01,20
2,13,28079008,01,16
2,13,28079017,01,8
2,13,28079024,01,9
2,13,28079035,01,20
2,13,28079036,01,11
2,13,28079038,01,18
2,13,28079040,01,7
2,13,28079057,01,5
2,13,28079004,06,0.9
2,13,28079008,06,0.8
2,13,28079016,06,0.4
2,13,28079018,06,1
2,13,28079024,06,0.9
2,13,28079035,06,1.1
2,13,28079036,06,0.7
2,13,28079039,06,0.4
2,13,28079056,06,0.8
2,13,28079057,06,0.3
2,13,28079004,07,198
2,13,28079008,07,178
2,13,28079011,07,75
2,13,28079016,07,35
2,13,28079017,07,203
2,13,28079018,07,270
2,13,28079024,07,234
2,13,28079027,07,10
2,13,28079036,07,111
2,13,28079038,07,137
2,13,28079039,07,54
2,13,28079040,07,104
2,13,28079047,07,212
2,13,28079048,07,159
2,13,28079049,07,189
2,13,28079050,07,62
2,13,28079054,07,140
2,13,28079055,07,12
2,13,28079056,07,345
2,13,28079057,07,15
2,13,28079058,07,27
2,13,28079059,07,4
2,13,28079060,07,14
2,13,28079004,08,118
2,13,28079008,08,93
2,13,28079011,08,90
2,13,28079016,08,52
2,13,28079017,08,91
2,13,28079018,08,124
2,13,28079024,08,101
2,13,28079027,08,24
2,13,28079036,08,79
2,13,28079038,08,100
2,13,28079039,08,70
2,13,28079040,08,88
2,13,28079047,08,75
2,13,28079048,08,102
2,13,28079049,08,92
2,13,28079050,08,68
2,13,28079054,08,62
2,13,28079055,08,30
2,13,28079056,08,136
2,13,28079057,08,35
2,13,28079058,08,42
2,13,28079059,08,7
2,13,28079060,08,40
2,13,28079008,09,22
2,13,28079024,09,24
2,13,28079038,09,17
2,13,28079047,09,18
2,13,28079048,09,20
2,13,28079050,09,10
2,13,28079008,10,16
2,13,28079018,10,62
2,13,28079024,10,28
2,13,28079036,10,14
2,13,28079038,10,28
2,13,28079040,10,23
2,13,28079047,10,26
2,13,28079048,10,42
2,13,28079050,10,20
2,13,28079055,10,5
2,13,28079057,10,4
2,13,28079060,10,7
2,13,28079008,14,7
2,13,28079016,14,34
2,13,28079017,14,5
2,13,28079018,14,3
2,13,28079024,14,9
2,13,28079027,14,58
2,13,28079035,14,5
2,13,28079039,14,23
2,13,28079049,14,2
2,13,28079054,14,10
2,13,28079056,14,5
2,13,28079058,14,34
2,13,28079059,14,38
2,13,28079060,14,43
2,13,28079011,20,5.8
2,13,28079018,20,9.7
2,13,28079024,20,6.3
2,13,28079038,20,7.6
2,13,28079055,20,1.8
2,13,28079011,30,2.4
2,13,28079018,30,1.5
2,13,28079024,30,1.8
2,13,28079038,30,1.6
2,13,28079055,30,0.5
2,13,28079011,35,0.6
2,13,28079018,35,0.8
2,13,28079024,35,1
2,13,28079038,35,1.3
2,13,28079055,35,0.5
2,13,28079024,42,3.55
2,13,28079027,42,1.2
2,13,28079055,42,1.45
2,13,28079024,44,0.81
2,13,28079027,44,0.13
2,13,28079055,44,0.13
2,14,28079004,01,11
2,14,28079008,01,13
2,14,28079017,01,6
2,14,28079018,01,7
2,14,28079024,01,3
2,14,28079035,01,13
2,14,28079036,01,11
2,14,28079038,01,12
2,14,28079040,01,6
2,14,28079057,01,5
2,14,28079004,06,0.6
2,14,28079008,06,0.5
2,14,28079016,06,0.2
2,14,28079018,06,0.5
2,14,28079024,06,0.3
2,14,28079035,06,0.5
2,14,28079036,06,0.5
2,14,28079039,06,0.4
2,14,28079056,06,0.4
2,14,28079057,06,0.3
2,14,28079004,07,122
2,14,28079008,07,74
2,14,28079011,07,60
2,14,28079016,07,4
2,14,28079017,07,87
2,14,28079018,07,91
2,14,28079024,07,31
2,14,28079027,07,6
2,14,28079036,07,71
2,14,28079038,07,84
2,14,28079039,07,59
2,14,28079040,07,60
2,14,28079047,07,143
2,14,28079048,07,61
2,14,28079049,07,63
2,14,28079050,07,51
2,14,28079054,07,76
2,14,28079055,07,6
2,14,28079056,07,129
2,14,28079057,07,11
2,14,28079058,07,9
2,14,28079059,07,3
2,14,28079060,07,12
2,14,28079004,08,97
2,14,28079008,08,70
2,14,28079011,08,83
2,14,28079016,08,19
2,14,28079017,08,78
2,14,28079018,08,74
2,14,28079024,08,33
2,14,28079027,08,13
2,14,28079036,08,60
2,14,28079038,08,88
2,14,28079039,08,77
2,14,28079040,08,65
2,14,28079047,08,75
2,14,28079048,08,65
2,14,28079049,08,76
2,14,28079050,08,61
2,14,28079054,08,49
2,14,28079055,08,18
2,14,28079056,08,98
2,14,28079057,08,24
2,14,28079058,08,20
2,14,28079059,08,3
2,14,28079060,08,40
2,14,28079008,09,11
2,14,28079024,09,10
2,14,28079038,09,13
2,14,28079047,09,18
2,14,28079048,09,7
2,14,28079050,09,10
2,14,28079008,10,9
2,14,28079018,10,45
2,14,28079024,10,13
2,14,28079036,10,16
2,14,28079038,10,23
2,14,28079040,10,17
2,14,28079047,10,28
2,14,28079048,10,16
2,14,28079050,10,14
2,14,28079055,10,3
2,14,28079057,10,13
2,14,28079060,10,7
2,14,28079008,14,21
2,14,28079016,14,57
2,14,28079017,14,12
2,14,28079018,14,12
2,14,28079024,14,39
2,14,28079027,14,67
2,14,28079035,14,12
2,14,28079039,14,20
2,14,28079049,14,12
2,14,28079054,14,24
2,14,28079056,14,9
2,14,28079058,14,48
2,14,28079059,14,38
2,14,28079060,14,43
2,14,28079011,20,11.3
2,14,28079018,20,8.1
2,14,28079024,20,9.9
2,14,28079038,20,8.6
2,14,28079055,20,0.6
2,14,28079011,30,3.5
2,14,28079018,30,1
2,14,28079024,30,1.9
2,14,28079038,30,1.6
2,14,28079055,30,0.3
2,14,28079011,35,2.2
2,14,28079018,35,0.8
2,14,28079024,35,1.5
2,14,28079038,35,1.5
2,14,28079055,35,0.2
2,14,28079024,42,1.65
2,14,28079027,42,1.19
2,14,28079055,42,1.43
2,14,28079024,44,0.33
2,14,28079027,44,0.12
2,14,28079055,44,0.13
2,15,28079004,01,8
2,15,28079008,01,16
2,15,28079017,01,4
2,15,28079018,01,9
2,15,28079024,01,2
2,15,28079035,01,13
2,15,28079036,01,12
2,15,28079038,01,8
2,15,28079040,01,4
2,15,28079057,01,5
2,15,28079004,06,0.5
2,15,28079008,06,0.4
2,15,28079016,06,0.2
2,15,28079018,06,0.4
2,15,28079024,06,0.2
2,15,28079035,06,0.7
2,15,28079036,06,0.3
2,15,28079039,06,0.3
2,15,28079056,06,0.3
2,15,28079057,06,0.3
2,15,28079004,07,53
2,15,28079008,07,25
2,15,28079011,07,18
2,15,28079016,07,6
2,15,28079017,07,19
2,15,28079018,07,21
2,15,28079024,07,7
2,15,28079027,07,6
2,15,28079036,07,7
2,15,28079038,07,37
2,15,28079039,07,18
2,15,28079040,07,3
2,15,28079047,07,44
2,15,28079048,07,24
2,15,28079049,07,12
2,15,28079050,07,40
2,15,28079054,07,11
2,15,28079055,07,7
2,15,28079056,07,55
2,15,28079057,07,7
2,15,28079058,07,8
2,15,28079059,07,2
2,15,28079060,07,3
2,15,28079004,08,69
2,15,28079008,08,47
2,15,28079011,08,70
2,15,28079016,08,18
2,15,28079017,08,51
2,15,28079018,08,54
2,15,28079024,08,24
2,15,28079027,08,15
2,15,28079036,08,14
2,15,28079038,08,58
2,15,28079039,08,42
2,15,28079040,08,18
2,15,28079047,08,67
2,15,28079048,08,40
2,15,28079049,08,38
2,15,28079050,08,49
2,15,28079054,08,17
2,15,28079055,08,19
2,15,28079056,08,74
2,15,28079057,08,18
2,15,28079058,08,22
2,15,28079059,08,2
2,15,28079060,08,19
2,15,28079008,09,4
2,15,28079024,09,3
2,15,28079038,09,6
2,15,28079047,09,6
2,15,28079048,09,13
2,15,28079050,09,7
2,15,28079008,10,5
2,15,28079018,10,6
2,15,28079024,10,3
2,15,28079036,10,3
2,15,28079038,10,11
2,15,28079040,10,3
2,15,28079047,10,13
2,15,28079048,10,26
2,15,28079050,10,10
2,15,28079055,10,3
2,15,28079057,10,7
2,15,28079060,10,7
2,15,28079008,14,34
2,15,28079016,14,56
2,15,28079017,14,28
2,15,28079018,14,22
2,15,28079024,14,48
2,15,28079027,14,65
2,15,28079035,14,10
2,15,28079039,14,40
2,15,28079049,14,42
2,15,28079054,14,56
2,15,28079056,14,21
2,15,28079058,14,51
2,15,28079059,14,39
2,15,28079060,14,62
2,15,28079011,20,6.7
2,15,28079018,20,2
2,15,28079024,20,3.1
2,15,28079038,20,5
2,15,28079055,20,0.6
2,15,28079011,30,2.6
2,15,28079018,30,0.3
2,15,28079024,30,0.8
2,15,28079038,30,1.1
2,15,28079055,30,0.2
2,15,28079011,35,1.2
2,15,28079018,35,0.2
2,15,28079024,35,1
2,15,28079038,35,1
2,15,28079055,35,0.2
2,15,28079024,42,1.41
2,15,28079027,42,1.19
2,15,28079055,42,1.41
2,15,28079024,44,0.27
2,15,28079027,44,0.12
2,15,28079055,44,0.11
2,16,28079004,01,7
2,16,28079008,01,14
2,16,28079017,01,3
2,16,28079018,01,8
2,16,28079024,01,2
2,16,28079035,01,8
2,16,28079036,01,9
2,16,28079038,01,7
2,16,28079040,01,5
2,16,28079057,01,5
2,16,28079004,06,0.3
2,16,28079008,06,0.4
2,16,28079016,06,0.2
2,16,28079018,06,0.3
2,16,28079024,06,0.2
2,16,28079035,06,0.5
2,16,28079036,06,0.2
2,16,28079039,06,0.2
2,16,28079056,06,0.4
2,16,28079057,06,0.2
2,16,28079004,07,13
2,16,28079008,07,18
2,16,28079011,07,1
2,16,28079016,07,3
2,16,28079017,07,3
2,16,28079018,07,5
2,16,28079024,07,2
2,16,28079027,07,10
2,16,28079036,07,6
2,16,28079038,07,28
2,16,28079039,07,4
2,16,28079040,07,3
2,16,28079047,07,3
2,16,28079048,07,3
2,16,28079049,07,4
2,16,28079050,07,9
2,16,28079054,07,11
2,16,28079055,07,8
2,16,28079056,07,41
2,16,28079057,07,3
2,16,28079058,07,4
2,16,28079059,07,2
2,16,28079060,07,3
2,16,28079004,08,34
2,16,28079008,08,39
2,16,28079011,08,32
2,16,28079016,08,17
2,16,28079017,08,21
2,16,28079018,08,26
2,16,28079024,08,10
2,16,28079027,08,22
2,16,28079036,08,13
2,16,28079038,08,53
2,16,28079039,08,25
2,16,28079040,08,19
2,16,28079047,08,34
2,16,28079048,08,14
2,16,28079049,08,26
2,16,28079050,08,28
2,16,28079054,08,18
2,16,28079055,08,23
2,16,28079056,08,68
2,16,28079057,08,11
2,16,28079058,08,9
2,16,28079059,08,4
2,16,28079060,08,16
2,16,28079008,09,4
2,16,28079024,09,1
2,16,28079038,09,3
2,16,28079047,09,1
2,16,28079048,09,1
2,16,28079050,09,5
2,16,28079008,10,5
2,16,28079018,10,4
2,16,28079024,10,2
2,16,28079036,10,3
2,16,28079038,10,8
2,16,28079040,10,4
2,16,28079047,10,4
2,16,28079048,10,5
2,16,28079050,10,23
2,16,28079055,10,5
2,16,28079057,10,7
2,16,28079060,10,5
2,16,28079008,14,40
2,16,28079016,14,57
2,16,28079017,14,56
2,16,28079018,14,49
2,16,28079024,14,67
2,16,28079027,14,61
2,16,28079035,14,24
2,16,28079039,14,55
2,16,28079049,14,53
2,16,28079054,14,55
2,16,28079056,14,31
2,16,28079058,14,63
2,16,28079059,14,43
2,16,28079060,14,62
2,16,28079008,20,3.9
2,16,28079011,20,4.3
2,16,28079018,20,1.2
2,16,28079024,20,1.6
2,16,28079038,20,3.2
2,16,28079055,20,0.4
2,16,28079008,30,1.2
2,16,28079011,30,1.5
2,16,28079018,30,0.2
2,16,28079024,30,0.6
2,16,28079038,30,0.5
2,16,28079055,30,0.2
2,16,28079008,35,1.3
2,16,28079011,35,0.3
2,16,28079018,35,0.6
2,16,28079024,35,0.5
2,16,28079038,35,0.5
2,16,28079055,35,0.9
2,16,28079024,42,1.33
2,16,28079027,42,1.2
2,16,28079055,42,1.42
2,16,28079024,44,0.25
2,16,28079027,44,0.13
2,16,28079055,44,0.12
2,17,28079004,01,8
2,17,28079008,01,14
2,17,28079017,01,3
2,17,28079018,01,8
2,17,28079024,01,2
2,17,28079035,01,7
2,17,28079036,01,20
2,17,28079038,01,7
2,17,28079040,01,5
2,17,28079057,01,5
2,17,28079004,06,0.3
2,17,28079008,06,0.4
2,17,28079016,06,0.3
2,17,28079018,06,0.3
2,17,28079024,06,0.2
2,17,28079035,06,0.5
2,17,28079036,06,0.3
2,17,28079039,06,0.2
2,17,28079056,06,0.4
2,17,28079057,06,0.3
2,17,28079004,07,14
2,17,28079008,07,17
2,17,28079011,07,1
2,17,28079016,07,6
2,17,28079017,07,2
2,17,28079018,07,4
2,17,28079024,07,1
2,17,28079027,07,11
2,17,28079036,07,5
2,17,28079038,07,40
2,17,28079039,07,2
2,17,28079040,07,3
2,17,28079047,07,3
2,17,28079048,07,3
2,17,28079049,07,3
2,17,28079050,07,8
2,17,28079054,07,9
2,17,28079055,07,7
2,17,28079056,07,48
2,17,28079057,07,4
2,17,28079058,07,5
2,17,28079059,07,2
2,17,28079060,07,1
2,17,28079004,08,41
2,17,28079008,08,45
2,17,28079011,08,29
2,17,28079016,08,21
2,17,28079017,08,23
2,17,28079018,08,28
2,17,28079024,08,13
2,17,28079027,08,32
2,17,28079036,08,16
2,17,28079038,08,67
2,17,28079039,08,28
2,17,28079040,08,23
2,17,28079047,08,34
2,17,28079048,08,18
2,17,28079049,08,28
2,17,28079050,08,36
2,17,28079054,08,22
2,17,28079055,08,26
2,17,28079056,08,74
2,17,28079057,08,15
2,17,28079058,08,15
2,17,28079059,08,4
2,17,28079060,08,16
2,17,28079008,09,5
2,17,28079024,09,3
2,17,28079038,09,7
2,17,28079047,09,3
2,17,28079048,09,9
2,17,28079050,09,5
2,17,28079008,10,6
2,17,28079018,10,5
2,17,28079024,10,4
2,17,28079036,10,7
2,17,28079038,10,12
2,17,28079040,10,5
2,17,28079047,10,6
2,17,28079048,10,13
2,17,28079050,10,15
2,17,28079055,10,7
2,17,28079057,10,11
2,17,28079060,10,8
2,17,28079008,14,34
2,17,28079016,14,53
2,17,28079017,14,54
2,17,28079018,14,48
2,17,28079024,14,63
2,17,28079027,14,52
2,17,28079035,14,26
2,17,28079039,14,50
2,17,28079049,14,51
2,17,28079054,14,45
2,17,28079056,14,18
2,17,28079058,14,57
2,17,28079059,14,40
2,17,28079060,14,61
2,17,28079008,20,5.1
2,17,28079011,20,3.1
2,17,28079018,20,0.7
2,17,28079024,20,0.9
2,17,28079038,20,4
2,17,28079055,20,0.4
2,17,28079008,30,1.2
2,17,28079011,30,1.2
2,17,28079018,30,0.2
2,17,28079024,30,0.5
2,17,28079038,30,0.6
2,17,28079055,30,0.2
2,17,28079008,35,1.3
2,17,28079011,35,0.3
2,17,28079018,35,1
2,17,28079024,35,0.4
2,17,28079038,35,0.6
2,17,28079055,35,0.6
2,17,28079024,42,1.33
2,17,28079027,42,1.2
2,17,28079055,42,1.42
2,17,28079024,44,0.25
2,17,28079027,44,0.13
2,17,28079055,44,0.12
2,18,28079004,01,8
2,18,28079008,01,16
2,18,28079017,01,4
2,18,28079018,01,9
2,18,28079024,01,2
2,18,28079035,01,8
2,18,28079036,01,17
2,18,28079038,01,7
2,18,28079040,01,5
2,18,28079057,01,5
2,18,28079004,06,0.3
2,18,28079008,06,0.5
2,18,28079016,06,0.3
2,18,28079018,06,0.4
2,18,28079024,06,0.2
2,18,28079035,06,0.6
2,18,28079036,06,0.3
2,18,28079039,06,0.2
2,18,28079056,06,0.5
2,18,28079057,06,0.3
2,18,28079004,07,15
2,18,28079008,07,25
2,18,28079011,07,9
2,18,28079016,07,3
2,18,28079017,07,2
2,18,28079018,07,5
2,18,28079024,07,1
2,18,28079027,07,12
2,18,28079035,07,54
2,18,28079036,07,9
2,18,28079038,07,37
2,18,28079039,07,2
2,18,28079040,07,4
2,18,28079047,07,6
2,18,28079048,07,2
2,18,28079049,07,4
2,18,28079050,07,23
2,18,28079054,07,9
2,18,28079055,07,6
2,18,28079056,07,64
2,18,28079057,07,12
2,18,28079058,07,17
2,18,28079059,07,2
2,18,28079060,07,1
2,18,28079004,08,51
2,18,28079008,08,61
2,18,28079011,08,56
2,18,28079016,08,25
2,18,28079017,08,35
2,18,28079018,08,48
2,18,28079024,08,22
2,18,28079027,08,40
2,18,28079035,08,82
2,18,28079036,08,23
2,18,28079038,08,71
2,18,28079039,08,44
2,18,28079040,08,31
2,18,28079047,08,55
2,18,28079048,08,27
2,18,28079049,08,41
2,18,28079050,08,52
2,18,28079054,08,28
2,18,28079055,08,35
2,18,28079056,08,96
2,18,28079057,08,40
2,18,28079058,08,40
2,18,28079059,08,5
2,18,28079060,08,21
2,18,28079008,09,5
2,18,28079024,09,3
2,18,28079038,09,6
2,18,28079047,09,4
2,18,28079048,09,3
2,18,28079050,09,8
2,18,28079008,10,6
2,18,28079018,10,7
2,18,28079024,10,4
2,18,28079036,10,4
2,18,28079038,10,11
2,18,28079040,10,6
2,18,28079047,10,8
2,18,28079048,10,6
2,18,28079050,10,41
2,18,28079055,10,7
2,18,28079057,10,11
2,18,28079060,10,5
2,18,28079008,14,21
2,18,28079016,14,49
2,18,28079017,14,42
2,18,28079018,14,31
2,18,28079024,14,51
2,18,28079027,14,47
2,18,28079035,14,11
2,18,28079039,14,37
2,18,28079049,14,39
2,18,28079054,14,39
2,18,28079056,14,14
2,18,28079058,14,24
2,18,28079059,14,43
2,18,28079060,14,55
2,18,28079008,20,5.6
2,18,28079011,20,3.7
2,18,28079018,20,1.1
2,18,28079024,20,0.9
2,18,28079038,20,6.5
2,18,28079055,20,0.5
2,18,28079008,30,1.3
2,18,28079011,30,1.7
2,18,28079018,30,0.3
2,18,28079024,30,0.4
2,18,28079038,30,1
2,18,28079055,30,0.3
2,18,28079008,35,1.1
2,18,28079011,35,0.6
2,18,28079018,35,0.9
2,18,28079024,35,0.4
2,18,28079038,35,1
2,18,28079055,35,0.1
2,18,28079024,42,1.33
2,18,28079027,42,1.21
2,18,28079055,42,1.43
2,18,28079024,44,0.25
2,18,28079027,44,0.13
2,18,28079055,44,0.12
2,19,28079004,01,8
2,19,28079008,01,17
2,19,28079017,01,4
2,19,28079018,01,9
2,19,28079024,01,2
2,19,28079035,01,8
2,19,28079036,01,8
2,19,28079038,01,7
2,19,28079040,01,4
2,19,28079057,01,6
2,19,28079004,06,0.4
2,19,28079008,06,0.5
2,19,28079016,06,0.3
2,19,28079018,06,0.5
2,19,28079024,06,0.2
2,19,28079035,06,0.6
2,19,28079036,06,0.2
2,19,28079039,06,0.3
2,19,28079056,06,0.6
2,19,28079057,06,0.4
2,19,28079004,07,22
2,19,28079008,07,26
2,19,28079011,07,16
2,19,28079016,07,4
2,19,28079017,07,7
2,19,28079018,07,11
2,19,28079024,07,1
2,19,28079027,07,5
2,19,28079035,07,47
2,19,28079036,07,4
2,19,28079038,07,34
2,19,28079039,07,5
2,19,28079040,07,5
2,19,28079047,07,6
2,19,28079048,07,4
2,19,28079049,07,3
2,19,28079050,07,45
2,19,28079054,07,12
2,19,28079055,07,4
2,19,28079056,07,74
2,19,28079057,07,25
2,19,28079058,07,11
2,19,28079059,07,2
2,19,28079060,07,2
2,19,28079004,08,68
2,19,28079008,08,64
2,19,28079011,08,79
2,19,28079016,08,32
2,19,28079017,08,59
2,19,28079018,08,71
2,19,28079024,08,30
2,19,28079027,08,22
2,19,28079035,08,85
2,19,28079036,08,19
2,19,28079038,08,74
2,19,28079039,08,51
2,19,28079040,08,39
2,19,28079047,08,60
2,19,28079048,08,38
2,19,28079049,08,45
2,19,28079050,08,76
2,19,28079054,08,32
2,19,28079055,08,21
2,19,28079056,08,103
2,19,28079057,08,66
2,19,28079058,08,36
2,19,28079059,08,8
2,19,28079060,08,26
2,19,28079008,09,5
2,19,28079024,09,3
2,19,28079038,09,6
2,19,28079047,09,5
2,19,28079048,09,5
2,19,28079050,09,8
2,19,28079008,10,6
2,19,28079018,10,8
2,19,28079024,10,5
2,19,28079036,10,9
2,19,28079038,10,10
2,19,28079040,10,8
2,19,28079047,10,8
2,19,28079048,10,10
2,19,28079050,10,16
2,19,28079055,10,6
2,19,28079057,10,10
2,19,28079060,10,8
2,19,28079008,14,18
2,19,28079016,14,45
2,19,28079017,14,23
2,19,28079018,14,13
2,19,28079024,14,41
2,19,28079027,14,60
2,19,28079035,14,8
2,19,28079039,14,32
2,19,28079049,14,35
2,19,28079054,14,43
2,19,28079056,14,8
2,19,28079058,14,28
2,19,28079059,14,35
2,19,28079060,14,51
2,19,28079008,20,6.4
2,19,28079011,20,5.5
2,19,28079018,20,2.4
2,19,28079024,20,0.9
2,19,28079038,20,7.6
2,19,28079055,20,0.4
2,19,28079008,30,1.6
2,19,28079011,30,2.2
2,19,28079018,30,0.4
2,19,28079024,30,0.5
2,19,28079038,30,1
2,19,28079055,30,0.2
2,19,28079008,35,1.1
2,19,28079011,35,0.7
2,19,28079018,35,0.3
2,19,28079024,35,0.4
2,19,28079038,35,1.1
2,19,28079055,35,0.6
2,19,28079024,42,1.34
2,19,28079027,42,1.19
2,19,28079055,42,1.41
2,19,28079024,44,0.25
2,19,28079027,44,0.12
2,19,28079055,44,0.12
2,2,28079004,01,5
2,2,28079008,01,10
2,2,28079017,01,6
2,2,28079018,01,10
2,2,28079024,01,2
2,2,28079035,01,6
2,2,28079036,01,5
2,2,28079038,01,5
2,2,28079040,01,6
2,2,28079057,01,7
2,2,28079004,06,0.6
2,2,28079008,06,0.6
2,2,28079016,06,0.9
2,2,28079018,06,0.6
2,2,28079035,06,0.6
2,2,28079036,06,0.8
2,2,28079039,06,0.6
2,2,28079056,06,0.6
2,2,28079057,06,0.6
2,2,28079004,07,119
2,2,28079008,07,96
2,2,28079011,07,52
2,2,28079016,07,140
2,2,28079017,07,136
2,2,28079018,07,61
2,2,28079024,07,29
2,2,28079027,07,116
2,2,28079035,07,69
2,2,28079036,07,111
2,2,28079038,07,42
2,2,28079039,07,90
2,2,28079040,07,85
2,2,28079047,07,104
2,2,28079048,07,18
2,2,28079049,07,111
2,2,28079050,07,24
2,2,28079054,07,50
2,2,28079055,07,135
2,2,28079056,07,98
2,2,28079057,07,76
2,2,28079058,07,9
2,2,28079059,07,75
2,2,28079060,07,36
2,2,28079004,08,42
2,2,28079008,08,57
2,2,28079011,08,57
2,2,28079016,08,73
2,2,28079017,08,59
2,2,28079018,08,42
2,2,28079024,08,26
2,2,28079027,08,62
2,2,28079035,08,55
2,2,28079036,08,56
2,2,28079038,08,58
2,2,28079039,08,58
2,2,28079040,08,64
2,2,28079047,08,45
2,2,28079048,08,55
2,2,28079049,08,45
2,2,28079050,08,54
2,2,28079054,08,34
2,2,28079055,08,62
2,2,28079056,08,58
2,2,28079057,08,69
2,2,28079058,08,9
2,2,28079059,08,30
2,2,28079060,08,61
2,2,28079008,09,15
2,2,28079024,09,7
2,2,28079038,09,7
2,2,28079047,09,13
2,2,28079048,09,3
2,2,28079050,09,9
2,2,28079008,10,10
2,2,28079018,10,11
2,2,28079024,10,7
2,2,28079036,10,10
2,2,28079038,10,10
2,2,28079040,10,16
2,2,28079047,10,15
2,2,28079048,10,5
2,2,28079050,10,12
2,2,28079055,10,21
2,2,28079057,10,22
2,2,28079060,10,9
2,2,28079008,14,4
2,2,28079016,14,4
2,2,28079017,14,3
2,2,28079018,14,1
2,2,28079024,14,4
2,2,28079027,14,4
2,2,28079035,14,2
2,2,28079039,14,2
2,2,28079049,14,2
2,2,28079054,14,3
2,2,28079056,14,3
2,2,28079058,14,2
2,2,28079059,14,2
2,2,28079060,14,1
2,2,28079008,20,5.7
2,2,28079011,20,6.3
2,2,28079018,20,2.4
2,2,28079024,20,1.6
2,2,28079038,20,4.3
2,2,28079055,20,5.4
2,2,28079008,30,2.3
2,2,28079011,30,3.1
2,2,28079018,30,0.7
2,2,28079024,30,1.1
2,2,28079038,30,1.2
2,2,28079055,30,2.2
2,2,28079008,35,1.4
2,2,28079011,35,0.8
2,2,28079018,35,0.2
2,2,28079024,35,0.4
2,2,28079038,35,0.8
2,2,28079055,35,1.3
2,2,28079024,42,1.45
2,2,28079027,42,1.67
2,2,28079055,42,2.06
2,2,28079024,44,0.29
2,2,28079027,44,0.24
2,2,28079055,44,0.39
2,20,28079004,01,10
2,20,28079008,01,18
2,20,28079017,01,5
2,20,28079018,01,9
2,20,28079024,01,2
2,20,28079035,01,8
2,20,28079036,01,21
2,20,28079038,01,9
2,20,28079040,01,5
2,20,28079057,01,5
2,20,28079004,06,0.7
2,20,28079008,06,0.6
2,20,28079016,06,0.3
2,20,28079018,06,0.6
2,20,28079024,06,0.2
2,20,28079035,06,0.7
2,20,28079036,06,0.2
2,20,28079039,06,0.3
2,20,28079056,06,0.9
2,20,28079057,06,0.3
2,20,28079004,07,89
2,20,28079008,07,43
2,20,28079011,07,24
2,20,28079016,07,10
2,20,28079017,07,67
2,20,28079018,07,45
2,20,28079024,07,1
2,20,28079027,07,2
2,20,28079035,07,50
2,20,28079036,07,6
2,20,28079038,07,61
2,20,28079039,07,22
2,20,28079040,07,4
2,20,28079047,07,20
2,20,28079048,07,3
2,20,28079049,07,5
2,20,28079050,07,15
2,20,28079054,07,14
2,20,28079055,07,4
2,20,28079056,07,228
2,20,28079057,07,14
2,20,28079058,07,11
2,20,28079059,07,2
2,20,28079060,07,1
2,20,28079004,08,97
2,20,28079008,08,77
2,20,28079011,08,85
2,20,28079016,08,44
2,20,28079017,08,97
2,20,28079018,08,94
2,20,28079024,08,29
2,20,28079027,08,13
2,20,28079035,08,87
2,20,28079036,08,28
2,20,28079038,08,96
2,20,28079039,08,68
2,20,28079040,08,43
2,20,28079047,08,72
2,20,28079048,08,53
2,20,28079049,08,63
2,20,28079050,08,58
2,20,28079054,08,39
2,20,28079055,08,21
2,20,28079056,08,152
2,20,28079057,08,40
2,20,28079058,08,38
2,20,28079059,08,8
2,20,28079060,08,22
2,20,28079008,09,8
2,20,28079024,09,4
2,20,28079038,09,11
2,20,28079047,09,7
2,20,28079048,09,3
2,20,28079050,09,7
2,20,28079008,10,7
2,20,28079018,10,13
2,20,28079024,10,4
2,20,28079036,10,9
2,20,28079038,10,16
2,20,28079040,10,8
2,20,28079047,10,12
2,20,28079048,10,6
2,20,28079050,10,13
2,20,28079055,10,8
2,20,28079057,10,6
2,20,28079060,10,4
2,20,28079008,14,11
2,20,28079016,14,36
2,20,28079017,14,4
2,20,28079018,14,3
2,20,28079024,14,39
2,20,28079027,14,66
2,20,28079035,14,5
2,20,28079039,14,24
2,20,28079049,14,17
2,20,28079054,14,38
2,20,28079056,14,3
2,20,28079058,14,16
2,20,28079059,14,37
2,20,28079060,14,56
2,20,28079008,20,6.3
2,20,28079011,20,6.1
2,20,28079018,20,3.6
2,20,28079024,20,0.8
2,20,28079038,20,5.9
2,20,28079055,20,0.3
2,20,28079008,30,1.9
2,20,28079011,30,2.7
2,20,28079018,30,0.6
2,20,28079024,30,0.4
2,20,28079038,30,1
2,20,28079055,30,0.2
2,20,28079008,35,1.4
2,20,28079011,35,0.9
2,20,28079018,35,0.3
2,20,28079024,35,0.4
2,20,28079038,35,1
2,20,28079055,35,1
2,20,28079024,42,1.34
2,20,28079027,42,1.19
2,20,28079055,42,1.41
2,20,28079024,44,0.25
2,20,28079027,44,0.12
2,20,28079055,44,0.11
2,21,28079004,01,8
2,21,28079008,01,15
2,21,28079017,01,4
2,21,28079018,01,9
2,21,28079024,01,2
2,21,28079035,01,7
2,21,28079036,01,17
2,21,28079038,01,8
2,21,28079040,01,5
2,21,28079057,01,5
2,21,28079004,06,0.4
2,21,28079008,06,0.5
2,21,28079016,06,0.2
2,21,28079018,06,0.4
2,21,28079024,06,0.3
2,21,28079035,06,0.6
2,21,28079036,06,0.2
2,21,28079039,06,0.4
2,21,28079056,06,0.6
2,21,28079057,06,0.3
2,21,28079004,07,17
2,21,28079008,07,27
2,21,28079011,07,1
2,21,28079016,07,3
2,21,28079017,07,32
2,21,28079018,07,9
2,21,28079024,07,1
2,21,28079027,07,3
2,21,28079035,07,46
2,21,28079036,07,7
2,21,28079038,07,32
2,21,28079039,07,26
2,21,28079040,07,2
2,21,28079047,07,7
2,21,28079048,07,1
2,21,28079049,07,5
2,21,28079050,07,14
2,21,28079054,07,11
2,21,28079055,07,3
2,21,28079056,07,77
2,21,28079057,07,5
2,21,28079058,07,9
2,21,28079059,07,2
2,21,28079060,07,4
2,21,28079004,08,60
2,21,28079008,08,66
2,21,28079011,08,48
2,21,28079016,08,30
2,21,28079017,08,76
2,21,28079018,08,63
2,21,28079024,08,37
2,21,28079027,08,19
2,21,28079035,08,82
2,21,28079036,08,22
2,21,28079038,08,81
2,21,28079039,08,79
2,21,28079040,08,28
2,21,28079047,08,66
2,21,28079048,08,34
2,21,28079049,08,54
2,21,28079050,08,60
2,21,28079054,08,36
2,21,28079055,08,22
2,21,28079056,08,109
2,21,28079057,08,28
2,21,28079058,08,33
2,21,28079059,08,7
2,21,28079060,08,32
2,21,28079008,09,6
2,21,28079024,09,4
2,21,28079038,09,4
2,21,28079047,09,5
2,21,28079048,09,2
2,21,28079050,09,7
2,21,28079008,10,6
2,21,28079018,10,10
2,21,28079024,10,4
2,21,28079036,10,7
2,21,28079038,10,10
2,21,28079040,10,7
2,21,28079047,10,9
2,21,28079048,10,7
2,21,28079050,10,12
2,21,28079055,10,7
2,21,28079057,10,12
2,21,28079060,10,5
2,21,28079008,14,17
2,21,28079016,14,45
2,21,28079017,14,17
2,21,28079018,14,22
2,21,28079024,14,21
2,21,28079027,14,59
2,21,28079035,14,10
2,21,28079039,14,16
2,21,28079049,14,29
2,21,28079054,14,40
2,21,28079056,14,8
2,21,28079058,14,18
2,21,28079059,14,43
2,21,28079060,14,45
2,21,28079008,20,6.8
2,21,28079011,20,3.5
2,21,28079018,20,3.4
2,21,28079024,20,0.8
2,21,28079038,20,7.4
2,21,28079055,20,0.3
2,21,28079008,30,2.3
2,21,28079011,30,1.5
2,21,28079018,30,0.6
2,21,28079024,30,0.5
2,21,28079038,30,1.9
2,21,28079055,30,0.2
2,21,28079008,35,1.7
2,21,28079011,35,0.5
2,21,28079018,35,0.3
2,21,28079024,35,0.4
2,21,28079038,35,1.2
2,21,28079055,35,1
2,21,28079024,42,1.35
2,21,28079027,42,1.19
2,21,28079055,42,1.41
2,21,28079024,44,0.26
2,21,28079027,44,0.12
2,21,28079055,44,0.11
2,22,28079004,01,8
2,22,28079008,01,17
2,22,28079017,01,4
2,22,28079018,01,9
2,22,28079024,01,2
2,22,28079035,01,7
2,22,28079036,01,25
2,22,28079038,01,7
2,22,28079040,01,4
2,22,28079057,01,5
2,22,28079004,06,0.4
2,22,28079008,06,0.4
2,22,28079016,06,0.3
2,22,28079018,06,0.5
2,22,28079024,06,0.2
2,22,28079035,06,0.6
2,22,28079036,06,0.3
2,22,28079039,06,0.4
2,22,28079056,06,0.5
2,22,28079057,06,0.3
2,22,28079004,07,16
2,22,28079008,07,22
2,22,28079011,07,1
2,22,28079016,07,4
2,22,28079017,07,1
2,22,28079018,07,13
2,22,28079024,07,1
2,22,28079027,07,4
2,22,28079035,07,38
2,22,28079036,07,7
2,22,28079038,07,28
2,22,28079039,07,12
2,22,28079040,07,2
2,22,28079047,07,7
2,22,28079048,07,1
2,22,28079049,07,3
2,22,28079050,07,13
2,22,28079054,07,15
2,22,28079055,07,3
2,22,28079056,07,71
2,22,28079057,07,5
2,22,28079058,07,14
2,22,28079059,07,2
2,22,28079060,07,3
2,22,28079004,08,63
2,22,28079008,08,64
2,22,28079011,08,51
2,22,28079016,08,33
2,22,28079017,08,52
2,22,28079018,08,77
2,22,28079024,08,35
2,22,28079027,08,25
2,22,28079035,08,78
2,22,28079036,08,30
2,22,28079038,08,80
2,22,28079039,08,73
2,22,28079040,08,39
2,22,28079047,08,64
2,22,28079048,08,38
2,22,28079049,08,52
2,22,28079050,08,62
2,22,28079054,08,38
2,22,28079055,08,23
2,22,28079056,08,105
2,22,28079057,08,30
2,22,28079058,08,33
2,22,28079059,08,17
2,22,28079060,08,41
2,22,28079008,09,8
2,22,28079024,09,5
2,22,28079038,09,10
2,22,28079047,09,8
2,22,28079048,09,7
2,22,28079050,09,9
2,22,28079008,10,7
2,22,28079018,10,11
2,22,28079024,10,6
2,22,28079036,10,11
2,22,28079038,10,11
2,22,28079040,10,7
2,22,28079047,10,10
2,22,28079048,10,14
2,22,28079050,10,13
2,22,28079055,10,7
2,22,28079057,10,14
2,22,28079060,10,10
2,22,28079008,14,15
2,22,28079016,14,39
2,22,28079017,14,28
2,22,28079018,14,11
2,22,28079024,14,36
2,22,28079027,14,51
2,22,28079035,14,10
2,22,28079039,14,14
2,22,28079049,14,27
2,22,28079054,14,36
2,22,28079056,14,8
2,22,28079058,14,10
2,22,28079059,14,36
2,22,28079060,14,37
2,22,28079008,20,4.7
2,22,28079011,20,3.5
2,22,28079018,20,1.6
2,22,28079024,20,1
2,22,28079038,20,4.3
2,22,28079055,20,0.4
2,22,28079008,30,1.5
2,22,28079011,30,1.4
2,22,28079018,30,0.5
2,22,28079024,30,0.5
2,22,28079038,30,0.7
2,22,28079055,30,0.3
2,22,28079008,35,1.1
2,22,28079011,35,0.6
2,22,28079018,35,0.7
2,22,28079024,35,0.4
2,22,28079038,35,0.7
2,22,28079055,35,1
2,22,28079024,42,1.35
2,22,28079027,42,1.19
2,22,28079055,42,1.42
2,22,28079024,44,0.26
2,22,28079027,44,0.12
2,22,28079055,44,0.12
2,23,28079004,01,7
2,23,28079008,01,12
2,23,28079017,01,3
2,23,28079018,01,8
2,23,28079024,01,2
2,23,28079035,01,6
2,23,28079036,01,18
2,23,28079038,01,5
2,23,28079040,01,4
2,23,28079057,01,5
2,23,28079004,06,0.3
2,23,28079008,06,0.4
2,23,28079016,06,0.2
2,23,28079018,06,0.4
2,23,28079024,06,0.2
2,23,28079035,06,0.5
2,23,28079036,06,0.3
2,23,28079039,06,0.3
2,23,28079056,06,0.4
2,23,28079057,06,0.3
2,23,28079004,07,9
2,23,28079008,07,12
2,23,28079011,07,1
2,23,28079016,07,2
2,23,28079017,07,1
2,23,28079018,07,3
2,23,28079024,07,1
2,23,28079027,07,3
2,23,28079035,07,30
2,23,28079036,07,4
2,23,28079038,07,10
2,23,28079039,07,3
2,23,28079040,07,2
2,23,28079047,07,3
2,23,28079048,07,1
2,23,28079049,07,2
2,23,28079050,07,4
2,23,28079054,07,12
2,23,28079055,07,3
2,23,28079056,07,32
2,23,28079057,07,2
2,23,28079058,07,8
2,23,28079059,07,3
2,23,28079060,07,1
2,23,28079004,08,43
2,23,28079008,08,48
2,23,28079011,08,37
2,23,28079016,08,23
2,23,28079017,08,44
2,23,28079018,08,48
2,23,28079024,08,39
2,23,28079027,08,20
2,23,28079035,08,60
2,23,28079036,08,19
2,23,28079038,08,50
2,23,28079039,08,45
2,23,28079040,08,31
2,23,28079047,08,48
2,23,28079048,08,23
2,23,28079049,08,38
2,23,28079050,08,34
2,23,28079054,08,31
2,23,28079055,08,22
2,23,28079056,08,70
2,23,28079057,08,19
2,23,28079058,08,25
2,23,28079059,08,19
2,23,28079060,08,28
2,23,28079008,09,7
2,23,28079024,09,5
2,23,28079038,09,7
2,23,28079047,09,6
2,23,28079048,09,6
2,23,28079050,09,6
2,23,28079008,10,6
2,23,28079018,10,9
2,23,28079024,10,6
2,23,28079036,10,7
2,23,28079038,10,8
2,23,28079040,10,6
2,23,28079047,10,8
2,23,28079048,10,13
2,23,28079050,10,9
2,23,28079055,10,6
2,23,28079057,10,17
2,23,28079060,10,10
2,23,28079008,14,26
2,23,28079016,14,44
2,23,28079017,14,33
2,23,28079018,14,28
2,23,28079024,14,34
2,23,28079027,14,54
2,23,28079035,14,21
2,23,28079039,14,32
2,23,28079049,14,37
2,23,28079054,14,38
2,23,28079056,14,19
2,23,28079058,14,8
2,23,28079059,14,31
2,23,28079060,14,46
2,23,28079008,20,4
2,23,28079011,20,3.3
2,23,28079018,20,1.4
2,23,28079024,20,0.9
2,23,28079038,20,3.7
2,23,28079055,20,0.4
2,23,28079008,30,1.2
2,23,28079011,30,1.3
2,23,28079018,30,0.3
2,23,28079024,30,0.5
2,23,28079038,30,0.6
2,23,28079055,30,0.3
2,23,28079008,35,1
2,23,28079011,35,0.5
2,23,28079018,35,0.6
2,23,28079024,35,0.4
2,23,28079038,35,0.6
2,23,28079055,35,1
2,23,28079024,42,1.35
2,23,28079027,42,1.19
2,23,28079055,42,1.42
2,23,28079024,44,0.26
2,23,28079027,44,0.12
2,23,28079055,44,0.12
2,24,28079004,01,6
2,24,28079008,01,11
2,24,28079017,01,3
2,24,28079018,01,8
2,24,28079024,01,2
2,24,28079035,01,5
2,24,28079036,01,24
2,24,28079038,01,4
2,24,28079040,01,3
2,24,28079057,01,5
2,24,28079004,06,0.3
2,24,28079008,06,0.3
2,24,28079016,06,0.2
2,24,28079018,06,0.3
2,24,28079024,06,0.2
2,24,28079035,06,0.4
2,24,28079036,06,0.3
2,24,28079039,06,0.2
2,24,28079056,06,0.3
2,24,28079057,06,0.3
2,24,28079004,07,7
2,24,28079008,07,7
2,24,28079011,07,1
2,24,28079016,07,2
2,24,28079017,07,1
2,24,28079018,07,1
2,24,28079024,07,1
2,24,28079027,07,1
2,24,28079035,07,14
2,24,28079036,07,2
2,24,28079038,07,6
2,24,28079039,07,1
2,24,28079040,07,1
2,24,28079047,07,2
2,24,28079048,07,1
2,24,28079049,07,1
2,24,28079050,07,2
2,24,28079054,07,9
2,24,28079055,07,2
2,24,28079056,07,32
2,24,28079057,07,1
2,24,28079058,07,7
2,24,28079059,07,2
2,24,28079060,07,1
2,24,28079004,08,30
2,24,28079008,08,34
2,24,28079011,08,18
2,24,28079016,08,16
2,24,28079017,08,30
2,24,28079018,08,31
2,24,28079024,08,23
2,24,28079027,08,13
2,24,28079035,08,41
2,24,28079036,08,15
2,24,28079038,08,33
2,24,28079039,08,28
2,24,28079040,08,22
2,24,28079047,08,32
2,24,28079048,08,14
2,24,28079049,08,24
2,24,28079050,08,23
2,24,28079054,08,31
2,24,28079055,08,22
2,24,28079056,08,70
2,24,28079057,08,12
2,24,28079058,08,19
2,24,28079059,08,8
2,24,28079060,08,20
2,24,28079008,09,5
2,24,28079024,09,5
2,24,28079038,09,5
2,24,28079047,09,4
2,24,28079048,09,4
2,24,28079050,09,4
2,24,28079008,10,4
2,24,28079018,10,6
2,24,28079024,10,5
2,24,28079036,10,3
2,24,28079038,10,6
2,24,28079040,10,5
2,24,28079047,10,5
2,24,28079048,10,7
2,24,28079050,10,7
2,24,28079055,10,4
2,24,28079057,10,7
2,24,28079060,10,6
2,24,28079008,14,34
2,24,28079016,14,49
2,24,28079017,14,41
2,24,28079018,14,38
2,24,28079024,14,44
2,24,28079027,14,60
2,24,28079035,14,31
2,24,28079039,14,42
2,24,28079049,14,47
2,24,28079054,14,35
2,24,28079056,14,18
2,24,28079058,14,13
2,24,28079059,14,43
2,24,28079060,14,50
2,24,28079008,20,3
2,24,28079011,20,1.8
2,24,28079018,20,0.5
2,24,28079024,20,1
2,24,28079038,20,2.2
2,24,28079055,20,0.5
2,24,28079008,30,0.9
2,24,28079011,30,0.9
2,24,28079018,30,0.2
2,24,28079024,30,0.5
2,24,28079038,30,0.3
2,24,28079055,30,0.3
2,24,28079008,35,0.9
2,24,28079011,35,0.9
2,24,28079018,35,1
2,24,28079024,35,0.4
2,24,28079038,35,0.4
2,24,28079055,35,0.6
2,24,28079024,42,1.35
2,24,28079027,42,1.19
2,24,28079055,42,1.43
2,24,28079024,44,0.25
2,24,28079027,44,0.12
2,24,28079055,44,0.13
2,3,28079004,01,5
2,3,28079008,01,10
2,3,28079017,01,5
2,3,28079018,01,8
2,3,28079024,01,2
2,3,28079035,01,7
2,3,28079036,01,5
2,3,28079038,01,5
2,3,28079040,01,6
2,3,28079057,01,6
2,3,28079004,06,0.6
2,3,28079008,06,0.7
2,3,28079016,06,0.8
2,3,28079018,06,0.5
2,3,28079035,06,0.7
2,3,28079036,06,0.7
2,3,28079039,06,0.6
2,3,28079056,06,0.4
2,3,28079057,06,0.5
2,3,28079004,07,116
2,3,28079008,07,86
2,3,28079011,07,80
2,3,28079016,07,126
2,3,28079017,07,117
2,3,28079018,07,49
2,3,28079024,07,11
2,3,28079027,07,32
2,3,28079035,07,101
2,3,28079036,07,117
2,3,28079038,07,19
2,3,28079039,07,84
2,3,28079040,07,109
2,3,28079047,07,86
2,3,28079048,07,21
2,3,28079049,07,92
2,3,28079050,07,38
2,3,28079054,07,58
2,3,28079055,07,60
2,3,28079056,07,71
2,3,28079057,07,52
2,3,28079058,07,7
2,3,28079059,07,71
2,3,28079060,07,41
2,3,28079004,08,33
2,3,28079008,08,54
2,3,28079011,08,58
2,3,28079016,08,67
2,3,28079017,08,50
2,3,28079018,08,32
2,3,28079024,08,17
2,3,28079027,08,46
2,3,28079035,08,56
2,3,28079036,08,54
2,3,28079038,08,55
2,3,28079039,08,59
2,3,28079040,08,63
2,3,28079047,08,36
2,3,28079048,08,54
2,3,28079049,08,38
2,3,28079050,08,54
2,3,28079054,08,35
2,3,28079055,08,46
2,3,28079056,08,41
2,3,28079057,08,58
2,3,28079058,08,8
2,3,28079059,08,27
2,3,28079060,08,57
2,3,28079008,09,14
2,3,28079024,09,6
2,3,28079038,09,7
2,3,28079047,09,12
2,3,28079048,09,6
2,3,28079050,09,9
2,3,28079008,10,9
2,3,28079018,10,9
2,3,28079024,10,5
2,3,28079036,10,12
2,3,28079038,10,8
2,3,28079040,10,17
2,3,28079047,10,13
2,3,28079048,10,8
2,3,28079050,10,14
2,3,28079055,10,17
2,3,28079057,10,6
2,3,28079060,10,2
2,3,28079008,14,4
2,3,28079016,14,4
2,3,28079017,14,3
2,3,28079018,14,1
2,3,28079024,14,4
2,3,28079027,14,4
2,3,28079035,14,2
2,3,28079039,14,2
2,3,28079049,14,2
2,3,28079054,14,4
2,3,28079056,14,3
2,3,28079058,14,2
2,3,28079059,14,1
2,3,28079060,14,1
2,3,28079008,20,5
2,3,28079011,20,9.5
2,3,28079018,20,1.4
2,3,28079024,20,1
2,3,28079038,20,3.1
2,3,28079055,20,3.6
2,3,28079008,30,1.9
2,3,28079011,30,4
2,3,28079018,30,0.4
2,3,28079024,30,0.7
2,3,28079038,30,0.8
2,3,28079055,30,1.7
2,3,28079008,35,1
2,3,28079011,35,1.2
2,3,28079018,35,0.7
2,3,28079024,35,0.4
2,3,28079038,35,0.5
2,3,28079055,35,1.1
2,3,28079024,42,1.42
2,3,28079027,42,1.64
2,3,28079055,42,1.99
2,3,28079024,44,0.28
2,3,28079027,44,0.22
2,3,28079055,44,0.32
2,4,28079004,01,4
2,4,28079008,01,12
2,4,28079017,01,4
2,4,28079018,01,6
2,4,28079024,01,2
2,4,28079035,01,8
2,4,28079036,01,4
2,4,28079038,01,5
2,4,28079040,01,7
2,4,28079057,01,5
2,4,28079004,06,0.5
2,4,28079008,06,0.9
2,4,28079016,06,0.7
2,4,28079018,06,0.4
2,4,28079035,06,0.8
2,4,28079036,06,0.6
2,4,28079039,06,0.5
2,4,28079056,06,0.4
2,4,28079057,06,0.5
2,4,28079004,07,90
2,4,28079008,07,158
2,4,28079011,07,83
2,4,28079016,07,109
2,4,28079017,07,69
2,4,28079018,07,37
2,4,28079024,07,17
2,4,28079027,07,45
2,4,28079035,07,154
2,4,28079036,07,91
2,4,28079038,07,27
2,4,28079039,07,78
2,4,28079040,07,130
2,4,28079047,07,84
2,4,28079048,07,61
2,4,28079049,07,123
2,4,28079050,07,61
2,4,28079054,07,56
2,4,28079055,07,46
2,4,28079056,07,72
2,4,28079057,07,50
2,4,28079058,07,3
2,4,28079059,07,54
2,4,28079060,07,51
2,4,28079004,08,28
2,4,28079008,08,57
2,4,28079011,08,55
2,4,28079016,08,59
2,4,28079017,08,43
2,4,28079018,08,26
2,4,28079024,08,18
2,4,28079027,08,48
2,4,28079035,08,62
2,4,28079036,08,51
2,4,28079038,08,56
2,4,28079039,08,49
2,4,28079040,08,63
2,4,28079047,08,32
2,4,28079048,08,59
2,4,28079049,08,31
2,4,28079050,08,59
2,4,28079054,08,39
2,4,28079055,08,46
2,4,28079056,08,33
2,4,28079057,08,51
2,4,28079058,08,7
2,4,28079059,08,29
2,4,28079060,08,57
2,4,28079008,09,19
2,4,28079024,09,7
2,4,28079038,09,8
2,4,28079047,09,11
2,4,28079048,09,10
2,4,28079050,09,15
2,4,28079008,10,10
2,4,28079018,10,8
2,4,28079024,10,6
2,4,28079036,10,14
2,4,28079038,10,9
2,4,28079040,10,17
2,4,28079047,10,12
2,4,28079048,10,9
2,4,28079050,10,18
2,4,28079055,10,12
2,4,28079057,10,9
2,4,28079060,10,9
2,4,28079008,14,4
2,4,28079016,14,4
2,4,28079017,14,3
2,4,28079018,14,1
2,4,28079024,14,3
2,4,28079027,14,4
2,4,28079035,14,2
2,4,28079039,14,4
2,4,28079049,14,2
2,4,28079054,14,4
2,4,28079056,14,3
2,4,28079058,14,3
2,4,28079059,14,1
2,4,28079060,14,1
2,4,28079008,20,6.1
2,4,28079011,20,7.1
2,4,28079018,20,1.3
2,4,28079024,20,0.9
2,4,28079038,20,2.5
2,4,28079055,20,2.6
2,4,28079008,30,2.2
2,4,28079011,30,3.6
2,4,28079018,30,0.3
2,4,28079024,30,0.7
2,4,28079038,30,0.5
2,4,28079055,30,1.2
2,4,28079008,35,2.1
2,4,28079011,35,1.1
2,4,28079018,35,0.7
2,4,28079024,35,0.4
2,4,28079038,35,0.4
2,4,28079055,35,0.7
2,4,28079024,42,1.44
2,4,28079027,42,2.11
2,4,28079055,42,2.54
2,4,28079024,44,0.28
2,4,28079027,44,0.26
2,4,28079055,44,0.36
2,5,28079004,01,4
2,5,28079008,01,11
2,5,28079017,01,4
2,5,28079018,01,8
2,5,28079024,01,2
2,5,28079035,01,6
2,5,28079036,01,4
2,5,28079038,01,5
2,5,28079040,01,7
2,5,28079057,01,5
2,5,28079004,06,0.5
2,5,28079008,06,0.7
2,5,28079016,06,0.7
2,5,28079018,06,0.4
2,5,28079035,06,0.6
2,5,28079036,06,0.6
2,5,28079039,06,0.5
2,5,28079056,06,0.4
2,5,28079057,06,0.5
2,5,28079004,07,70
2,5,28079008,07,124
2,5,28079011,07,87
2,5,28079016,07,100
2,5,28079017,07,48
2,5,28079018,07,36
2,5,28079024,07,29
2,5,28079027,07,45
2,5,28079035,07,94
2,5,28079036,07,102
2,5,28079038,07,58
2,5,28079039,07,69
2,5,28079040,07,143
2,5,28079047,07,92
2,5,28079048,07,77
2,5,28079049,07,134
2,5,28079050,07,29
2,5,28079054,07,49
2,5,28079055,07,41
2,5,28079056,07,95
2,5,28079057,07,60
2,5,28079058,07,5
2,5,28079059,07,62
2,5,28079060,07,81
2,5,28079004,08,24
2,5,28079008,08,47
2,5,28079011,08,52
2,5,28079016,08,53
2,5,28079017,08,41
2,5,28079018,08,27
2,5,28079024,08,22
2,5,28079027,08,46
2,5,28079035,08,41
2,5,28079036,08,45
2,5,28079038,08,52
2,5,28079039,08,43
2,5,28079040,08,58
2,5,28079047,08,35
2,5,28079048,08,60
2,5,28079049,08,31
2,5,28079050,08,58
2,5,28079054,08,32
2,5,28079055,08,45
2,5,28079056,08,43
2,5,28079057,08,50
2,5,28079058,08,6
2,5,28079059,08,25
2,5,28079060,08,61
2,5,28079008,09,17
2,5,28079024,09,7
2,5,28079038,09,10
2,5,28079047,09,11
2,5,28079048,09,13
2,5,28079050,09,13
2,5,28079008,10,10
2,5,28079018,10,8
2,5,28079024,10,7
2,5,28079036,10,16
2,5,28079038,10,11
2,5,28079040,10,17
2,5,28079047,10,11
2,5,28079048,10,15
2,5,28079050,10,14
2,5,28079055,10,8
2,5,28079057,10,3
2,5,28079060,10,11
2,5,28079008,14,4
2,5,28079016,14,3
2,5,28079017,14,3
2,5,28079018,14,1
2,5,28079024,14,3
2,5,28079027,14,4
2,5,28079035,14,2
2,5,28079039,14,2
2,5,28079049,14,2
2,5,28079054,14,4
2,5,28079056,14,3
2,5,28079058,14,3
2,5,28079059,14,1
2,5,28079060,14,3
2,5,28079008,20,7.1
2,5,28079011,20,6.9
2,5,28079018,20,1
2,5,28079024,20,0.9
2,5,28079038,20,4.3
2,5,28079055,20,2.6
2,5,28079008,30,2.6
2,5,28079011,30,3.6
2,5,28079018,30,0.3
2,5,28079024,30,0.7
2,5,28079038,30,1.1
2,5,28079055,30,1.1
2,5,28079008,35,2.8
2,5,28079011,35,1
2,5,28079018,35,1
2,5,28079024,35,0.4
2,5,28079038,35,0.8
2,5,28079055,35,0.6
2,5,28079024,42,1.47
2,5,28079027,42,1.98
2,5,28079055,42,2.48
2,5,28079024,44,0.29
2,5,28079027,44,0.3
2,5,28079055,44,0.31
2,6,28079004,01,3
2,6,28079008,01,10
2,6,28079017,01,4
2,6,28079018,01,9
2,6,28079024,01,1
2,6,28079035,01,5
2,6,28079036,01,4
2,6,28079038,01,5
2,6,28079040,01,7
2,6,28079057,01,6
2,6,28079004,06,0.4
2,6,28079008,06,0.5
2,6,28079016,06,0.6
2,6,28079018,06,0.4
2,6,28079035,06,0.5
2,6,28079036,06,0.6
2,6,28079039,06,0.5
2,6,28079056,06,0.4
2,6,28079057,06,0.5
2,6,28079004,07,54
2,6,28079008,07,100
2,6,28079011,07,54
2,6,28079016,07,95
2,6,28079017,07,48
2,6,28079018,07,36
2,6,28079024,07,7
2,6,28079027,07,36
2,6,28079035,07,57
2,6,28079036,07,113
2,6,28079038,07,52
2,6,28079039,07,58
2,6,28079040,07,155
2,6,28079047,07,72
2,6,28079048,07,89
2,6,28079049,07,99
2,6,28079050,07,12
2,6,28079054,07,53
2,6,28079055,07,36
2,6,28079056,07,66
2,6,28079057,07,65
2,6,28079058,07,4
2,6,28079059,07,61
2,6,28079060,07,68
2,6,28079004,08,22
2,6,28079008,08,38
2,6,28079011,08,53
2,6,28079016,08,51
2,6,28079017,08,38
2,6,28079018,08,26
2,6,28079024,08,15
2,6,28079027,08,42
2,6,28079035,08,40
2,6,28079036,08,46
2,6,28079038,08,42
2,6,28079039,08,37
2,6,28079040,08,59
2,6,28079047,08,33
2,6,28079048,08,56
2,6,28079049,08,28
2,6,28079050,08,51
2,6,28079054,08,31
2,6,28079055,08,45
2,6,28079056,08,38
2,6,28079057,08,57
2,6,28079058,08,6
2,6,28079059,08,23
2,6,28079060,08,53
2,6,28079008,09,12
2,6,28079024,09,6
2,6,28079038,09,8
2,6,28079047,09,11
2,6,28079048,09,10
2,6,28079050,09,8
2,6,28079008,10,7
2,6,28079018,10,7
2,6,28079024,10,5
2,6,28079036,10,7
2,6,28079038,10,10
2,6,28079040,10,17
2,6,28079047,10,10
2,6,28079048,10,10
2,6,28079050,10,6
2,6,28079055,10,7
2,6,28079057,10,21
2,6,28079060,10,5
2,6,28079008,14,4
2,6,28079016,14,4
2,6,28079017,14,3
2,6,28079018,14,1
2,6,28079024,14,3
2,6,28079027,14,3
2,6,28079035,14,2
2,6,28079039,14,2
2,6,28079049,14,1
2,6,28079054,14,4
2,6,28079056,14,3
2,6,28079058,14,3
2,6,28079059,14,1
2,6,28079060,14,1
2,6,28079008,20,5.7
2,6,28079011,20,6.6
2,6,28079018,20,0.9
2,6,28079024,20,1
2,6,28079038,20,4
2,6,28079055,20,2.4
2,6,28079008,30,1.9
2,6,28079011,30,3
2,6,28079018,30,0.3
2,6,28079024,30,0.7
2,6,28079038,30,0.9
2,6,28079055,30,1
2,6,28079008,35,1.5
2,6,28079011,35,0.8
2,6,28079018,35,1
2,6,28079024,35,0.5
2,6,28079038,35,0.7
2,6,28079055,35,0.5
2,6,28079024,42,1.43
2,6,28079027,42,1.92
2,6,28079055,42,2.34
2,6,28079024,44,0.28
2,6,28079027,44,0.28
2,6,28079055,44,0.32
2,7,28079004,01,4
2,7,28079008,01,11
2,7,28079017,01,4
2,7,28079018,01,8
2,7,28079024,01,2
2,7,28079035,01,5
2,7,28079036,01,4
2,7,28079038,01,7
2,7,28079040,01,5
2,7,28079057,01,4
2,7,28079004,06,0.5
2,7,28079008,06,0.6
2,7,28079016,06,0.5
2,7,28079018,06,0.5
2,7,28079035,06,0.5
2,7,28079036,06,0.5
2,7,28079039,06,0.5
2,7,28079056,06,0.5
2,7,28079057,06,0.4
2,7,28079004,07,81
2,7,28079008,07,132
2,7,28079011,07,30
2,7,28079016,07,59
2,7,28079017,07,60
2,7,28079018,07,36
2,7,28079024,07,17
2,7,28079027,07,40
2,7,28079035,07,72
2,7,28079036,07,67
2,7,28079038,07,95
2,7,28079039,07,71
2,7,28079040,07,97
2,7,28079047,07,91
2,7,28079048,07,57
2,7,28079049,07,81
2,7,28079050,07,12
2,7,28079054,07,64
2,7,28079055,07,67
2,7,28079056,07,131
2,7,28079057,07,17
2,7,28079058,07,12
2,7,28079059,07,43
2,7,28079060,07,7
2,7,28079004,08,28
2,7,28079008,08,47
2,7,28079011,08,54
2,7,28079016,08,57
2,7,28079017,08,40
2,7,28079018,08,29
2,7,28079024,08,15
2,7,28079027,08,51
2,7,28079035,08,40
2,7,28079036,08,51
2,7,28079038,08,56
2,7,28079039,08,51
2,7,28079040,08,60
2,7,28079047,08,32
2,7,28079048,08,56
2,7,28079049,08,26
2,7,28079050,08,49
2,7,28079054,08,35
2,7,28079055,08,55
2,7,28079056,08,51
2,7,28079057,08,54
2,7,28079058,08,6
2,7,28079059,08,33
2,7,28079060,08,38
2,7,28079008,09,15
2,7,28079024,09,7
2,7,28079038,09,16
2,7,28079047,09,12
2,7,28079048,09,9
2,7,28079050,09,4
2,7,28079008,10,9
2,7,28079018,10,8
2,7,28079024,10,6
2,7,28079036,10,15
2,7,28079038,10,15
2,7,28079040,10,13
2,7,28079047,10,18
2,7,28079048,10,12
2,7,28079050,10,4
2,7,28079055,10,8
2,7,28079057,10,19
2,7,28079060,10,21
2,7,28079008,14,4
2,7,28079016,14,3
2,7,28079017,14,3
2,7,28079018,14,1
2,7,28079024,14,3
2,7,28079027,14,6
2,7,28079035,14,2
2,7,28079039,14,2
2,7,28079049,14,1
2,7,28079054,14,4
2,7,28079056,14,3
2,7,28079058,14,3
2,7,28079059,14,3
2,7,28079060,14,22
2,7,28079008,20,5.1
2,7,28079011,20,4.8
2,7,28079018,20,1.3
2,7,28079024,20,0.9
2,7,28079038,20,8
2,7,28079055,20,2.4
2,7,28079008,30,1.7
2,7,28079011,30,2.3
2,7,28079018,30,0.4
2,7,28079024,30,0.6
2,7,28079038,30,2.1
2,7,28079055,30,1
2,7,28079008,35,1
2,7,28079011,35,0.3
2,7,28079018,35,0.7
2,7,28079024,35,0.4
2,7,28079038,35,1.5
2,7,28079055,35,0.6
2,7,28079024,42,1.48
2,7,28079027,42,1.77
2,7,28079055,42,2.22
2,7,28079024,44,0.3
2,7,28079027,44,0.29
2,7,28079055,44,0.32
2,8,28079004,01,6
2,8,28079008,01,12
2,8,28079017,01,5
2,8,28079018,01,9
2,8,28079024,01,2
2,8,28079035,01,5
2,8,28079036,01,6
2,8,28079038,01,8
2,8,28079040,01,6
2,8,28079057,01,4
2,8,28079004,06,0.8
2,8,28079008,06,0.7
2,8,28079016,06,0.4
2,8,28079018,06,0.7
2,8,28079035,06,0.6
2,8,28079036,06,0.8
2,8,28079039,06,0.6
2,8,28079056,06,0.6
2,8,28079057,06,0.3
2,8,28079004,07,159
2,8,28079008,07,154
2,8,28079011,07,63
2,8,28079016,07,58
2,8,28079017,07,116
2,8,28079018,07,98
2,8,28079024,07,36
2,8,28079027,07,72
2,8,28079035,07,80
2,8,28079036,07,172
2,8,28079038,07,114
2,8,28079039,07,108
2,8,28079040,07,136
2,8,28079047,07,152
2,8,28079048,07,130
2,8,28079049,07,125
2,8,28079050,07,59
2,8,28079054,07,53
2,8,28079055,07,170
2,8,28079056,07,234
2,8,28079057,07,4
2,8,28079058,07,53
2,8,28079059,07,98
2,8,28079060,07,3
2,8,28079004,08,48
2,8,28079008,08,54
2,8,28079011,08,65
2,8,28079016,08,70
2,8,28079017,08,49
2,8,28079018,08,44
2,8,28079024,08,23
2,8,28079027,08,82
2,8,28079035,08,44
2,8,28079036,08,55
2,8,28079038,08,68
2,8,28079039,08,51
2,8,28079040,08,64
2,8,28079047,08,43
2,8,28079048,08,76
2,8,28079049,08,34
2,8,28079050,08,76
2,8,28079054,08,33
2,8,28079055,08,82
2,8,28079056,08,83
2,8,28079057,08,45
2,8,28079058,08,19
2,8,28079059,08,38
2,8,28079060,08,36
2,8,28079008,09,17
2,8,28079024,09,9
2,8,28079038,09,11
2,8,28079047,09,16
2,8,28079048,09,6
2,8,28079050,09,5
2,8,28079008,10,10
2,8,28079018,10,13
2,8,28079024,10,9
2,8,28079036,10,13
2,8,28079038,10,15
2,8,28079040,10,16
2,8,28079047,10,20
2,8,28079048,10,13
2,8,28079050,10,11
2,8,28079055,10,18
2,8,28079057,10,25
2,8,28079060,10,6
2,8,28079008,14,4
2,8,28079016,14,5
2,8,28079017,14,3
2,8,28079018,14,1
2,8,28079024,14,3
2,8,28079027,14,4
2,8,28079035,14,2
2,8,28079039,14,2
2,8,28079049,14,1
2,8,28079054,14,4
2,8,28079056,14,3
2,8,28079058,14,2
2,8,28079059,14,6
2,8,28079060,14,36
2,8,28079008,20,5.5
2,8,28079011,20,9
2,8,28079018,20,2.9
2,8,28079024,20,1
2,8,28079038,20,7.7
2,8,28079055,20,3.2
2,8,28079008,30,1.8
2,8,28079011,30,3.4
2,8,28079018,30,0.7
2,8,28079024,30,0.7
2,8,28079038,30,2
2,8,28079055,30,1.3
2,8,28079008,35,1.3
2,8,28079011,35,0.6
2,8,28079018,35,0.4
2,8,28079024,35,0.4
2,8,28079038,35,1.4
2,8,28079055,35,0.6
2,8,28079024,42,1.52
2,8,28079027,42,1.66
2,8,28079055,42,2.05
2,8,28079024,44,0.32
2,8,28079027,44,0.32
2,8,28079055,44,0.33
2,9,28079004,01,10
2,9,28079008,01,16
2,9,28079017,01,7
2,9,28079024,01,4
2,9,28079035,01,10
2,9,28079036,01,10
2,9,28079038,01,13
2,9,28079040,01,9
2,9,28079057,01,3
2,9,28079004,06,1.3
2,9,28079008,06,1
2,9,28079016,06,0.8
2,9,28079018,06,1
2,9,28079035,06,1
2,9,28079036,06,1.4
2,9,28079039,06,1
2,9,28079056,06,0.7
2,9,28079057,06,0.3
2,9,28079004,07,301
2,9,28079008,07,265
2,9,28079011,07,58
2,9,28079016,07,104
2,9,28079017,07,208
2,9,28079018,07,225
2,9,28079024,07,87
2,9,28079027,07,154
2,9,28079035,07,196
2,9,28079036,07,356
2,9,28079038,07,243
2,9,28079039,07,180
2,9,28079040,07,243
2,9,28079047,07,162
2,9,28079048,07,104
2,9,28079049,07,206
2,9,28079050,07,149
2,9,28079054,07,88
2,9,28079055,07,262
2,9,28079056,07,247
2,9,28079057,07,5
2,9,28079058,07,62
2,9,28079059,07,157
2,9,28079060,07,2
2,9,28079004,08,70
2,9,28079008,08,70
2,9,28079011,08,81
2,9,28079016,08,87
2,9,28079017,08,60
2,9,28079018,08,78
2,9,28079024,08,36
2,9,28079027,08,88
2,9,28079035,08,73
2,9,28079036,08,101
2,9,28079038,08,114
2,9,28079039,08,77
2,9,28079040,08,83
2,9,28079047,08,49
2,9,28079048,08,72
2,9,28079049,08,46
2,9,28079050,08,112
2,9,28079054,08,37
2,9,28079055,08,97
2,9,28079056,08,89
2,9,28079057,08,40
2,9,28079058,08,19
2,9,28079059,08,31
2,9,28079060,08,27
2,9,28079008,09,24
2,9,28079024,09,13
2,9,28079038,09,24
2,9,28079047,09,16
2,9,28079048,09,8
2,9,28079050,09,14
2,9,28079008,10,15
2,9,28079018,10,24
2,9,28079024,10,13
2,9,28079036,10,26
2,9,28079038,10,30
2,9,28079040,10,25
2,9,28079047,10,16
2,9,28079048,10,11
2,9,28079050,10,29
2,9,28079055,10,25
2,9,28079057,10,4
2,9,28079060,10,4
2,9,28079008,14,4
2,9,28079016,14,5
2,9,28079017,14,3
2,9,28079018,14,1
2,9,28079024,14,3
2,9,28079027,14,4
2,9,28079035,14,2
2,9,28079039,14,2
2,9,28079049,14,1
2,9,28079054,14,4
2,9,28079056,14,3
2,9,28079058,14,2
2,9,28079059,14,1
2,9,28079060,14,52
2,9,28079008,20,6.4
2,9,28079011,20,4.9
2,9,28079018,20,4.7
2,9,28079024,20,1.6
2,9,28079038,20,8.7
2,9,28079055,20,5.4
2,9,28079008,30,2.6
2,9,28079011,30,2.2
2,9,28079018,30,1
2,9,28079024,30,0.9
2,9,28079038,30,2.4
2,9,28079055,30,2
2,9,28079008,35,2
2,9,28079011,35,0.6
2,9,28079018,35,0.4
2,9,28079024,35,0.4
2,9,28079038,35,1.6
2,9,28079055,35,0.8
2,9,28079024,42,1.67
2,9,28079027,42,1.66
2,9,28079055,42,2.02
2,9,28079024,44,0.38
2,9,28079027,44,0.34
2,9,28079055,44,0.35
3,1,28079004,01,5
3,1,28079008,01,10
3,1,28079017,01,3
3,1,28079018,01,8
3,1,28079024,01,1
3,1,28079035,01,5
3,1,28079036,01,23
3,1,28079038,01,4
3,1,28079040,01,3
3,1,28079057,01,5
3,1,28079004,06,0.3
3,1,28079008,06,0.3
3,1,28079016,06,0.2
3,1,28079018,06,0.3
3,1,28079024,06,0.2
3,1,28079035,06,0.3
3,1,28079036,06,0.3
3,1,28079039,06,0.2
3,1,28079056,06,0.3
3,1,28079057,06,0.2
3,1,28079004,07,7
3,1,28079008,07,5
3,1,28079011,07,1
3,1,28079016,07,1
3,1,28079017,07,1
3,1,28079018,07,2
3,1,28079024,07,1
3,1,28079027,07,1
3,1,28079035,07,10
3,1,28079036,07,2
3,1,28079038,07,6
3,1,28079039,07,1
3,1,28079040,07,3
3,1,28079047,07,1
3,1,28079048,07,1
3,1,28079049,07,1
3,1,28079050,07,1
3,1,28079054,07,21
3,1,28079055,07,11
3,1,28079056,07,32
3,1,28079057,07,1
3,1,28079058,07,5
3,1,28079059,07,2
3,1,28079060,07,1
3,1,28079004,08,24
3,1,28079008,08,24
3,1,28079011,08,16
3,1,28079016,08,18
3,1,28079017,08,22
3,1,28079018,08,33
3,1,28079024,08,32
3,1,28079027,08,23
3,1,28079035,08,35
3,1,28079036,08,14
3,1,28079038,08,31
3,1,28079039,08,21
3,1,28079040,08,32
3,1,28079047,08,23
3,1,28079048,08,11
3,1,28079049,08,16
3,1,28079050,08,13
3,1,28079054,08,56
3,1,28079055,08,52
3,1,28079056,08,69
3,1,28079057,08,9
3,1,28079058,08,19
3,1,28079059,08,19
3,1,28079060,08,17
3,1,28079008,09,4
3,1,28079024,09,5
3,1,28079038,09,4
3,1,28079047,09,3
3,1,28079048,09,1
3,1,28079050,09,4
3,1,28079008,10,3
3,1,28079018,10,5
3,1,28079024,10,5
3,1,28079036,10,3
3,1,28079038,10,5
3,1,28079040,10,5
3,1,28079047,10,5
3,1,28079048,10,4
3,1,28079050,10,6
3,1,28079055,10,5
3,1,28079057,10,4
3,1,28079060,10,4
3,1,28079008,14,43
3,1,28079016,14,47
3,1,28079017,14,47
3,1,28079018,14,35
3,1,28079024,14,33
3,1,28079027,14,46
3,1,28079035,14,36
3,1,28079039,14,48
3,1,28079049,14,54
3,1,28079054,14,10
3,1,28079056,14,18
3,1,28079058,14,10
3,1,28079059,14,29
3,1,28079060,14,53
3,1,28079008,20,2.5
3,1,28079011,20,1.6
3,1,28079018,20,0.6
3,1,28079024,20,0.9
3,1,28079038,20,2.1
3,1,28079055,20,0.5
3,1,28079008,30,0.8
3,1,28079011,30,0.8
3,1,28079018,30,0.2
3,1,28079024,30,0.6
3,1,28079038,30,0.3
3,1,28079055,30,0.3
3,1,28079008,35,1
3,1,28079011,35,1
3,1,28079018,35,1
3,1,28079024,35,0.4
3,1,28079038,35,0.4
3,1,28079055,35,0.4
3,1,28079024,42,1.36
3,1,28079027,42,1.22
3,1,28079055,42,1.49
3,1,28079024,44,0.26
3,1,28079027,44,0.13
3,1,28079055,44,0.18
3,10,28079004,01,9
3,10,28079008,01,17
3,10,28079017,01,5
3,10,28079018,01,9
3,10,28079024,01,2
3,10,28079035,01,12
3,10,28079036,01,24
3,10,28079038,01,12
3,10,28079040,01,6
3,10,28079057,01,5
3,10,28079004,06,1
3,10,28079008,06,0.7
3,10,28079016,06,0.5
3,10,28079018,06,0.7
3,10,28079024,06,0.3
3,10,28079035,06,0.7
3,10,28079036,06,1
3,10,28079039,06,0.8
3,10,28079056,06,0.8
3,10,28079057,06,0.5
3,10,28079004,07,246
3,10,28079008,07,70
3,10,28079011,07,38
3,10,28079016,07,46
3,10,28079017,07,104
3,10,28079018,07,89
3,10,28079024,07,33
3,10,28079027,07,115
3,10,28079035,07,152
3,10,28079036,07,89
3,10,28079038,07,186
3,10,28079039,07,181
3,10,28079040,07,55
3,10,28079047,07,149
3,10,28079048,07,35
3,10,28079049,07,22
3,10,28079050,07,31
3,10,28079054,07,37
3,10,28079055,07,100
3,10,28079056,07,187
3,10,28079057,07,31
3,10,28079058,07,44
3,10,28079059,07,32
3,10,28079060,07,68
3,10,28079004,08,96
3,10,28079008,08,75
3,10,28079011,08,74
3,10,28079016,08,73
3,10,28079017,08,80
3,10,28079018,08,67
3,10,28079024,08,40
3,10,28079027,08,94
3,10,28079035,08,83
3,10,28079036,08,81
3,10,28079038,08,114
3,10,28079039,08,105
3,10,28079040,08,77
3,10,28079047,08,52
3,10,28079048,08,66
3,10,28079049,08,61
3,10,28079050,08,62
3,10,28079054,08,50
3,10,28079055,08,84
3,10,28079056,08,99
3,10,28079057,08,62
3,10,28079058,08,24
3,10,28079059,08,36
3,10,28079060,08,78
3,10,28079008,09,12
3,10,28079024,09,11
3,10,28079038,09,22
3,10,28079047,09,20
3,10,28079048,09,1
3,10,28079050,09,8
3,10,28079008,10,10
3,10,28079018,10,20
3,10,28079024,10,11
3,10,28079036,10,21
3,10,28079038,10,33
3,10,28079040,10,19
3,10,28079047,10,26
3,10,28079048,10,5
3,10,28079050,10,14
3,10,28079055,10,25
3,10,28079057,10,6
3,10,28079060,10,9
3,10,28079008,14,9
3,10,28079016,14,7
3,10,28079017,14,8
3,10,28079018,14,3
3,10,28079024,14,6
3,10,28079027,14,6
3,10,28079035,14,2
3,10,28079039,14,6
3,10,28079049,14,7
3,10,28079054,14,17
3,10,28079056,14,4
3,10,28079058,14,3
3,10,28079059,14,11
3,10,28079060,14,9
3,10,28079008,20,7.3
3,10,28079011,20,6.8
3,10,28079018,20,3.2
3,10,28079024,20,1.8
3,10,28079038,20,17.1
3,10,28079055,20,3.9
3,10,28079008,30,2.7
3,10,28079011,30,3
3,10,28079018,30,0.6
3,10,28079024,30,0.7
3,10,28079038,30,3.7
3,10,28079055,30,1.7
3,10,28079008,35,1.7
3,10,28079011,35,1.1
3,10,28079018,35,0.3
3,10,28079024,35,0.4
3,10,28079038,35,2.6
3,10,28079055,35,0.8
3,10,28079024,42,1.41
3,10,28079027,42,1.34
3,10,28079055,42,1.6
3,10,28079024,44,0.28
3,10,28079027,44,0.19
3,10,28079055,44,0.22
3,11,28079004,01,9
3,11,28079008,01,21
3,11,28079017,01,5
3,11,28079018,01,11
3,11,28079024,01,4
3,11,28079035,01,9
3,11,28079036,01,32
3,11,28079038,01,7
3,11,28079040,01,4
3,11,28079057,01,4
3,11,28079004,06,0.9
3,11,28079008,06,0.5
3,11,28079016,06,0.3
3,11,28079018,06,0.6
3,11,28079024,06,0.3
3,11,28079035,06,0.5
3,11,28079036,06,0.9
3,11,28079039,06,0.3
3,11,28079056,06,0.8
3,11,28079057,06,0.3
3,11,28079004,07,196
3,11,28079008,07,53
3,11,28079011,07,6
3,11,28079016,07,12
3,11,28079017,07,80
3,11,28079018,07,80
3,11,28079024,07,29
3,11,28079027,07,52
3,11,28079035,07,53
3,11,28079036,07,25
3,11,28079038,07,51
3,11,28079039,07,16
3,11,28079040,07,26
3,11,28079047,07,102
3,11,28079048,07,14
3,11,28079049,07,16
3,11,28079050,07,10
3,11,28079054,07,34
3,11,28079055,07,31
3,11,28079056,07,178
3,11,28079057,07,11
3,11,28079058,07,35
3,11,28079059,07,13
3,11,28079060,07,8
3,11,28079004,08,97
3,11,28079008,08,61
3,11,28079011,08,57
3,11,28079016,08,44
3,11,28079017,08,76
3,11,28079018,08,70
3,11,28079024,08,39
3,11,28079027,08,66
3,11,28079035,08,66
3,11,28079036,08,44
3,11,28079038,08,63
3,11,28079039,08,49
3,11,28079040,08,52
3,11,28079047,08,59
3,11,28079048,08,37
3,11,28079049,08,52
3,11,28079050,08,31
3,11,28079054,08,41
3,11,28079055,08,56
3,11,28079056,08,103
3,11,28079057,08,28
3,11,28079058,08,24
3,11,28079059,08,20
3,11,28079060,08,35
3,11,28079008,09,10
3,11,28079024,09,9
3,11,28079038,09,9
3,11,28079047,09,10
3,11,28079048,09,2
3,11,28079050,09,6
3,11,28079008,10,10
3,11,28079018,10,23
3,11,28079024,10,10
3,11,28079036,10,8
3,11,28079038,10,15
3,11,28079040,10,14
3,11,28079047,10,18
3,11,28079048,10,6
3,11,28079050,10,8
3,11,28079055,10,19
3,11,28079057,10,10
3,11,28079060,10,6
3,11,28079008,14,16
3,11,28079016,14,26
3,11,28079017,14,8
3,11,28079018,14,7
3,11,28079024,14,17
3,11,28079027,14,19
3,11,28079035,14,14
3,11,28079039,14,26
3,11,28079049,14,21
3,11,28079054,14,28
3,11,28079056,14,7
3,11,28079058,14,8
3,11,28079059,14,29
3,11,28079060,14,38
3,11,28079008,20,7.1
3,11,28079011,20,5.3
3,11,28079018,20,3.6
3,11,28079024,20,1.7
3,11,28079038,20,12.2
3,11,28079055,20,1.9
3,11,28079008,30,2.6
3,11,28079011,30,2.6
3,11,28079018,30,0.7
3,11,28079024,30,0.8
3,11,28079038,30,1.7
3,11,28079055,30,1
3,11,28079008,35,1.6
3,11,28079011,35,0.5
3,11,28079018,35,0.6
3,11,28079024,35,0.4
3,11,28079038,35,1.8
3,11,28079055,35,0.6
3,11,28079024,42,1.42
3,11,28079027,42,1.42
3,11,28079055,42,1.55
3,11,28079024,44,0.29
3,11,28079027,44,0.18
3,11,28079055,44,0.18
3,12,28079004,01,6
3,12,28079008,01,30
3,12,28079017,01,4
3,12,28079018,01,9
3,12,28079024,01,4
3,12,28079035,01,7
3,12,28079036,01,32
3,12,28079038,01,6
3,12,28079040,01,3
3,12,28079057,01,5
3,12,28079004,06,0.4
3,12,28079008,06,0.5
3,12,28079016,06,0.4
3,12,28079018,06,0.4
3,12,28079024,06,0.3
3,12,28079035,06,0.4
3,12,28079036,06,0.3
3,12,28079039,06,0.2
3,12,28079056,06,0.3
3,12,28079057,06,0.3
3,12,28079004,07,34
3,12,28079008,07,47
3,12,28079011,07,1
3,12,28079016,07,6
3,12,28079017,07,25
3,12,28079018,07,17
3,12,28079024,07,8
3,12,28079027,07,6
3,12,28079035,07,32
3,12,28079036,07,10
3,12,28079038,07,31
3,12,28079039,07,14
3,12,28079040,07,9
3,12,28079047,07,9
3,12,28079048,07,13
3,12,28079049,07,12
3,12,28079050,07,12
3,12,28079054,07,39
3,12,28079055,07,10
3,12,28079056,07,43
3,12,28079057,07,9
3,12,28079058,07,11
3,12,28079059,07,5
3,12,28079060,07,4
3,12,28079004,08,52
3,12,28079008,08,55
3,12,28079011,08,44
3,12,28079016,08,25
3,12,28079017,08,45
3,12,28079018,08,41
3,12,28079024,08,24
3,12,28079027,08,14
3,12,28079035,08,51
3,12,28079036,08,21
3,12,28079038,08,47
3,12,28079039,08,38
3,12,28079040,08,25
3,12,28079047,08,46
3,12,28079048,08,31
3,12,28079049,08,41
3,12,28079050,08,30
3,12,28079054,08,42
3,12,28079055,08,25
3,12,28079056,08,58
3,12,28079057,08,21
3,12,28079058,08,22
3,12,28079059,08,7
3,12,28079060,08,18
3,12,28079008,09,10
3,12,28079024,09,4
3,12,28079038,09,7
3,12,28079047,09,4
3,12,28079048,09,3
3,12,28079050,09,7
3,12,28079008,10,8
3,12,28079018,10,12
3,12,28079024,10,4
3,12,28079036,10,6
3,12,28079038,10,11
3,12,28079040,10,9
3,12,28079047,10,12
3,12,28079048,10,8
3,12,28079050,10,7
3,12,28079055,10,8
3,12,28079057,10,4
3,12,28079060,10,4
3,12,28079008,14,22
3,12,28079016,14,41
3,12,28079017,14,31
3,12,28079018,14,32
3,12,28079024,14,46
3,12,28079027,14,52
3,12,28079035,14,27
3,12,28079039,14,36
3,12,28079049,14,31
3,12,28079054,14,28
3,12,28079056,14,28
3,12,28079058,14,39
3,12,28079059,14,42
3,12,28079060,14,51
3,12,28079008,20,5.8
3,12,28079011,20,4.9
3,12,28079018,20,2.9
3,12,28079024,20,2.1
3,12,28079038,20,4.2
3,12,28079055,20,1.9
3,12,28079008,30,1.9
3,12,28079011,30,2.2
3,12,28079018,30,0.4
3,12,28079024,30,0.6
3,12,28079038,30,0.6
3,12,28079055,30,0.6
3,12,28079008,35,1.1
3,12,28079011,35,0.7
3,12,28079018,35,0.7
3,12,28079024,35,0.4
3,12,28079038,35,0.6
3,12,28079055,35,0.4
3,12,28079024,42,1.37
3,12,28079027,42,1.23
3,12,28079055,42,1.46
3,12,28079024,44,0.27
3,12,28079027,44,0.14
3,12,28079055,44,0.14
3,13,28079004,01,8
3,13,28079008,01,24
3,13,28079017,01,3
3,13,28079018,01,8
3,13,28079024,01,3
3,13,28079035,01,7
3,13,28079036,01,34
3,13,28079038,01,6
3,13,28079040,01,3
3,13,28079057,01,5
3,13,28079004,06,0.5
3,13,28079008,06,0.5
3,13,28079016,06,0.3
3,13,28079018,06,0.3
3,13,28079024,06,0.3
3,13,28079035,06,0.5
3,13,28079036,06,0.3
3,13,28079039,06,0.2
3,13,28079056,06,0.3
3,13,28079057,06,0.3
3,13,28079004,07,44
3,13,28079008,07,42
3,13,28079011,07,4
3,13,28079016,07,5
3,13,28079017,07,9
3,13,28079018,07,9
3,13,28079024,07,7
3,13,28079027,07,4
3,13,28079035,07,52
3,13,28079036,07,9
3,13,28079038,07,39
3,13,28079039,07,16
3,13,28079040,07,8
3,13,28079047,07,5
3,13,28079048,07,10
3,13,28079049,07,7
3,13,28079050,07,8
3,13,28079054,07,27
3,13,28079055,07,7
3,13,28079056,07,39
3,13,28079057,07,12
3,13,28079058,07,5
3,13,28079059,07,4
3,13,28079060,07,3
3,13,28079004,08,59
3,13,28079008,08,49
3,13,28079011,08,38
3,13,28079016,08,17
3,13,28079017,08,29
3,13,28079018,08,27
3,13,28079024,08,20
3,13,28079027,08,10
3,13,28079035,08,61
3,13,28079036,08,18
3,13,28079038,08,51
3,13,28079039,08,34
3,13,28079040,08,24
3,13,28079047,08,40
3,13,28079048,08,23
3,13,28079049,08,29
3,13,28079050,08,21
3,13,28079054,08,31
3,13,28079055,08,17
3,13,28079056,08,52
3,13,28079057,08,20
3,13,28079058,08,12
3,13,28079059,08,6
3,13,28079060,08,14
3,13,28079008,09,8
3,13,28079024,09,5
3,13,28079038,09,6
3,13,28079047,09,4
3,13,28079048,09,1
3,13,28079050,09,3
3,13,28079008,10,7
3,13,28079018,10,8
3,13,28079024,10,6
3,13,28079036,10,6
3,13,28079038,10,12
3,13,28079040,10,8
3,13,28079047,10,9
3,13,28079048,10,9
3,13,28079050,10,5
3,13,28079055,10,5
3,13,28079057,10,12
3,13,28079060,10,5
3,13,28079008,14,26
3,13,28079016,14,48
3,13,28079017,14,41
3,13,28079018,14,42
3,13,28079024,14,49
3,13,28079027,14,55
3,13,28079035,14,23
3,13,28079039,14,39
3,13,28079049,14,41
3,13,28079054,14,37
3,13,28079056,14,31
3,13,28079058,14,55
3,13,28079059,14,44
3,13,28079060,14,54
3,13,28079008,20,6.5
3,13,28079011,20,4.2
3,13,28079018,20,1.2
3,13,28079024,20,1.5
3,13,28079038,20,4.6
3,13,28079055,20,0.8
3,13,28079008,30,1.8
3,13,28079011,30,1.7
3,13,28079018,30,0.2
3,13,28079024,30,0.6
3,13,28079038,30,0.6
3,13,28079055,30,0.3
3,13,28079008,35,1.4
3,13,28079011,35,0.3
3,13,28079018,35,1
3,13,28079024,35,0.4
3,13,28079038,35,0.6
3,13,28079055,35,0.2
3,13,28079024,42,1.36
3,13,28079027,42,1.21
3,13,28079055,42,1.43
3,13,28079024,44,0.26
3,13,28079027,44,0.13
3,13,28079055,44,0.12
3,14,28079004,01,8
3,14,28079008,01,15
3,14,28079017,01,4
3,14,28079018,01,9
3,14,28079024,01,4
3,14,28079035,01,6
3,14,28079036,01,23
3,14,28079038,01,5
3,14,28079040,01,3
3,14,28079057,01,5
3,14,28079004,06,0.5
3,14,28079008,06,0.4
3,14,28079016,06,0.3
3,14,28079018,06,0.3
3,14,28079024,06,0.3
3,14,28079035,06,0.4
3,14,28079036,06,0.5
3,14,28079039,06,0.3
3,14,28079056,06,0.4
3,14,28079057,06,0.3
3,14,28079004,07,42
3,14,28079008,07,31
3,14,28079011,07,13
3,14,28079016,07,6
3,14,28079017,07,9
3,14,28079018,07,12
3,14,28079024,07,11
3,14,28079027,07,3
3,14,28079035,07,41
3,14,28079036,07,11
3,14,28079038,07,25
3,14,28079039,07,28
3,14,28079040,07,9
3,14,28079047,07,5
3,14,28079048,07,11
3,14,28079049,07,5
3,14,28079050,07,10
3,14,28079054,07,24
3,14,28079055,07,5
3,14,28079056,07,50
3,14,28079057,07,14
3,14,28079058,07,5
3,14,28079059,07,4
3,14,28079060,07,3
3,14,28079004,08,61
3,14,28079008,08,41
3,14,28079011,08,37
3,14,28079016,08,20
3,14,28079017,08,28
3,14,28079018,08,33
3,14,28079024,08,28
3,14,28079027,08,9
3,14,28079035,08,54
3,14,28079036,08,22
3,14,28079038,08,42
3,14,28079039,08,43
3,14,28079040,08,26
3,14,28079047,08,39
3,14,28079048,08,28
3,14,28079049,08,26
3,14,28079050,08,26
3,14,28079054,08,29
3,14,28079055,08,15
3,14,28079056,08,63
3,14,28079057,08,21
3,14,28079058,08,10
3,14,28079059,08,6
3,14,28079060,08,15
3,14,28079008,09,6
3,14,28079024,09,5
3,14,28079038,09,4
3,14,28079047,09,3
3,14,28079048,09,1
3,14,28079050,09,2
3,14,28079008,10,5
3,14,28079018,10,8
3,14,28079024,10,7
3,14,28079036,10,5
3,14,28079038,10,9
3,14,28079040,10,8
3,14,28079047,10,8
3,14,28079048,10,9
3,14,28079050,10,4
3,14,28079055,10,2
3,14,28079057,10,6
3,14,28079060,10,4
3,14,28079008,14,33
3,14,28079016,14,47
3,14,28079017,14,42
3,14,28079018,14,39
3,14,28079024,14,46
3,14,28079027,14,58
3,14,28079035,14,28
3,14,28079039,14,36
3,14,28079049,14,45
3,14,28079054,14,40
3,14,28079056,14,28
3,14,28079058,14,58
3,14,28079059,14,48
3,14,28079060,14,56
3,14,28079008,20,5.6
3,14,28079018,20,1.1
3,14,28079024,20,1.6
3,14,28079038,20,2.6
3,14,28079055,20,0.6
3,14,28079008,30,1.6
3,14,28079018,30,0.2
3,14,28079024,30,0.5
3,14,28079038,30,0.6
3,14,28079055,30,0.3
3,14,28079008,35,1.3
3,14,28079018,35,1
3,14,28079024,35,0.4
3,14,28079038,35,0.5
3,14,28079055,35,0.4
3,14,28079024,42,1.38
3,14,28079027,42,1.21
3,14,28079055,42,1.43
3,14,28079024,44,0.28
3,14,28079027,44,0.12
3,14,28079055,44,0.12
3,15,28079004,01,9
3,15,28079008,01,11
3,15,28079017,01,4
3,15,28079018,01,9
3,15,28079024,01,4
3,15,28079035,01,7
3,15,28079036,01,16
3,15,28079038,01,7
3,15,28079040,01,4
3,15,28079057,01,5
3,15,28079004,06,0.5
3,15,28079008,06,0.4
3,15,28079016,06,0.3
3,15,28079018,06,0.3
3,15,28079024,06,0.3
3,15,28079035,06,0.5
3,15,28079036,06,0.3
3,15,28079039,06,0.3
3,15,28079056,06,0.3
3,15,28079057,06,0.3
3,15,28079004,07,47
3,15,28079008,07,29
3,15,28079011,07,35
3,15,28079016,07,8
3,15,28079017,07,9
3,15,28079018,07,12
3,15,28079024,07,10
3,15,28079027,07,3
3,15,28079035,07,29
3,15,28079036,07,10
3,15,28079038,07,30
3,15,28079039,07,23
3,15,28079040,07,11
3,15,28079047,07,10
3,15,28079048,07,18
3,15,28079049,07,6
3,15,28079050,07,27
3,15,28079054,07,18
3,15,28079055,07,5
3,15,28079056,07,52
3,15,28079057,07,10
3,15,28079058,07,6
3,15,28079059,07,4
3,15,28079060,07,3
3,15,28079004,08,70
3,15,28079008,08,38
3,15,28079011,08,55
3,15,28079016,08,27
3,15,28079017,08,29
3,15,28079018,08,36
3,15,28079024,08,29
3,15,28079027,08,9
3,15,28079035,08,49
3,15,28079036,08,24
3,15,28079038,08,54
3,15,28079039,08,41
3,15,28079040,08,33
3,15,28079047,08,47
3,15,28079048,08,39
3,15,28079049,08,31
3,15,28079050,08,42
3,15,28079054,08,27
3,15,28079055,08,14
3,15,28079056,08,67
3,15,28079057,08,19
3,15,28079058,08,16
3,15,28079059,08,7
3,15,28079060,08,19
3,15,28079008,09,6
3,15,28079024,09,5
3,15,28079038,09,7
3,15,28079047,09,5
3,15,28079048,09,2
3,15,28079050,09,4
3,15,28079008,10,4
3,15,28079018,10,7
3,15,28079024,10,7
3,15,28079036,10,5
3,15,28079038,10,13
3,15,28079040,10,9
3,15,28079047,10,10
3,15,28079048,10,4
3,15,28079050,10,6
3,15,28079055,10,3
3,15,28079057,10,4
3,15,28079060,10,5
3,15,28079008,14,37
3,15,28079016,14,46
3,15,28079017,14,44
3,15,28079018,14,40
3,15,28079024,14,49
3,15,28079027,14,62
3,15,28079035,14,32
3,15,28079039,14,41
3,15,28079049,14,45
3,15,28079054,14,44
3,15,28079056,14,29
3,15,28079058,14,57
3,15,28079059,14,49
3,15,28079060,14,55
3,15,28079008,20,4.8
3,15,28079018,20,1.2
3,15,28079024,20,1.9
3,15,28079038,20,3.1
3,15,28079055,20,1
3,15,28079008,30,1.1
3,15,28079018,30,0.2
3,15,28079024,30,0.7
3,15,28079038,30,0.5
3,15,28079055,30,0.3
3,15,28079008,35,0.9
3,15,28079018,35,1
3,15,28079024,35,0.4
3,15,28079038,35,0.6
3,15,28079055,35,0.1
3,15,28079024,42,1.38
3,15,28079027,42,1.22
3,15,28079055,42,1.43
3,15,28079024,44,0.28
3,15,28079027,44,0.13
3,15,28079055,44,0.12
3,16,28079004,01,8
3,16,28079008,01,17
3,16,28079017,01,4
3,16,28079018,01,9
3,16,28079024,01,3
3,16,28079035,01,9
3,16,28079036,01,6
3,16,28079038,01,9
3,16,28079040,01,5
3,16,28079057,01,5
3,16,28079004,06,0.5
3,16,28079008,06,0.5
3,16,28079016,06,0.3
3,16,28079018,06,0.3
3,16,28079024,06,0.3
3,16,28079035,06,0.5
3,16,28079036,06,0.3
3,16,28079039,06,0.3
3,16,28079056,06,0.4
3,16,28079057,06,0.3
3,16,28079004,07,39
3,16,28079008,07,30
3,16,28079011,07,35
3,16,28079016,07,11
3,16,28079017,07,12
3,16,28079018,07,11
3,16,28079024,07,7
3,16,28079027,07,7
3,16,28079035,07,33
3,16,28079036,07,10
3,16,28079038,07,29
3,16,28079039,07,19
3,16,28079040,07,14
3,16,28079047,07,15
3,16,28079048,07,22
3,16,28079049,07,9
3,16,28079050,07,54
3,16,28079054,07,21
3,16,28079055,07,6
3,16,28079056,07,57
3,16,28079057,07,18
3,16,28079058,07,5
3,16,28079059,07,4
3,16,28079060,07,5
3,16,28079004,08,68
3,16,28079008,08,51
3,16,28079011,08,65
3,16,28079016,08,36
3,16,28079017,08,34
3,16,28079018,08,47
3,16,28079024,08,29
3,16,28079027,08,23
3,16,28079035,08,59
3,16,28079036,08,26
3,16,28079038,08,59
3,16,28079039,08,51
3,16,28079040,08,42
3,16,28079047,08,41
3,16,28079048,08,50
3,16,28079049,08,45
3,16,28079050,08,65
3,16,28079054,08,36
3,16,28079055,08,20
3,16,28079056,08,72
3,16,28079057,08,32
3,16,28079058,08,11
3,16,28079059,08,9
3,16,28079060,08,26
3,16,28079008,09,10
3,16,28079024,09,6
3,16,28079038,09,10
3,16,28079047,09,6
3,16,28079048,09,3
3,16,28079050,09,9
3,16,28079008,10,7
3,16,28079018,10,9
3,16,28079024,10,8
3,16,28079036,10,2
3,16,28079038,10,14
3,16,28079040,10,10
3,16,28079047,10,11
3,16,28079048,10,8
3,16,28079050,10,15
3,16,28079055,10,5
3,16,28079057,10,18
3,16,28079060,10,9
3,16,28079008,14,29
3,16,28079016,14,41
3,16,28079017,14,45
3,16,28079018,14,33
3,16,28079024,14,51
3,16,28079027,14,57
3,16,28079035,14,25
3,16,28079039,14,34
3,16,28079049,14,36
3,16,28079054,14,34
3,16,28079056,14,17
3,16,28079058,14,60
3,16,28079059,14,49
3,16,28079060,14,50
3,16,28079008,20,5.1
3,16,28079011,20,6.7
3,16,28079018,20,1
3,16,28079024,20,1.8
3,16,28079038,20,4.2
3,16,28079055,20,1
3,16,28079008,30,1.3
3,16,28079011,30,2.7
3,16,28079018,30,0.2
3,16,28079024,30,0.7
3,16,28079038,30,0.7
3,16,28079055,30,0.3
3,16,28079008,35,1.2
3,16,28079011,35,1.4
3,16,28079018,35,1
3,16,28079024,35,0.4
3,16,28079038,35,0.7
3,16,28079055,35,0.2
3,16,28079024,42,1.37
3,16,28079027,42,1.22
3,16,28079055,42,1.45
3,16,28079024,44,0.28
3,16,28079027,44,0.13
3,16,28079055,44,0.14
3,17,28079004,01,8
3,17,28079008,01,12
3,17,28079017,01,4
3,17,28079018,01,9
3,17,28079024,01,3
3,17,28079035,01,9
3,17,28079036,01,12
3,17,28079038,01,8
3,17,28079040,01,5
3,17,28079057,01,5
3,17,28079004,06,0.5
3,17,28079008,06,0.5
3,17,28079016,06,0.3
3,17,28079018,06,0.4
3,17,28079024,06,0.3
3,17,28079035,06,0.4
3,17,28079036,06,0.4
3,17,28079039,06,0.3
3,17,28079056,06,0.3
3,17,28079057,06,0.3
3,17,28079004,07,41
3,17,28079008,07,34
3,17,28079011,07,44
3,17,28079016,07,8
3,17,28079017,07,21
3,17,28079018,07,13
3,17,28079024,07,6
3,17,28079027,07,11
3,17,28079035,07,25
3,17,28079036,07,16
3,17,28079038,07,42
3,17,28079039,07,16
3,17,28079040,07,23
3,17,28079047,07,14
3,17,28079048,07,43
3,17,28079049,07,14
3,17,28079050,07,95
3,17,28079054,07,20
3,17,28079055,07,7
3,17,28079056,07,50
3,17,28079057,07,13
3,17,28079058,07,7
3,17,28079059,07,3
3,17,28079060,07,5
3,17,28079004,08,74
3,17,28079008,08,60
3,17,28079011,08,79
3,17,28079016,08,47
3,17,28079017,08,54
3,17,28079018,08,62
3,17,28079024,08,34
3,17,28079027,08,43
3,17,28079035,08,61
3,17,28079036,08,38
3,17,28079038,08,71
3,17,28079039,08,51
3,17,28079040,08,62
3,17,28079047,08,50
3,17,28079048,08,69
3,17,28079049,08,61
3,17,28079050,08,94
3,17,28079054,08,48
3,17,28079055,08,28
3,17,28079056,08,74
3,17,28079057,08,39
3,17,28079058,08,21
3,17,28079059,08,14
3,17,28079060,08,34
3,17,28079008,09,11
3,17,28079024,09,7
3,17,28079038,09,10
3,17,28079047,09,7
3,17,28079048,09,23
3,17,28079050,09,13
3,17,28079008,10,9
3,17,28079018,10,12
3,17,28079024,10,10
3,17,28079036,10,21
3,17,28079038,10,15
3,17,28079040,10,14
3,17,28079047,10,13
3,17,28079048,10,30
3,17,28079050,10,30
3,17,28079055,10,7
3,17,28079057,10,21
3,17,28079060,10,7
3,17,28079008,14,19
3,17,28079016,14,31
3,17,28079017,14,30
3,17,28079018,14,23
3,17,28079024,14,44
3,17,28079027,14,43
3,17,28079035,14,22
3,17,28079039,14,33
3,17,28079049,14,19
3,17,28079056,14,21
3,17,28079058,14,54
3,17,28079059,14,45
3,17,28079060,14,43
3,17,28079008,20,6.6
3,17,28079011,20,5.8
3,17,28079018,20,1.5
3,17,28079024,20,1.6
3,17,28079038,20,4.7
3,17,28079055,20,1.2
3,17,28079008,30,1.9
3,17,28079011,30,2.4
3,17,28079018,30,0.3
3,17,28079024,30,0.6
3,17,28079038,30,0.8
3,17,28079055,30,0.3
3,17,28079008,35,1.6
3,17,28079011,35,0.8
3,17,28079018,35,1
3,17,28079024,35,0.4
3,17,28079038,35,0.8
3,17,28079055,35,0.2
3,17,28079024,42,1.37
3,17,28079027,42,1.28
3,17,28079055,42,1.44
3,17,28079024,44,0.27
3,17,28079027,44,0.15
3,17,28079055,44,0.13
3,18,28079004,01,8
3,18,28079008,01,13
3,18,28079017,01,5
3,18,28079018,01,9
3,18,28079024,01,3
3,18,28079035,01,11
3,18,28079036,01,10
3,18,28079038,01,8
3,18,28079040,01,4
3,18,28079057,01,6
3,18,28079004,06,0.5
3,18,28079008,06,0.6
3,18,28079016,06,0.4
3,18,28079018,06,0.4
3,18,28079024,06,0.3
3,18,28079035,06,0.5
3,18,28079036,06,0.5
3,18,28079039,06,0.3
3,18,28079056,06,0.7
3,18,28079057,06,0.3
3,18,28079004,07,53
3,18,28079008,07,90
3,18,28079011,07,36
3,18,28079016,07,13
3,18,28079017,07,59
3,18,28079018,07,21
3,18,28079024,07,3
3,18,28079027,07,51
3,18,28079035,07,38
3,18,28079036,07,57
3,18,28079038,07,72
3,18,28079039,07,10
3,18,28079040,07,27
3,18,28079047,07,18
3,18,28079048,07,12
3,18,28079049,07,14
3,18,28079050,07,32
3,18,28079054,07,20
3,18,28079055,07,26
3,18,28079056,07,143
3,18,28079057,07,18
3,18,28079058,07,19
3,18,28079059,07,10
3,18,28079060,07,9
3,18,28079004,08,90
3,18,28079008,08,84
3,18,28079011,08,81
3,18,28079016,08,67
3,18,28079017,08,84
3,18,28079018,08,81
3,18,28079024,08,44
3,18,28079027,08,84
3,18,28079035,08,80
3,18,28079036,08,55
3,18,28079038,08,95
3,18,28079039,08,61
3,18,28079040,08,77
3,18,28079047,08,68
3,18,28079048,08,64
3,18,28079049,08,60
3,18,28079050,08,78
3,18,28079054,08,57
3,18,28079055,08,66
3,18,28079056,08,117
3,18,28079057,08,59
3,18,28079058,08,42
3,18,28079059,08,32
3,18,28079060,08,49
3,18,28079008,09,15
3,18,28079024,09,7
3,18,28079038,09,11
3,18,28079047,09,9
3,18,28079048,09,10
3,18,28079050,09,14
3,18,28079008,10,13
3,18,28079018,10,15
3,18,28079024,10,11
3,18,28079036,10,25
3,18,28079038,10,18
3,18,28079040,10,16
3,18,28079047,10,17
3,18,28079048,10,13
3,18,28079050,10,31
3,18,28079055,10,17
3,18,28079057,10,14
3,18,28079060,10,17
3,18,28079008,14,6
3,18,28079016,14,16
3,18,28079017,14,12
3,18,28079018,14,9
3,18,28079024,14,32
3,18,28079027,14,13
3,18,28079035,14,8
3,18,28079039,14,22
3,18,28079049,14,6
3,18,28079054,14,20
3,18,28079056,14,5
3,18,28079058,14,23
3,18,28079059,14,24
3,18,28079060,14,29
3,18,28079008,20,6.7
3,18,28079011,20,6.2
3,18,28079018,20,1.8
3,18,28079024,20,1.6
3,18,28079038,20,6
3,18,28079055,20,1.4
3,18,28079008,30,2
3,18,28079011,30,2.3
3,18,28079018,30,0.3
3,18,28079024,30,0.7
3,18,28079038,30,1.2
3,18,28079055,30,0.6
3,18,28079008,35,1.5
3,18,28079011,35,0.8
3,18,28079018,35,1
3,18,28079024,35,0.4
3,18,28079038,35,1.1
3,18,28079055,35,0.2
3,18,28079024,42,1.39
3,18,28079027,42,1.32
3,18,28079055,42,1.5
3,18,28079024,44,0.29
3,18,28079027,44,0.18
3,18,28079055,44,0.16
3,19,28079004,01,11
3,19,28079008,01,11
3,19,28079017,01,10
3,19,28079018,01,11
3,19,28079024,01,3
3,19,28079035,01,15
3,19,28079036,01,10
3,19,28079038,01,15
3,19,28079040,01,6
3,19,28079057,01,14
3,19,28079004,06,0.8
3,19,28079008,06,0.6
3,19,28079016,06,0.8
3,19,28079018,06,0.8
3,19,28079024,06,0.3
3,19,28079035,06,0.6
3,19,28079036,06,0.9
3,19,28079039,06,1.4
3,19,28079056,06,1.1
3,19,28079057,06,1.2
3,19,28079004,07,154
3,19,28079008,07,113
3,19,28079011,07,180
3,19,28079016,07,147
3,19,28079017,07,281
3,19,28079018,07,91
3,19,28079024,07,5
3,19,28079027,07,93
3,19,28079035,07,63
3,19,28079036,07,146
3,19,28079038,07,144
3,19,28079039,07,296
3,19,28079040,07,74
3,19,28079047,07,59
3,19,28079048,07,86
3,19,28079049,07,22
3,19,28079050,07,51
3,19,28079054,07,183
3,19,28079055,07,114
3,19,28079056,07,339
3,19,28079057,07,302
3,19,28079058,07,17
3,19,28079059,07,51
3,19,28079060,07,58
3,19,28079004,08,124
3,19,28079008,08,93
3,19,28079011,08,140
3,19,28079016,08,112
3,19,28079017,08,138
3,19,28079018,08,110
3,19,28079024,08,58
3,19,28079027,08,104
3,19,28079035,08,95
3,19,28079036,08,74
3,19,28079038,08,129
3,19,28079039,08,166
3,19,28079040,08,104
3,19,28079047,08,87
3,19,28079048,08,93
3,19,28079049,08,66
3,19,28079050,08,88
3,19,28079054,08,99
3,19,28079055,08,98
3,19,28079056,08,175
3,19,28079057,08,170
3,19,28079058,08,36
3,19,28079059,08,61
3,19,28079060,08,82
3,19,28079008,09,15
3,19,28079024,09,7
3,19,28079038,09,19
3,19,28079047,09,12
3,19,28079048,09,16
3,19,28079050,09,16
3,19,28079008,10,14
3,19,28079018,10,23
3,19,28079024,10,12
3,19,28079036,10,40
3,19,28079038,10,30
3,19,28079040,10,21
3,19,28079047,10,26
3,19,28079048,10,27
3,19,28079050,10,32
3,19,28079055,10,27
3,19,28079057,10,55
3,19,28079060,10,54
3,19,28079008,14,3
3,19,28079016,14,3
3,19,28079017,14,4
3,19,28079018,14,2
3,19,28079024,14,18
3,19,28079027,14,5
3,19,28079035,14,1
3,19,28079039,14,2
3,19,28079049,14,2
3,19,28079054,14,5
3,19,28079056,14,3
3,19,28079058,14,18
3,19,28079059,14,2
3,19,28079060,14,2
3,19,28079008,20,7.6
3,19,28079011,20,6.4
3,19,28079018,20,4.7
3,19,28079024,20,1.8
3,19,28079038,20,10.5
3,19,28079055,20,4.7
3,19,28079008,30,2.6
3,19,28079011,30,2.8
3,19,28079018,30,0.6
3,19,28079024,30,0.7
3,19,28079038,30,2
3,19,28079055,30,1.8
3,19,28079008,35,2
3,19,28079011,35,1
3,19,28079018,35,1
3,19,28079024,35,0.4
3,19,28079038,35,2
3,19,28079055,35,0.7
3,19,28079024,42,1.39
3,19,28079027,42,1.34
3,19,28079055,42,1.69
3,19,28079024,44,0.29
3,19,28079027,44,0.21
3,19,28079055,44,0.3
3,2,28079004,01,5
3,2,28079008,01,9
3,2,28079017,01,3
3,2,28079018,01,8
3,2,28079024,01,1
3,2,28079035,01,5
3,2,28079036,01,20
3,2,28079038,01,3
3,2,28079040,01,3
3,2,28079057,01,5
3,2,28079004,06,0.3
3,2,28079008,06,0.3
3,2,28079016,06,0.3
3,2,28079018,06,0.3
3,2,28079024,06,0.2
3,2,28079035,06,0.3
3,2,28079036,06,0.4
3,2,28079039,06,0.2
3,2,28079056,06,0.2
3,2,28079057,06,0.2
3,2,28079004,07,11
3,2,28079008,07,8
3,2,28079011,07,1
3,2,28079016,07,2
3,2,28079017,07,1
3,2,28079018,07,4
3,2,28079024,07,1
3,2,28079027,07,2
3,2,28079035,07,8
3,2,28079036,07,1
3,2,28079038,07,4
3,2,28079039,07,1
3,2,28079040,07,6
3,2,28079047,07,2
3,2,28079048,07,1
3,2,28079049,07,1
3,2,28079050,07,1
3,2,28079054,07,15
3,2,28079055,07,18
3,2,28079056,07,8
3,2,28079057,07,1
3,2,28079058,07,3
3,2,28079059,07,3
3,2,28079060,07,1
3,2,28079004,08,35
3,2,28079008,08,39
3,2,28079011,08,13
3,2,28079016,08,45
3,2,28079017,08,39
3,2,28079018,08,36
3,2,28079024,08,24
3,2,28079027,08,53
3,2,28079035,08,37
3,2,28079036,08,22
3,2,28079038,08,20
3,2,28079039,08,15
3,2,28079040,08,40
3,2,28079047,08,36
3,2,28079048,08,13
3,2,28079049,08,29
3,2,28079050,08,16
3,2,28079054,08,50
3,2,28079055,08,62
3,2,28079056,08,51
3,2,28079057,08,7
3,2,28079058,08,16
3,2,28079059,08,33
3,2,28079060,08,10
3,2,28079008,09,6
3,2,28079024,09,6
3,2,28079038,09,6
3,2,28079047,09,6
3,2,28079048,09,3
3,2,28079050,09,5
3,2,28079008,10,5
3,2,28079018,10,6
3,2,28079024,10,6
3,2,28079036,10,3
3,2,28079038,10,6
3,2,28079040,10,7
3,2,28079047,10,7
3,2,28079048,10,4
3,2,28079050,10,5
3,2,28079055,10,11
3,2,28079057,10,4
3,2,28079060,10,3
3,2,28079008,14,26
3,2,28079016,14,22
3,2,28079017,14,25
3,2,28079018,14,31
3,2,28079024,14,34
3,2,28079027,14,15
3,2,28079035,14,32
3,2,28079039,14,45
3,2,28079049,14,34
3,2,28079054,14,10
3,2,28079056,14,22
3,2,28079058,14,8
3,2,28079059,14,13
3,2,28079060,14,58
3,2,28079008,20,2
3,2,28079011,20,1.2
3,2,28079018,20,0.5
3,2,28079024,20,1
3,2,28079038,20,1.5
3,2,28079055,20,1.4
3,2,28079008,30,0.6
3,2,28079011,30,0.7
3,2,28079018,30,0.1
3,2,28079024,30,0.5
3,2,28079038,30,0.2
3,2,28079055,30,0.4
3,2,28079008,35,0.5
3,2,28079011,35,1
3,2,28079018,35,1
3,2,28079024,35,0.4
3,2,28079038,35,0.3
3,2,28079055,35,0.2
3,2,28079024,42,1.36
3,2,28079027,42,1.38
3,2,28079055,42,1.56
3,2,28079024,44,0.25
3,2,28079027,44,0.23
3,2,28079055,44,0.22
3,20,28079004,01,17
3,20,28079008,01,16
3,20,28079017,01,13
3,20,28079018,01,17
3,20,28079024,01,3
3,20,28079035,01,20
3,20,28079036,01,11
3,20,28079038,01,17
3,20,28079040,01,8
3,20,28079057,01,22
3,20,28079004,06,1.4
3,20,28079008,06,0.8
3,20,28079016,06,1.3
3,20,28079018,06,1.8
3,20,28079024,06,0.4
3,20,28079035,06,0.9
3,20,28079036,06,1.1
3,20,28079039,06,2.9
3,20,28079056,06,1.8
3,20,28079057,06,1.9
3,20,28079004,07,284
3,20,28079008,07,165
3,20,28079011,07,369
3,20,28079016,07,257
3,20,28079017,07,455
3,20,28079018,07,311
3,20,28079024,07,30
3,20,28079027,07,265
3,20,28079035,07,125
3,20,28079036,07,206
3,20,28079038,07,236
3,20,28079039,07,750
3,20,28079040,07,116
3,20,28079047,07,194
3,20,28079048,07,191
3,20,28079049,07,44
3,20,28079050,07,286
3,20,28079054,07,452
3,20,28079055,07,203
3,20,28079056,07,496
3,20,28079057,07,580
3,20,28079058,07,11
3,20,28079059,07,213
3,20,28079060,07,110
3,20,28079004,08,152
3,20,28079008,08,104
3,20,28079011,08,196
3,20,28079016,08,143
3,20,28079017,08,183
3,20,28079018,08,170
3,20,28079024,08,82
3,20,28079027,08,150
3,20,28079035,08,112
3,20,28079036,08,105
3,20,28079038,08,157
3,20,28079039,08,306
3,20,28079040,08,113
3,20,28079047,08,117
3,20,28079048,08,123
3,20,28079049,08,70
3,20,28079050,08,164
3,20,28079054,08,138
3,20,28079055,08,118
3,20,28079056,08,223
3,20,28079057,08,274
3,20,28079058,08,30
3,20,28079059,08,83
3,20,28079060,08,97
3,20,28079008,09,20
3,20,28079024,09,12
3,20,28079038,09,29
3,20,28079047,09,20
3,20,28079048,09,21
3,20,28079050,09,29
3,20,28079008,10,20
3,20,28079018,10,59
3,20,28079024,10,18
3,20,28079036,10,44
3,20,28079038,10,44
3,20,28079040,10,26
3,20,28079047,10,40
3,20,28079048,10,36
3,20,28079050,10,53
3,20,28079055,10,37
3,20,28079057,10,83
3,20,28079060,10,41
3,20,28079008,14,3
3,20,28079016,14,3
3,20,28079017,14,3
3,20,28079018,14,2
3,20,28079024,14,9
3,20,28079027,14,6
3,20,28079035,14,1
3,20,28079039,14,3
3,20,28079049,14,2
3,20,28079054,14,4
3,20,28079056,14,3
3,20,28079058,14,15
3,20,28079059,14,2
3,20,28079060,14,2
3,20,28079008,20,8.8
3,20,28079011,20,18.5
3,20,28079018,20,17.1
3,20,28079024,20,3.1
3,20,28079038,20,15.6
3,20,28079055,20,6.3
3,20,28079008,30,2.9
3,20,28079011,30,5.8
3,20,28079018,30,1.9
3,20,28079024,30,0.9
3,20,28079038,30,3.2
3,20,28079055,30,2.7
3,20,28079008,35,2.4
3,20,28079011,35,4.8
3,20,28079018,35,1
3,20,28079024,35,0.5
3,20,28079038,35,3
3,20,28079055,35,1
3,20,28079024,42,1.43
3,20,28079027,42,1.58
3,20,28079055,42,1.75
3,20,28079024,44,0.31
3,20,28079027,44,0.35
3,20,28079055,44,0.34
3,21,28079004,01,14
3,21,28079008,01,25
3,21,28079017,01,14
3,21,28079018,01,13
3,21,28079024,01,3
3,21,28079035,01,20
3,21,28079036,01,13
3,21,28079038,01,10
3,21,28079040,01,16
3,21,28079057,01,16
3,21,28079004,06,1.4
3,21,28079008,06,1.2
3,21,28079016,06,2
3,21,28079018,06,1.1
3,21,28079024,06,0.4
3,21,28079035,06,1.1
3,21,28079036,06,1.3
3,21,28079039,06,1.8
3,21,28079056,06,1
3,21,28079057,06,1.1
3,21,28079004,07,338
3,21,28079008,07,268
3,21,28079011,07,195
3,21,28079016,07,469
3,21,28079017,07,463
3,21,28079018,07,197
3,21,28079024,07,57
3,21,28079027,07,169
3,21,28079035,07,191
3,21,28079036,07,265
3,21,28079038,07,123
3,21,28079039,07,447
3,21,28079040,07,209
3,21,28079047,07,288
3,21,28079048,07,153
3,21,28079049,07,99
3,21,28079050,07,183
3,21,28079054,07,563
3,21,28079055,07,268
3,21,28079056,07,208
3,21,28079057,07,315
3,21,28079058,07,17
3,21,28079059,07,317
3,21,28079060,07,211
3,21,28079004,08,151
3,21,28079008,08,124
3,21,28079011,08,137
3,21,28079016,08,190
3,21,28079017,08,192
3,21,28079018,08,128
3,21,28079024,08,77
3,21,28079027,08,123
3,21,28079035,08,120
3,21,28079036,08,110
3,21,28079038,08,115
3,21,28079039,08,201
3,21,28079040,08,139
3,21,28079047,08,133
3,21,28079048,08,113
3,21,28079049,08,78
3,21,28079050,08,130
3,21,28079054,08,162
3,21,28079055,08,137
3,21,28079056,08,132
3,21,28079057,08,178
3,21,28079058,08,35
3,21,28079059,08,102
3,21,28079060,08,134
3,21,28079008,09,28
3,21,28079024,09,13
3,21,28079038,09,18
3,21,28079047,09,31
3,21,28079048,09,24
3,21,28079050,09,26
3,21,28079008,10,25
3,21,28079018,10,52
3,21,28079024,10,19
3,21,28079036,10,46
3,21,28079038,10,25
3,21,28079040,10,44
3,21,28079047,10,48
3,21,28079048,10,41
3,21,28079050,10,42
3,21,28079055,10,44
3,21,28079057,10,55
3,21,28079060,10,30
3,21,28079008,14,4
3,21,28079016,14,3
3,21,28079017,14,3
3,21,28079018,14,2
3,21,28079024,14,3
3,21,28079027,14,6
3,21,28079035,14,1
3,21,28079039,14,2
3,21,28079049,14,2
3,21,28079054,14,3
3,21,28079056,14,3
3,21,28079058,14,7
3,21,28079059,14,2
3,21,28079060,14,2
3,21,28079008,20,13.6
3,21,28079011,20,20
3,21,28079018,20,20
3,21,28079024,20,4.3
3,21,28079038,20,15.3
3,21,28079055,20,9.7
3,21,28079008,30,4.2
3,21,28079011,30,5.3
3,21,28079018,30,2.9
3,21,28079024,30,1
3,21,28079038,30,2.3
3,21,28079055,30,3.4
3,21,28079008,35,4.8
3,21,28079011,35,5.2
3,21,28079018,35,1
3,21,28079024,35,0.9
3,21,28079038,35,2.5
3,21,28079055,35,1.4
3,21,28079024,42,1.42
3,21,28079027,42,1.46
3,21,28079055,42,1.85
3,21,28079024,44,0.3
3,21,28079027,44,0.27
3,21,28079055,44,0.41
3,22,28079004,01,11
3,22,28079008,01,22
3,22,28079017,01,16
3,22,28079018,01,10
3,22,28079024,01,2
3,22,28079035,01,17
3,22,28079036,01,18
3,22,28079038,01,12
3,22,28079040,01,19
3,22,28079057,01,11
3,22,28079004,06,1.1
3,22,28079008,06,1.1
3,22,28079016,06,2
3,22,28079018,06,0.7
3,22,28079024,06,0.3
3,22,28079035,06,0.9
3,22,28079036,06,1.5
3,22,28079039,06,2
3,22,28079056,06,0.8
3,22,28079057,06,0.7
3,22,28079004,07,264
3,22,28079008,07,237
3,22,28079011,07,112
3,22,28079016,07,392
3,22,28079017,07,481
3,22,28079018,07,102
3,22,28079024,07,32
3,22,28079027,07,99
3,22,28079035,07,167
3,22,28079036,07,347
3,22,28079038,07,144
3,22,28079039,07,457
3,22,28079040,07,212
3,22,28079047,07,220
3,22,28079048,07,101
3,22,28079049,07,119
3,22,28079050,07,170
3,22,28079054,07,661
3,22,28079055,07,152
3,22,28079056,07,146
3,22,28079057,07,172
3,22,28079058,07,15
3,22,28079059,07,153
3,22,28079060,07,158
3,22,28079004,08,121
3,22,28079008,08,119
3,22,28079011,08,111
3,22,28079016,08,172
3,22,28079017,08,194
3,22,28079018,08,95
3,22,28079024,08,59
3,22,28079027,08,92
3,22,28079035,08,113
3,22,28079036,08,122
3,22,28079038,08,125
3,22,28079039,08,189
3,22,28079040,08,132
3,22,28079047,08,106
3,22,28079048,08,101
3,22,28079049,08,84
3,22,28079050,08,119
3,22,28079054,08,175
3,22,28079055,08,107
3,22,28079056,08,105
3,22,28079057,08,126
3,22,28079058,08,28
3,22,28079059,08,95
3,22,28079060,08,109
3,22,28079008,09,29
3,22,28079024,09,12
3,22,28079038,09,19
3,22,28079047,09,25
3,22,28079048,09,14
3,22,28079050,09,21
3,22,28079008,10,23
3,22,28079018,10,25
3,22,28079024,10,16
3,22,28079036,10,52
3,22,28079038,10,26
3,22,28079040,10,39
3,22,28079047,10,35
3,22,28079048,10,21
3,22,28079050,10,34
3,22,28079055,10,37
3,22,28079057,10,39
3,22,28079060,10,28
3,22,28079008,14,3
3,22,28079016,14,3
3,22,28079017,14,3
3,22,28079018,14,1
3,22,28079024,14,7
3,22,28079027,14,4
3,22,28079035,14,1
3,22,28079039,14,2
3,22,28079049,14,2
3,22,28079054,14,2
3,22,28079056,14,3
3,22,28079058,14,7
3,22,28079059,14,2
3,22,28079060,14,1
3,22,28079008,20,15.3
3,22,28079011,20,12.6
3,22,28079018,20,7.1
3,22,28079024,20,3.3
3,22,28079038,20,13.2
3,22,28079055,20,8.3
3,22,28079008,30,4.8
3,22,28079011,30,4.3
3,22,28079018,30,1.1
3,22,28079024,30,1.3
3,22,28079038,30,1.9
3,22,28079055,30,2.5
3,22,28079008,35,5.5
3,22,28079011,35,3.3
3,22,28079018,35,1
3,22,28079024,35,0.7
3,22,28079038,35,1.7
3,22,28079055,35,1.5
3,22,28079024,42,1.4
3,22,28079027,42,1.57
3,22,28079055,42,1.83
3,22,28079024,44,0.29
3,22,28079027,44,0.23
3,22,28079055,44,0.28
3,23,28079004,01,9
3,23,28079008,01,26
3,23,28079017,01,11
3,23,28079018,01,9
3,23,28079024,01,2
3,23,28079035,01,22
3,23,28079036,01,16
3,23,28079038,01,16
3,23,28079040,01,20
3,23,28079057,01,10
3,23,28079004,06,0.9
3,23,28079008,06,1.1
3,23,28079016,06,1.3
3,23,28079018,06,0.6
3,23,28079024,06,0.3
3,23,28079035,06,1.2
3,23,28079036,06,1.4
3,23,28079039,06,2.2
3,23,28079056,06,0.7
3,23,28079057,06,0.8
3,23,28079004,07,217
3,23,28079008,07,228
3,23,28079011,07,137
3,23,28079016,07,276
3,23,28079017,07,326
3,23,28079018,07,73
3,23,28079024,07,17
3,23,28079027,07,64
3,23,28079035,07,218
3,23,28079036,07,317
3,23,28079038,07,148
3,23,28079039,07,524
3,23,28079040,07,211
3,23,28079047,07,199
3,23,28079048,07,78
3,23,28079049,07,98
3,23,28079050,07,147
3,23,28079054,07,322
3,23,28079055,07,68
3,23,28079056,07,141
3,23,28079057,07,134
3,23,28079058,07,15
3,23,28079059,07,64
3,23,28079060,07,77
3,23,28079004,08,99
3,23,28079008,08,116
3,23,28079011,08,114
3,23,28079016,08,147
3,23,28079017,08,156
3,23,28079018,08,81
3,23,28079024,08,53
3,23,28079027,08,79
3,23,28079035,08,116
3,23,28079036,08,159
3,23,28079038,08,122
3,23,28079039,08,206
3,23,28079040,08,135
3,23,28079047,08,93
3,23,28079048,08,91
3,23,28079049,08,79
3,23,28079050,08,110
3,23,28079054,08,124
3,23,28079055,08,81
3,23,28079056,08,102
3,23,28079057,08,111
3,23,28079058,08,27
3,23,28079059,08,67
3,23,28079060,08,92
3,23,28079008,09,27
3,23,28079024,09,9
3,23,28079038,09,20
3,23,28079047,09,22
3,23,28079048,09,16
3,23,28079050,09,19
3,23,28079008,10,21
3,23,28079018,10,18
3,23,28079024,10,10
3,23,28079036,10,57
3,23,28079038,10,27
3,23,28079040,10,36
3,23,28079047,10,31
3,23,28079048,10,26
3,23,28079050,10,32
3,23,28079055,10,22
3,23,28079057,10,33
3,23,28079060,10,12
3,23,28079008,14,3
3,23,28079016,14,3
3,23,28079017,14,3
3,23,28079018,14,1
3,23,28079024,14,5
3,23,28079027,14,5
3,23,28079035,14,1
3,23,28079039,14,2
3,23,28079049,14,1
3,23,28079054,14,2
3,23,28079056,14,2
3,23,28079058,14,6
3,23,28079059,14,2
3,23,28079060,14,1
3,23,28079008,20,12.1
3,23,28079011,20,9.9
3,23,28079018,20,3
3,23,28079024,20,1.9
3,23,28079038,20,12.6
3,23,28079055,20,4
3,23,28079008,30,4.2
3,23,28079011,30,4.1
3,23,28079018,30,0.6
3,23,28079024,30,0.7
3,23,28079038,30,2.4
3,23,28079055,30,1.4
3,23,28079008,35,4.6
3,23,28079011,35,2.6
3,23,28079018,35,1
3,23,28079024,35,0.5
3,23,28079038,35,2.1
3,23,28079055,35,0.8
3,23,28079024,42,1.4
3,23,28079027,42,1.57
3,23,28079055,42,1.89
3,23,28079024,44,0.28
3,23,28079027,44,0.22
3,23,28079055,44,0.23
3,24,28079004,01,6
3,24,28079008,01,20
3,24,28079017,01,9
3,24,28079018,01,9
3,24,28079024,01,3
3,24,28079035,01,18
3,24,28079036,01,19
3,24,28079038,01,12
3,24,28079040,01,8
3,24,28079057,01,7
3,24,28079004,06,0.6
3,24,28079008,06,0.8
3,24,28079016,06,0.4
3,24,28079018,06,0.7
3,24,28079024,06,0.5
3,24,28079035,06,1.1
3,24,28079036,06,0.5
3,24,28079039,06,1
3,24,28079056,06,0.8
3,24,28079057,06,0.6
3,24,28079004,07,120
3,24,28079008,07,145
3,24,28079011,07,70
3,24,28079016,07,31
3,24,28079017,07,280
3,24,28079018,07,87
3,24,28079024,07,81
3,24,28079027,07,17
3,24,28079035,07,176
3,24,28079036,07,38
3,24,28079038,07,149
3,24,28079039,07,204
3,24,28079040,07,40
3,24,28079047,07,119
3,24,28079048,07,60
3,24,28079049,07,129
3,24,28079050,07,76
3,24,28079054,07,144
3,24,28079055,07,44
3,24,28079056,07,172
3,24,28079057,07,61
3,24,28079058,07,12
3,24,28079059,07,6
3,24,28079060,07,85
3,24,28079004,08,71
3,24,28079008,08,97
3,24,28079011,08,88
3,24,28079016,08,70
3,24,28079017,08,129
3,24,28079018,08,71
3,24,28079024,08,69
3,24,28079027,08,56
3,24,28079035,08,87
3,24,28079036,08,66
3,24,28079038,08,114
3,24,28079039,08,121
3,24,28079040,08,73
3,24,28079047,08,68
3,24,28079048,08,82
3,24,28079049,08,78
3,24,28079050,08,83
3,24,28079054,08,82
3,24,28079055,08,66
3,24,28079056,08,103
3,24,28079057,08,83
3,24,28079058,08,24
3,24,28079059,08,38
3,24,28079060,08,95
3,24,28079008,09,23
3,24,28079024,09,13
3,24,28079038,09,21
3,24,28079047,09,19
3,24,28079048,09,12
3,24,28079050,09,17
3,24,28079008,10,16
3,24,28079018,10,20
3,24,28079024,10,16
3,24,28079036,10,9
3,24,28079038,10,28
3,24,28079040,10,15
3,24,28079047,10,23
3,24,28079048,10,14
3,24,28079050,10,27
3,24,28079055,10,17
3,24,28079057,10,9
3,24,28079060,10,13
3,24,28079008,14,3
3,24,28079016,14,4
3,24,28079017,14,3
3,24,28079018,14,2
3,24,28079024,14,3
3,24,28079027,14,5
3,24,28079035,14,1
3,24,28079039,14,2
3,24,28079049,14,2
3,24,28079054,14,3
3,24,28079056,14,3
3,24,28079058,14,6
3,24,28079059,14,7
3,24,28079060,14,1
3,24,28079008,20,12.2
3,24,28079011,20,8.8
3,24,28079018,20,3.7
3,24,28079024,20,1.7
3,24,28079038,20,12.1
3,24,28079055,20,3.2
3,24,28079008,30,4.2
3,24,28079011,30,3.8
3,24,28079018,30,0.9
3,24,28079024,30,0.9
3,24,28079038,30,2.2
3,24,28079055,30,1.2
3,24,28079008,35,4.1
3,24,28079011,35,2.1
3,24,28079018,35,1
3,24,28079024,35,0.4
3,24,28079038,35,2.1
3,24,28079055,35,0.6
3,24,28079024,42,1.46
3,24,28079027,42,1.36
3,24,28079055,42,1.6
3,24,28079024,44,0.32
3,24,28079027,44,0.17
3,24,28079055,44,0.19
3,3,28079004,01,4
3,3,28079008,01,9
3,3,28079017,01,3
3,3,28079018,01,8
3,3,28079024,01,2
3,3,28079035,01,5
3,3,28079036,01,18
3,3,28079038,01,3
3,3,28079040,01,3
3,3,28079057,01,5
3,3,28079004,06,0.3
3,3,28079008,06,0.3
3,3,28079016,06,0.3
3,3,28079018,06,0.3
3,3,28079024,06,0.3
3,3,28079035,06,0.3
3,3,28079036,06,0.4
3,3,28079039,06,0.2
3,3,28079056,06,0.3
3,3,28079057,06,0.3
3,3,28079004,07,8
3,3,28079008,07,7
3,3,28079011,07,1
3,3,28079016,07,1
3,3,28079017,07,7
3,3,28079018,07,3
3,3,28079024,07,1
3,3,28079027,07,1
3,3,28079035,07,19
3,3,28079036,07,1
3,3,28079038,07,1
3,3,28079039,07,1
3,3,28079040,07,1
3,3,28079047,07,2
3,3,28079048,07,1
3,3,28079049,07,1
3,3,28079050,07,1
3,3,28079054,07,12
3,3,28079055,07,14
3,3,28079056,07,22
3,3,28079057,07,1
3,3,28079058,07,3
3,3,28079059,07,3
3,3,28079060,07,1
3,3,28079004,08,45
3,3,28079008,08,39
3,3,28079011,08,28
3,3,28079016,08,30
3,3,28079017,08,50
3,3,28079018,08,58
3,3,28079024,08,41
3,3,28079027,08,36
3,3,28079035,08,52
3,3,28079036,08,16
3,3,28079038,08,28
3,3,28079039,08,20
3,3,28079040,08,33
3,3,28079047,08,38
3,3,28079048,08,25
3,3,28079049,08,25
3,3,28079050,08,32
3,3,28079054,08,42
3,3,28079055,08,58
3,3,28079056,08,66
3,3,28079057,08,18
3,3,28079058,08,19
3,3,28079059,08,24
3,3,28079060,08,13
3,3,28079008,09,6
3,3,28079024,09,6
3,3,28079038,09,5
3,3,28079047,09,6
3,3,28079048,09,6
3,3,28079050,09,5
3,3,28079008,10,4
3,3,28079018,10,7
3,3,28079024,10,6
3,3,28079036,10,3
3,3,28079038,10,5
3,3,28079040,10,7
3,3,28079047,10,7
3,3,28079048,10,7
3,3,28079050,10,7
3,3,28079055,10,11
3,3,28079057,10,5
3,3,28079060,10,4
3,3,28079008,14,22
3,3,28079016,14,29
3,3,28079017,14,9
3,3,28079018,14,10
3,3,28079024,14,21
3,3,28079027,14,28
3,3,28079035,14,16
3,3,28079039,14,48
3,3,28079049,14,28
3,3,28079054,14,17
3,3,28079056,14,5
3,3,28079058,14,8
3,3,28079059,14,20
3,3,28079060,14,52
3,3,28079008,20,2.6
3,3,28079011,20,1.9
3,3,28079018,20,0.9
3,3,28079024,20,0.9
3,3,28079038,20,1.1
3,3,28079055,20,2.8
3,3,28079008,30,0.7
3,3,28079011,30,0.9
3,3,28079018,30,0.2
3,3,28079024,30,0.5
3,3,28079038,30,0.1
3,3,28079055,30,0.5
3,3,28079008,35,0.7
3,3,28079011,35,0.9
3,3,28079018,35,1
3,3,28079024,35,0.4
3,3,28079038,35,0.3
3,3,28079055,35,0.4
3,3,28079024,42,1.4
3,3,28079027,42,1.34
3,3,28079055,42,1.57
3,3,28079024,44,0.28
3,3,28079027,44,0.2
3,3,28079055,44,0.19
3,4,28079004,01,4
3,4,28079008,01,8
3,4,28079017,01,3
3,4,28079018,01,8
3,4,28079024,01,2
3,4,28079035,01,5
3,4,28079036,01,9
3,4,28079038,01,4
3,4,28079040,01,3
3,4,28079057,01,5
3,4,28079004,06,0.4
3,4,28079008,06,0.3
3,4,28079016,06,0.3
3,4,28079018,06,0.4
3,4,28079024,06,0.3
3,4,28079035,06,0.3
3,4,28079036,06,0.3
3,4,28079039,06,0.2
3,4,28079056,06,0.3
3,4,28079057,06,0.2
3,4,28079004,07,19
3,4,28079008,07,13
3,4,28079011,07,1
3,4,28079016,07,3
3,4,28079017,07,19
3,4,28079018,07,6
3,4,28079024,07,1
3,4,28079027,07,1
3,4,28079035,07,21
3,4,28079036,07,2
3,4,28079038,07,11
3,4,28079039,07,1
3,4,28079040,07,1
3,4,28079047,07,25
3,4,28079048,07,1
3,4,28079049,07,1
3,4,28079050,07,1
3,4,28079054,07,3
3,4,28079055,07,2
3,4,28079056,07,58
3,4,28079057,07,1
3,4,28079058,07,3
3,4,28079059,07,2
3,4,28079060,07,1
3,4,28079004,08,51
3,4,28079008,08,39
3,4,28079011,08,28
3,4,28079016,08,38
3,4,28079017,08,56
3,4,28079018,08,60
3,4,28079024,08,41
3,4,28079027,08,21
3,4,28079035,08,47
3,4,28079036,08,19
3,4,28079038,08,29
3,4,28079039,08,25
3,4,28079040,08,34
3,4,28079047,08,49
3,4,28079048,08,22
3,4,28079049,08,22
3,4,28079050,08,18
3,4,28079054,08,22
3,4,28079055,08,29
3,4,28079056,08,70
3,4,28079057,08,22
3,4,28079058,08,15
3,4,28079059,08,11
3,4,28079060,08,19
3,4,28079008,09,6
3,4,28079024,09,7
3,4,28079038,09,6
3,4,28079047,09,8
3,4,28079048,09,4
3,4,28079050,09,4
3,4,28079008,10,5
3,4,28079018,10,9
3,4,28079024,10,7
3,4,28079036,10,4
3,4,28079038,10,6
3,4,28079040,10,7
3,4,28079047,10,11
3,4,28079048,10,2
3,4,28079050,10,5
3,4,28079055,10,8
3,4,28079057,10,4
3,4,28079060,10,4
3,4,28079008,14,20
3,4,28079016,14,24
3,4,28079017,14,3
3,4,28079018,14,4
3,4,28079024,14,17
3,4,28079027,14,41
3,4,28079035,14,18
3,4,28079039,14,40
3,4,28079049,14,26
3,4,28079054,14,33
3,4,28079056,14,3
3,4,28079058,14,7
3,4,28079059,14,34
3,4,28079060,14,29
3,4,28079008,20,5.4
3,4,28079011,20,4.6
3,4,28079018,20,1.7
3,4,28079024,20,1.7
3,4,28079038,20,2.6
3,4,28079055,20,2.7
3,4,28079008,30,0.6
3,4,28079011,30,1.2
3,4,28079018,30,0.2
3,4,28079024,30,0.5
3,4,28079038,30,0.2
3,4,28079055,30,0.4
3,4,28079008,35,1.8
3,4,28079011,35,0.4
3,4,28079018,35,0.7
3,4,28079024,35,0.4
3,4,28079038,35,0.3
3,4,28079055,35,0.3
3,4,28079024,42,1.43
3,4,28079027,42,1.24
3,4,28079055,42,1.52
3,4,28079024,44,0.29
3,4,28079027,44,0.15
3,4,28079055,44,0.18
3,5,28079004,01,4
3,5,28079008,01,8
3,5,28079017,01,3
3,5,28079018,01,8
3,5,28079024,01,1
3,5,28079035,01,4
3,5,28079036,01,5
3,5,28079038,01,3
3,5,28079040,01,3
3,5,28079057,01,4
3,5,28079004,06,0.4
3,5,28079008,06,0.3
3,5,28079016,06,0.2
3,5,28079018,06,0.4
3,5,28079024,06,0.3
3,5,28079035,06,0.3
3,5,28079036,06,0.3
3,5,28079039,06,0.2
3,5,28079056,06,0.4
3,5,28079057,06,0.2
3,5,28079004,07,31
3,5,28079008,07,5
3,5,28079011,07,1
3,5,28079016,07,12
3,5,28079017,07,24
3,5,28079018,07,7
3,5,28079024,07,1
3,5,28079027,07,1
3,5,28079035,07,8
3,5,28079036,07,4
3,5,28079038,07,3
3,5,28079039,07,3
3,5,28079040,07,1
3,5,28079047,07,33
3,5,28079048,07,1
3,5,28079049,07,1
3,5,28079050,07,1
3,5,28079054,07,11
3,5,28079055,07,6
3,5,28079056,07,74
3,5,28079057,07,1
3,5,28079058,07,3
3,5,28079059,07,2
3,5,28079060,07,1
3,5,28079004,08,43
3,5,28079008,08,30
3,5,28079011,08,23
3,5,28079016,08,35
3,5,28079017,08,51
3,5,28079018,08,46
3,5,28079024,08,34
3,5,28079027,08,20
3,5,28079035,08,34
3,5,28079036,08,24
3,5,28079038,08,25
3,5,28079039,08,40
3,5,28079040,08,31
3,5,28079047,08,51
3,5,28079048,08,16
3,5,28079049,08,19
3,5,28079050,08,13
3,5,28079054,08,46
3,5,28079055,08,35
3,5,28079056,08,71
3,5,28079057,08,11
3,5,28079058,08,12
3,5,28079059,08,8
3,5,28079060,08,18
3,5,28079008,09,4
3,5,28079024,09,5
3,5,28079038,09,3
3,5,28079047,09,7
3,5,28079048,09,1
3,5,28079050,09,3
3,5,28079008,10,3
3,5,28079018,10,6
3,5,28079024,10,6
3,5,28079036,10,4
3,5,28079038,10,4
3,5,28079040,10,5
3,5,28079047,10,10
3,5,28079048,10,4
3,5,28079050,10,4
3,5,28079055,10,5
3,5,28079057,10,4
3,5,28079060,10,3
3,5,28079008,14,31
3,5,28079016,14,26
3,5,28079017,14,3
3,5,28079018,14,9
3,5,28079024,14,13
3,5,28079027,14,38
3,5,28079035,14,30
3,5,28079039,14,22
3,5,28079049,14,28
3,5,28079054,14,13
3,5,28079056,14,3
3,5,28079058,14,8
3,5,28079059,14,36
3,5,28079060,14,39
3,5,28079008,20,4.1
3,5,28079011,20,4.3
3,5,28079018,20,2.3
3,5,28079024,20,2.3
3,5,28079038,20,2
3,5,28079055,20,2.6
3,5,28079008,30,0.5
3,5,28079011,30,0.8
3,5,28079018,30,0.3
3,5,28079024,30,0.5
3,5,28079038,30,0.1
3,5,28079055,30,0.3
3,5,28079008,35,0.9
3,5,28079011,35,0.6
3,5,28079018,35,0.2
3,5,28079024,35,0.4
3,5,28079038,35,0.3
3,5,28079055,35,0.3
3,5,28079024,42,1.41
3,5,28079027,42,1.25
3,5,28079055,42,1.47
3,5,28079024,44,0.27
3,5,28079027,44,0.14
3,5,28079055,44,0.15
3,6,28079004,01,3
3,6,28079008,01,7
3,6,28079017,01,3
3,6,28079018,01,7
3,6,28079024,01,1
3,6,28079035,01,4
3,6,28079036,01,4
3,6,28079038,01,3
3,6,28079040,01,3
3,6,28079057,01,4
3,6,28079004,06,0.4
3,6,28079008,06,0.3
3,6,28079016,06,0.2
3,6,28079018,06,0.4
3,6,28079024,06,0.3
3,6,28079035,06,0.3
3,6,28079036,06,0.3
3,6,28079039,06,0.2
3,6,28079056,06,0.3
3,6,28079057,06,0.2
3,6,28079004,07,32
3,6,28079008,07,23
3,6,28079011,07,1
3,6,28079016,07,2
3,6,28079017,07,38
3,6,28079018,07,11
3,6,28079024,07,2
3,6,28079027,07,1
3,6,28079035,07,15
3,6,28079036,07,3
3,6,28079038,07,6
3,6,28079039,07,10
3,6,28079040,07,13
3,6,28079047,07,13
3,6,28079048,07,1
3,6,28079049,07,1
3,6,28079050,07,16
3,6,28079054,07,16
3,6,28079055,07,8
3,6,28079056,07,34
3,6,28079057,07,1
3,6,28079058,07,5
3,6,28079059,07,2
3,6,28079060,07,1
3,6,28079004,08,47
3,6,28079008,08,43
3,6,28079011,08,32
3,6,28079016,08,29
3,6,28079017,08,54
3,6,28079018,08,47
3,6,28079024,08,30
3,6,28079027,08,25
3,6,28079035,08,48
3,6,28079036,08,13
3,6,28079038,08,40
3,6,28079039,08,48
3,6,28079040,08,37
3,6,28079047,08,46
3,6,28079048,08,27
3,6,28079049,08,17
3,6,28079050,08,43
3,6,28079054,08,32
3,6,28079055,08,48
3,6,28079056,08,57
3,6,28079057,08,20
3,6,28079058,08,13
3,6,28079059,08,11
3,6,28079060,08,37
3,6,28079008,09,6
3,6,28079024,09,5
3,6,28079038,09,7
3,6,28079047,09,6
3,6,28079048,09,5
3,6,28079050,09,6
3,6,28079008,10,6
3,6,28079018,10,7
3,6,28079024,10,5
3,6,28079036,10,3
3,6,28079038,10,7
3,6,28079040,10,6
3,6,28079047,10,7
3,6,28079048,10,7
3,6,28079050,10,9
3,6,28079055,10,7
3,6,28079057,10,5
3,6,28079060,10,6
3,6,28079008,14,19
3,6,28079016,14,32
3,6,28079017,14,3
3,6,28079018,14,3
3,6,28079024,14,8
3,6,28079027,14,45
3,6,28079035,14,8
3,6,28079039,14,8
3,6,28079049,14,29
3,6,28079054,14,24
3,6,28079056,14,3
3,6,28079058,14,6
3,6,28079059,14,36
3,6,28079060,14,16
3,6,28079008,20,3.1
3,6,28079011,20,3.2
3,6,28079018,20,1.6
3,6,28079024,20,1.9
3,6,28079038,20,2.3
3,6,28079055,20,2.2
3,6,28079008,30,0.4
3,6,28079011,30,1
3,6,28079018,30,0.2
3,6,28079024,30,0.5
3,6,28079038,30,0.2
3,6,28079055,30,0.3
3,6,28079008,35,0.8
3,6,28079011,35,0.9
3,6,28079018,35,0.7
3,6,28079024,35,0.4
3,6,28079038,35,0.4
3,6,28079055,35,0.3
3,6,28079024,42,1.42
3,6,28079027,42,1.22
3,6,28079055,42,1.47
3,6,28079024,44,0.28
3,6,28079027,44,0.14
3,6,28079055,44,0.15
3,7,28079004,01,4
3,7,28079008,01,8
3,7,28079017,01,5
3,7,28079018,01,8
3,7,28079024,01,1
3,7,28079035,01,4
3,7,28079036,01,4
3,7,28079038,01,4
3,7,28079040,01,4
3,7,28079057,01,4
3,7,28079004,06,0.5
3,7,28079008,06,0.4
3,7,28079016,06,0.3
3,7,28079018,06,0.5
3,7,28079024,06,0.3
3,7,28079035,06,0.4
3,7,28079036,06,0.3
3,7,28079039,06,0.3
3,7,28079056,06,0.5
3,7,28079057,06,0.3
3,7,28079004,07,66
3,7,28079008,07,56
3,7,28079011,07,4
3,7,28079016,07,17
3,7,28079017,07,91
3,7,28079018,07,20
3,7,28079024,07,1
3,7,28079027,07,21
3,7,28079035,07,10
3,7,28079036,07,31
3,7,28079038,07,24
3,7,28079039,07,41
3,7,28079040,07,61
3,7,28079047,07,40
3,7,28079048,07,2
3,7,28079049,07,1
3,7,28079050,07,4
3,7,28079054,07,54
3,7,28079055,07,20
3,7,28079056,07,73
3,7,28079057,07,3
3,7,28079058,07,11
3,7,28079059,07,3
3,7,28079060,07,2
3,7,28079004,08,59
3,7,28079008,08,59
3,7,28079011,08,52
3,7,28079016,08,56
3,7,28079017,08,63
3,7,28079018,08,52
3,7,28079024,08,30
3,7,28079027,08,47
3,7,28079035,08,52
3,7,28079036,08,38
3,7,28079038,08,63
3,7,28079039,08,66
3,7,28079040,08,75
3,7,28079047,08,44
3,7,28079048,08,34
3,7,28079049,08,24
3,7,28079050,08,48
3,7,28079054,08,56
3,7,28079055,08,66
3,7,28079056,08,70
3,7,28079057,08,37
3,7,28079058,08,16
3,7,28079059,08,24
3,7,28079060,08,41
3,7,28079008,09,8
3,7,28079024,09,7
3,7,28079038,09,10
3,7,28079047,09,9
3,7,28079048,09,3
3,7,28079050,09,6
3,7,28079008,10,7
3,7,28079018,10,9
3,7,28079024,10,7
3,7,28079036,10,10
3,7,28079038,10,10
3,7,28079040,10,12
3,7,28079047,10,11
3,7,28079048,10,6
3,7,28079050,10,7
3,7,28079055,10,9
3,7,28079057,10,6
3,7,28079060,10,5
3,7,28079008,14,10
3,7,28079016,14,13
3,7,28079017,14,3
3,7,28079018,14,2
3,7,28079024,14,14
3,7,28079027,14,26
3,7,28079035,14,8
3,7,28079039,14,2
3,7,28079049,14,17
3,7,28079054,14,4
3,7,28079056,14,3
3,7,28079058,14,4
3,7,28079059,14,22
3,7,28079060,14,16
3,7,28079008,20,2.8
3,7,28079011,20,3.9
3,7,28079018,20,2.5
3,7,28079024,20,1.7
3,7,28079038,20,3.7
3,7,28079055,20,0.8
3,7,28079008,30,1
3,7,28079011,30,1.3
3,7,28079018,30,0.4
3,7,28079024,30,0.6
3,7,28079038,30,0.7
3,7,28079055,30,0.4
3,7,28079008,35,0.6
3,7,28079011,35,0.8
3,7,28079018,35,0.2
3,7,28079024,35,0.4
3,7,28079038,35,0.4
3,7,28079055,35,0.2
3,7,28079024,42,1.41
3,7,28079027,42,1.23
3,7,28079055,42,1.5
3,7,28079024,44,0.28
3,7,28079027,44,0.14
3,7,28079055,44,0.19
3,8,28079004,01,6
3,8,28079008,01,10
3,8,28079017,01,8
3,8,28079018,01,8
3,8,28079024,01,1
3,8,28079035,01,6
3,8,28079036,01,6
3,8,28079038,01,5
3,8,28079040,01,4
3,8,28079057,01,4
3,8,28079004,06,0.6
3,8,28079008,06,0.4
3,8,28079016,06,0.4
3,8,28079018,06,0.6
3,8,28079024,06,0.3
3,8,28079035,06,0.5
3,8,28079036,06,0.5
3,8,28079039,06,0.7
3,8,28079056,06,0.8
3,8,28079057,06,0.4
3,8,28079004,07,157
3,8,28079008,07,41
3,8,28079011,07,16
3,8,28079016,07,63
3,8,28079017,07,235
3,8,28079018,07,56
3,8,28079024,07,5
3,8,28079027,07,42
3,8,28079035,07,73
3,8,28079036,07,44
3,8,28079038,07,50
3,8,28079039,07,144
3,8,28079040,07,32
3,8,28079047,07,81
3,8,28079048,07,18
3,8,28079049,07,2
3,8,28079050,07,24
3,8,28079054,07,98
3,8,28079055,07,81
3,8,28079056,07,163
3,8,28079057,07,12
3,8,28079058,07,46
3,8,28079059,07,35
3,8,28079060,07,42
3,8,28079004,08,75
3,8,28079008,08,65
3,8,28079011,08,62
3,8,28079016,08,80
3,8,28079017,08,86
3,8,28079018,08,57
3,8,28079024,08,26
3,8,28079027,08,77
3,8,28079035,08,67
3,8,28079036,08,56
3,8,28079038,08,82
3,8,28079039,08,92
3,8,28079040,08,74
3,8,28079047,08,54
3,8,28079048,08,58
3,8,28079049,08,40
3,8,28079050,08,69
3,8,28079054,08,70
3,8,28079055,08,91
3,8,28079056,08,96
3,8,28079057,08,57
3,8,28079058,08,26
3,8,28079059,08,42
3,8,28079060,08,67
3,8,28079008,09,9
3,8,28079024,09,5
3,8,28079038,09,8
3,8,28079047,09,11
3,8,28079048,09,4
3,8,28079050,09,7
3,8,28079008,10,6
3,8,28079018,10,13
3,8,28079024,10,5
3,8,28079036,10,6
3,8,28079038,10,12
3,8,28079040,10,12
3,8,28079047,10,15
3,8,28079048,10,5
3,8,28079050,10,11
3,8,28079055,10,15
3,8,28079057,10,5
3,8,28079060,10,5
3,8,28079008,14,9
3,8,28079016,14,3
3,8,28079017,14,3
3,8,28079018,14,2
3,8,28079024,14,6
3,8,28079027,14,8
3,8,28079035,14,5
3,8,28079039,14,2
3,8,28079049,14,14
3,8,28079054,14,5
3,8,28079056,14,3
3,8,28079058,14,2
3,8,28079059,14,5
3,8,28079060,14,3
3,8,28079008,20,4.8
3,8,28079011,20,3.5
3,8,28079018,20,3.7
3,8,28079024,20,1.6
3,8,28079038,20,4.4
3,8,28079055,20,1.2
3,8,28079008,30,1.4
3,8,28079011,30,1.3
3,8,28079018,30,0.6
3,8,28079024,30,0.5
3,8,28079038,30,1
3,8,28079055,30,0.5
3,8,28079008,35,1
3,8,28079011,35,0.6
3,8,28079018,35,0.3
3,8,28079024,35,0.4
3,8,28079038,35,0.7
3,8,28079055,35,0.2
3,8,28079024,42,1.42
3,8,28079027,42,1.3
3,8,28079055,42,1.52
3,8,28079024,44,0.29
3,8,28079027,44,0.18
3,8,28079055,44,0.19
3,9,28079004,01,6
3,9,28079008,01,13
3,9,28079017,01,8
3,9,28079018,01,8
3,9,28079024,01,2
3,9,28079035,01,11
3,9,28079036,01,11
3,9,28079038,01,11
3,9,28079040,01,5
3,9,28079057,01,7
3,9,28079004,06,0.6
3,9,28079008,06,0.6
3,9,28079016,06,0.6
3,9,28079018,06,0.6
3,9,28079024,06,0.3
3,9,28079035,06,0.8
3,9,28079036,06,0.6
3,9,28079039,06,0.6
3,9,28079056,06,0.6
3,9,28079057,06,0.5
3,9,28079004,07,138
3,9,28079008,07,71
3,9,28079011,07,29
3,9,28079016,07,62
3,9,28079017,07,229
3,9,28079018,07,65
3,9,28079024,07,26
3,9,28079027,07,98
3,9,28079035,07,162
3,9,28079036,07,57
3,9,28079038,07,150
3,9,28079039,07,134
3,9,28079040,07,83
3,9,28079047,07,125
3,9,28079048,07,25
3,9,28079049,07,18
3,9,28079050,07,54
3,9,28079054,07,70
3,9,28079055,07,135
3,9,28079056,07,126
3,9,28079057,07,109
3,9,28079058,07,37
3,9,28079059,07,34
3,9,28079060,07,76
3,9,28079004,08,67
3,9,28079008,08,78
3,9,28079011,08,71
3,9,28079016,08,82
3,9,28079017,08,100
3,9,28079018,08,60
3,9,28079024,08,39
3,9,28079027,08,91
3,9,28079035,08,73
3,9,28079036,08,61
3,9,28079038,08,104
3,9,28079039,08,102
3,9,28079040,08,84
3,9,28079047,08,49
3,9,28079048,08,69
3,9,28079049,08,62
3,9,28079050,08,82
3,9,28079054,08,68
3,9,28079055,08,97
3,9,28079056,08,84
3,9,28079057,08,101
3,9,28079058,08,25
3,9,28079059,08,46
3,9,28079060,08,85
3,9,28079008,09,12
3,9,28079024,09,8
3,9,28079038,09,24
3,9,28079047,09,17
3,9,28079048,09,6
3,9,28079050,09,10
3,9,28079008,10,10
3,9,28079018,10,16
3,9,28079024,10,8
3,9,28079036,10,14
3,9,28079038,10,28
3,9,28079040,10,20
3,9,28079047,10,20
3,9,28079048,10,9
3,9,28079050,10,18
3,9,28079055,10,24
3,9,28079057,10,19
3,9,28079060,10,12
3,9,28079008,14,5
3,9,28079016,14,4
3,9,28079018,14,2
3,9,28079024,14,3
3,9,28079027,14,3
3,9,28079035,14,1
3,9,28079039,14,2
3,9,28079049,14,2
3,9,28079054,14,6
3,9,28079056,14,3
3,9,28079058,14,2
3,9,28079059,14,6
3,9,28079060,14,1
3,9,28079008,20,5.3
3,9,28079011,20,4.5
3,9,28079018,20,3.2
3,9,28079024,20,1.8
3,9,28079038,20,7
3,9,28079055,20,2.9
3,9,28079008,30,2
3,9,28079011,30,1.8
3,9,28079018,30,0.7
3,9,28079024,30,0.6
3,9,28079038,30,2.1
3,9,28079055,30,1.7
3,9,28079008,35,1.2
3,9,28079011,35,0.4
3,9,28079018,35,0.2
3,9,28079024,35,0.4
3,9,28079038,35,1.1
3,9,28079055,35,0.5
3,9,28079024,42,1.44
3,9,28079027,42,1.33
3,9,28079055,42,1.63
3,9,28079024,44,0.3
3,9,28079027,44,0.19
3,9,28079055,44,0.25
4,1,28079004,01,6
4,1,28079008,01,12
4,1,28079017,01,10
4,1,28079018,01,9
4,1,28079024,01,2
4,1,28079035,01,15
4,1,28079036,01,4
4,1,28079038,01,11
4,1,28079040,01,5
4,1,28079057,01,5
4,1,28079004,06,0.6
4,1,28079008,06,0.5
4,1,28079016,06,0.4
4,1,28079018,06,0.7
4,1,28079024,06,0.4
4,1,28079035,06,0.8
4,1,28079036,06,0.3
4,1,28079039,06,0.6
4,1,28079056,06,0.7
4,1,28079057,06,0.4
4,1,28079004,07,116
4,1,28079008,07,27
4,1,28079011,07,11
4,1,28079016,07,8
4,1,28079017,07,306
4,1,28079018,07,94
4,1,28079024,07,35
4,1,28079027,07,11
4,1,28079035,07,112
4,1,28079036,07,14
4,1,28079038,07,213
4,1,28079039,07,110
4,1,28079040,07,19
4,1,28079047,07,105
4,1,28079048,07,8
4,1,28079049,07,51
4,1,28079050,07,6
4,1,28079054,07,73
4,1,28079055,07,20
4,1,28079056,07,147
4,1,28079057,07,7
4,1,28079058,07,6
4,1,28079059,07,2
4,1,28079060,07,34
4,1,28079004,08,65
4,1,28079008,08,59
4,1,28079011,08,58
4,1,28079016,08,54
4,1,28079017,08,124
4,1,28079018,08,70
4,1,28079024,08,48
4,1,28079027,08,48
4,1,28079035,08,72
4,1,28079036,08,39
4,1,28079038,08,105
4,1,28079039,08,84
4,1,28079040,08,67
4,1,28079047,08,64
4,1,28079048,08,54
4,1,28079049,08,57
4,1,28079050,08,50
4,1,28079054,08,65
4,1,28079055,08,53
4,1,28079056,08,93
4,1,28079057,08,56
4,1,28079058,08,18
4,1,28079059,08,22
4,1,28079060,08,72
4,1,28079008,09,11
4,1,28079024,09,12
4,1,28079038,09,22
4,1,28079047,09,13
4,1,28079048,09,7
4,1,28079050,09,8
4,1,28079008,10,6
4,1,28079018,10,18
4,1,28079024,10,14
4,1,28079036,10,15
4,1,28079038,10,33
4,1,28079040,10,12
4,1,28079047,10,18
4,1,28079048,10,8
4,1,28079050,10,11
4,1,28079055,10,14
4,1,28079057,10,4
4,1,28079060,10,5
4,1,28079008,14,4
4,1,28079016,14,5
4,1,28079017,14,3
4,1,28079018,14,1
4,1,28079024,14,3
4,1,28079027,14,6
4,1,28079035,14,1
4,1,28079039,14,2
4,1,28079049,14,1
4,1,28079054,14,3
4,1,28079056,14,3
4,1,28079058,14,7
4,1,28079059,14,15
4,1,28079060,14,1
4,1,28079008,20,7.2
4,1,28079011,20,6.3
4,1,28079018,20,2.8
4,1,28079024,20,2.8
4,1,28079038,20,14.3
4,1,28079055,20,1.9
4,1,28079008,30,2.4
4,1,28079011,30,3
4,1,28079018,30,0.7
4,1,28079024,30,1.4
4,1,28079038,30,3
4,1,28079055,30,1
4,1,28079008,35,1.8
4,1,28079011,35,1
4,1,28079018,35,0.6
4,1,28079024,35,0.6
4,1,28079038,35,2.6
4,1,28079055,35,0.4
4,1,28079024,42,1.45
4,1,28079027,42,1.39
4,1,28079055,42,1.64
4,1,28079024,44,0.29
4,1,28079027,44,0.18
4,1,28079055,44,0.18
4,10,28079004,01,8
4,10,28079008,01,17
4,10,28079017,01,12
4,10,28079018,01,10
4,10,28079024,01,2
4,10,28079035,01,38
4,10,28079036,01,12
4,10,28079038,01,10
4,10,28079040,01,6
4,10,28079057,01,6
4,10,28079004,06,1.1
4,10,28079008,06,0.7
4,10,28079016,06,0.4
4,10,28079018,06,0.8
4,10,28079024,06,0.3
4,10,28079035,06,0.9
4,10,28079036,06,1.5
4,10,28079039,06,1.3
4,10,28079056,06,1
4,10,28079057,06,0.6
4,10,28079004,07,226
4,10,28079008,07,101
4,10,28079011,07,102
4,10,28079016,07,44
4,10,28079017,07,420
4,10,28079018,07,136
4,10,28079024,07,29
4,10,28079027,07,89
4,10,28079035,07,228
4,10,28079036,07,126
4,10,28079038,07,153
4,10,28079039,07,364
4,10,28079040,07,100
4,10,28079047,07,184
4,10,28079048,07,54
4,10,28079049,07,53
4,10,28079050,07,60
4,10,28079054,07,233
4,10,28079055,07,92
4,10,28079056,07,259
4,10,28079057,07,89
4,10,28079058,07,44
4,10,28079059,07,10
4,10,28079060,07,180
4,10,28079004,08,80
4,10,28079008,08,75
4,10,28079011,08,89
4,10,28079016,08,62
4,10,28079017,08,137
4,10,28079018,08,71
4,10,28079024,08,28
4,10,28079027,08,73
4,10,28079035,08,94
4,10,28079036,08,85
4,10,28079038,08,100
4,10,28079039,08,145
4,10,28079040,08,83
4,10,28079047,08,70
4,10,28079048,08,65
4,10,28079049,08,57
4,10,28079050,08,69
4,10,28079054,08,77
4,10,28079055,08,79
4,10,28079056,08,108
4,10,28079057,08,77
4,10,28079058,08,27
4,10,28079059,08,20
4,10,28079060,08,113
4,10,28079008,09,13
4,10,28079024,09,10
4,10,28079038,09,28
4,10,28079047,09,17
4,10,28079048,09,3
4,10,28079050,09,10
4,10,28079008,10,10
4,10,28079018,10,28
4,10,28079024,10,11
4,10,28079036,10,32
4,10,28079038,10,27
4,10,28079040,10,20
4,10,28079047,10,27
4,10,28079048,10,8
4,10,28079050,10,15
4,10,28079055,10,18
4,10,28079057,10,18
4,10,28079060,10,28
4,10,28079008,14,6
4,10,28079016,14,6
4,10,28079017,14,3
4,10,28079018,14,1
4,10,28079024,14,5
4,10,28079027,14,7
4,10,28079035,14,1
4,10,28079039,14,2
4,10,28079049,14,2
4,10,28079054,14,5
4,10,28079056,14,3
4,10,28079058,14,3
4,10,28079059,14,18
4,10,28079060,14,3
4,10,28079008,20,7
4,10,28079011,20,7
4,10,28079018,20,3.7
4,10,28079024,20,1.3
4,10,28079055,20,3.6
4,10,28079008,30,2.9
4,10,28079011,30,3.5
4,10,28079018,30,1
4,10,28079024,30,0.7
4,10,28079055,30,1.6
4,10,28079008,35,1.7
4,10,28079011,35,1.2
4,10,28079018,35,1
4,10,28079024,35,0.4
4,10,28079055,35,0.6
4,10,28079024,42,1.48
4,10,28079027,42,1.41
4,10,28079055,42,1.72
4,10,28079024,44,0.3
4,10,28079027,44,0.19
4,10,28079055,44,0.24
4,11,28079004,01,13
4,11,28079008,01,25
4,11,28079017,01,9
4,11,28079018,01,11
4,11,28079024,01,2
4,11,28079035,01,33
4,11,28079036,01,4
4,11,28079038,01,12
4,11,28079040,01,4
4,11,28079057,01,5
4,11,28079004,06,1.3
4,11,28079008,06,0.6
4,11,28079016,06,0.4
4,11,28079018,06,0.7
4,11,28079024,06,0.3
4,11,28079035,06,1.1
4,11,28079036,06,0.5
4,11,28079039,06,0.6
4,11,28079056,06,0.9
4,11,28079057,06,0.4
4,11,28079004,07,282
4,11,28079008,07,79
4,11,28079011,07,31
4,11,28079016,07,31
4,11,28079017,07,242
4,11,28079018,07,123
4,11,28079024,07,39
4,11,28079027,07,40
4,11,28079035,07,246
4,11,28079036,07,65
4,11,28079038,07,94
4,11,28079039,07,149
4,11,28079040,07,61
4,11,28079047,07,167
4,11,28079048,07,41
4,11,28079049,07,27
4,11,28079050,07,27
4,11,28079054,07,188
4,11,28079055,07,43
4,11,28079056,07,222
4,11,28079057,07,42
4,11,28079058,07,48
4,11,28079059,07,9
4,11,28079060,07,107
4,11,28079004,08,94
4,11,28079008,08,64
4,11,28079011,08,58
4,11,28079016,08,54
4,11,28079017,08,109
4,11,28079018,08,77
4,11,28079024,08,27
4,11,28079027,08,48
4,11,28079035,08,104
4,11,28079036,08,55
4,11,28079038,08,85
4,11,28079039,08,94
4,11,28079040,08,66
4,11,28079047,08,72
4,11,28079048,08,56
4,11,28079049,08,51
4,11,28079050,08,47
4,11,28079054,08,72
4,11,28079055,08,52
4,11,28079056,08,107
4,11,28079057,08,52
4,11,28079058,08,37
4,11,28079059,08,11
4,11,28079060,08,91
4,11,28079008,09,13
4,11,28079024,09,12
4,11,28079038,09,10
4,11,28079047,09,17
4,11,28079048,09,5
4,11,28079050,09,8
4,11,28079008,10,10
4,11,28079018,10,31
4,11,28079024,10,12
4,11,28079036,10,42
4,11,28079038,10,22
4,11,28079040,10,17
4,11,28079047,10,30
4,11,28079048,10,17
4,11,28079050,10,10
4,11,28079055,10,11
4,11,28079057,10,15
4,11,28079060,10,18
4,11,28079008,14,11
4,11,28079016,14,12
4,11,28079017,14,4
4,11,28079018,14,4
4,11,28079024,14,9
4,11,28079027,14,19
4,11,28079035,14,1
4,11,28079039,14,8
4,11,28079049,14,13
4,11,28079054,14,6
4,11,28079056,14,5
4,11,28079058,14,6
4,11,28079059,14,28
4,11,28079060,14,10
4,11,28079008,20,7.1
4,11,28079011,20,6.5
4,11,28079018,20,4.6
4,11,28079024,20,1.4
4,11,28079055,20,2.4
4,11,28079008,30,2.5
4,11,28079011,30,3.2
4,11,28079018,30,1
4,11,28079024,30,0.7
4,11,28079055,30,1
4,11,28079008,35,1.8
4,11,28079011,35,1
4,11,28079018,35,1
4,11,28079024,35,0.4
4,11,28079055,35,0.5
4,11,28079024,42,1.49
4,11,28079027,42,1.38
4,11,28079055,42,1.6
4,11,28079024,44,0.3
4,11,28079027,44,0.18
4,11,28079055,44,0.19
4,12,28079004,01,23
4,12,28079008,01,30
4,12,28079017,01,8
4,12,28079018,01,13
4,12,28079024,01,8
4,12,28079035,01,26
4,12,28079036,01,10
4,12,28079038,01,12
4,12,28079040,01,4
4,12,28079057,01,5
4,12,28079004,06,1.1
4,12,28079008,06,0.6
4,12,28079016,06,0.3
4,12,28079018,06,0.7
4,12,28079024,06,0.6
4,12,28079035,06,1
4,12,28079036,06,0.5
4,12,28079039,06,0.4
4,12,28079056,06,0.7
4,12,28079057,06,0.5
4,12,28079004,07,262
4,12,28079008,07,75
4,12,28079011,07,39
4,12,28079016,07,17
4,12,28079017,07,200
4,12,28079018,07,103
4,12,28079024,07,128
4,12,28079027,07,46
4,12,28079035,07,172
4,12,28079036,07,58
4,12,28079038,07,90
4,12,28079039,07,49
4,12,28079040,07,53
4,12,28079047,07,126
4,12,28079048,07,41
4,12,28079049,07,57
4,12,28079050,07,37
4,12,28079054,07,74
4,12,28079055,07,45
4,12,28079056,07,151
4,12,28079057,07,18
4,12,28079058,07,60
4,12,28079059,07,10
4,12,28079060,07,20
4,12,28079004,08,106
4,12,28079008,08,60
4,12,28079011,08,58
4,12,28079016,08,38
4,12,28079017,08,101
4,12,28079018,08,80
4,12,28079024,08,74
4,12,28079027,08,54
4,12,28079035,08,94
4,12,28079036,08,52
4,12,28079038,08,84
4,12,28079039,08,62
4,12,28079040,08,61
4,12,28079047,08,72
4,12,28079048,08,52
4,12,28079049,08,65
4,12,28079050,08,52
4,12,28079054,08,51
4,12,28079055,08,58
4,12,28079056,08,96
4,12,28079057,08,30
4,12,28079058,08,56
4,12,28079059,08,12
4,12,28079060,08,43
4,12,28079008,09,12
4,12,28079024,09,15
4,12,28079038,09,12
4,12,28079047,09,14
4,12,28079048,09,3
4,12,28079008,10,10
4,12,28079018,10,27
4,12,28079024,10,26
4,12,28079036,10,22
4,12,28079038,10,19
4,12,28079040,10,16
4,12,28079047,10,26
4,12,28079048,10,18
4,12,28079050,10,13
4,12,28079055,10,12
4,12,28079057,10,10
4,12,28079060,10,11
4,12,28079008,14,13
4,12,28079016,14,27
4,12,28079017,14,5
4,12,28079018,14,7
4,12,28079024,14,9
4,12,28079027,14,20
4,12,28079035,14,3
4,12,28079039,14,17
4,12,28079049,14,8
4,12,28079054,14,15
4,12,28079056,14,8
4,12,28079058,14,9
4,12,28079059,14,30
4,12,28079060,14,29
4,12,28079008,20,7.1
4,12,28079011,20,5.9
4,12,28079018,20,7.4
4,12,28079024,20,1.6
4,12,28079055,20,1.6
4,12,28079008,30,2.2
4,12,28079011,30,2.5
4,12,28079018,30,0.8
4,12,28079024,30,0.8
4,12,28079055,30,0.9
4,12,28079008,35,1.5
4,12,28079011,35,0.5
4,12,28079018,35,1
4,12,28079024,35,0.4
4,12,28079055,35,0.3
4,12,28079024,42,1.59
4,12,28079027,42,1.41
4,12,28079055,42,1.68
4,12,28079024,44,0.39
4,12,28079027,44,0.19
4,12,28079055,44,0.22
4,13,28079004,01,17
4,13,28079008,01,23
4,13,28079017,01,5
4,13,28079018,01,11
4,13,28079024,01,9
4,13,28079035,01,21
4,13,28079036,01,13
4,13,28079038,01,24
4,13,28079040,01,6
4,13,28079057,01,5
4,13,28079004,06,0.9
4,13,28079008,06,0.6
4,13,28079016,06,0.5
4,13,28079018,06,0.6
4,13,28079024,06,0.6
4,13,28079035,06,0.9
4,13,28079036,06,0.5
4,13,28079039,06,0.5
4,13,28079056,06,0.5
4,13,28079057,06,0.3
4,13,28079004,07,184
4,13,28079008,07,100
4,13,28079011,07,67
4,13,28079016,07,31
4,13,28079017,07,74
4,13,28079018,07,86
4,13,28079024,07,87
4,13,28079027,07,32
4,13,28079035,07,164
4,13,28079036,07,66
4,13,28079038,07,174
4,13,28079039,07,97
4,13,28079040,07,89
4,13,28079047,07,134
4,13,28079048,07,91
4,13,28079049,07,84
4,13,28079050,07,67
4,13,28079054,07,67
4,13,28079055,07,31
4,13,28079056,07,145
4,13,28079057,07,25
4,13,28079058,07,66
4,13,28079059,07,23
4,13,28079060,07,20
4,13,28079004,08,100
4,13,28079008,08,68
4,13,28079011,08,74
4,13,28079016,08,50
4,13,28079017,08,69
4,13,28079018,08,78
4,13,28079024,08,73
4,13,28079027,08,54
4,13,28079035,08,95
4,13,28079036,08,57
4,13,28079038,08,114
4,13,28079039,08,82
4,13,28079040,08,77
4,13,28079047,08,76
4,13,28079048,08,74
4,13,28079049,08,71
4,13,28079050,08,64
4,13,28079054,08,50
4,13,28079055,08,54
4,13,28079056,08,101
4,13,28079057,08,34
4,13,28079058,08,71
4,13,28079059,08,27
4,13,28079060,08,44
4,13,28079008,09,14
4,13,28079024,09,17
4,13,28079038,09,22
4,13,28079047,09,16
4,13,28079048,09,8
4,13,28079050,09,8
4,13,28079008,10,12
4,13,28079018,10,21
4,13,28079024,10,24
4,13,28079036,10,20
4,13,28079038,10,33
4,13,28079040,10,24
4,13,28079047,10,29
4,13,28079048,10,27
4,13,28079050,10,19
4,13,28079055,10,11
4,13,28079057,10,23
4,13,28079060,10,11
4,13,28079008,14,13
4,13,28079016,14,22
4,13,28079017,14,11
4,13,28079018,14,10
4,13,28079024,14,15
4,13,28079027,14,32
4,13,28079035,14,4
4,13,28079039,14,13
4,13,28079049,14,8
4,13,28079054,14,16
4,13,28079056,14,9
4,13,28079058,14,15
4,13,28079059,14,27
4,13,28079060,14,29
4,13,28079008,20,7.5
4,13,28079011,20,6.3
4,13,28079018,20,3.7
4,13,28079024,20,6.9
4,13,28079038,20,11.5
4,13,28079055,20,2.7
4,13,28079008,30,2.3
4,13,28079011,30,2.9
4,13,28079018,30,0.6
4,13,28079024,30,1.4
4,13,28079038,30,1.7
4,13,28079055,30,1.2
4,13,28079008,35,1.8
4,13,28079011,35,0.9
4,13,28079018,35,1
4,13,28079024,35,0.7
4,13,28079038,35,2.2
4,13,28079055,35,0.5
4,13,28079024,42,1.57
4,13,28079027,42,1.37
4,13,28079055,42,1.57
4,13,28079024,44,0.4
4,13,28079027,44,0.21
4,13,28079055,44,0.2
4,14,28079004,01,18
4,14,28079008,01,22
4,14,28079017,01,5
4,14,28079018,01,13
4,14,28079024,01,9
4,14,28079035,01,22
4,14,28079036,01,18
4,14,28079038,01,26
4,14,28079040,01,6
4,14,28079057,01,6
4,14,28079004,06,0.9
4,14,28079008,06,0.7
4,14,28079016,06,0.4
4,14,28079018,06,0.7
4,14,28079024,06,0.5
4,14,28079035,06,0.9
4,14,28079036,06,0.5
4,14,28079039,06,0.8
4,14,28079056,06,0.5
4,14,28079057,06,0.4
4,14,28079004,07,190
4,14,28079008,07,151
4,14,28079011,07,125
4,14,28079016,07,42
4,14,28079017,07,53
4,14,28079018,07,114
4,14,28079024,07,71
4,14,28079027,07,25
4,14,28079035,07,166
4,14,28079036,07,59
4,14,28079038,07,168
4,14,28079039,07,152
4,14,28079040,07,80
4,14,28079047,07,84
4,14,28079048,07,177
4,14,28079049,07,134
4,14,28079050,07,201
4,14,28079054,07,74
4,14,28079055,07,26
4,14,28079056,07,129
4,14,28079057,07,51
4,14,28079058,07,55
4,14,28079059,07,21
4,14,28079060,07,20
4,14,28079004,08,106
4,14,28079008,08,81
4,14,28079011,08,107
4,14,28079016,08,61
4,14,28079017,08,63
4,14,28079018,08,94
4,14,28079024,08,71
4,14,28079027,08,47
4,14,28079035,08,102
4,14,28079036,08,56
4,14,28079038,08,120
4,14,28079039,08,106
4,14,28079040,08,78
4,14,28079047,08,67
4,14,28079048,08,105
4,14,28079049,08,86
4,14,28079050,08,127
4,14,28079054,08,56
4,14,28079055,08,51
4,14,28079056,08,102
4,14,28079057,08,59
4,14,28079058,08,72
4,14,28079059,08,31
4,14,28079060,08,47
4,14,28079008,09,21
4,14,28079024,09,14
4,14,28079038,09,21
4,14,28079047,09,11
4,14,28079048,09,21
4,14,28079050,09,30
4,14,28079008,10,18
4,14,28079018,10,29
4,14,28079024,10,21
4,14,28079036,10,13
4,14,28079038,10,35
4,14,28079040,10,27
4,14,28079047,10,23
4,14,28079048,10,51
4,14,28079050,10,39
4,14,28079055,10,5
4,14,28079057,10,21
4,14,28079060,10,6
4,14,28079008,14,9
4,14,28079016,14,19
4,14,28079017,14,15
4,14,28079018,14,8
4,14,28079024,14,18
4,14,28079027,14,35
4,14,28079035,14,5
4,14,28079039,14,8
4,14,28079049,14,4
4,14,28079054,14,16
4,14,28079056,14,11
4,14,28079058,14,19
4,14,28079059,14,31
4,14,28079060,14,32
4,14,28079008,20,8.3
4,14,28079011,20,8.3
4,14,28079018,20,5
4,14,28079024,20,6.5
4,14,28079038,20,14.5
4,14,28079055,20,1.7
4,14,28079008,30,2.8
4,14,28079011,30,3.3
4,14,28079018,30,0.7
4,14,28079024,30,1.5
4,14,28079038,30,2.3
4,14,28079055,30,1
4,14,28079008,35,2.5
4,14,28079011,35,1.6
4,14,28079018,35,1
4,14,28079024,35,0.9
4,14,28079038,35,2.3
4,14,28079055,35,0.4
4,14,28079024,42,1.55
4,14,28079027,42,1.38
4,14,28079055,42,1.53
4,14,28079024,44,0.38
4,14,28079027,44,0.24
4,14,28079055,44,0.19
4,15,28079004,01,16
4,15,28079008,01,19
4,15,28079017,01,5
4,15,28079018,01,12
4,15,28079024,01,7
4,15,28079035,01,19
4,15,28079036,01,12
4,15,28079038,01,26
4,15,28079040,01,6
4,15,28079057,01,7
4,15,28079004,06,0.8
4,15,28079008,06,0.6
4,15,28079016,06,0.7
4,15,28079018,06,0.6
4,15,28079024,06,0.5
4,15,28079035,06,0.8
4,15,28079036,06,0.6
4,15,28079039,06,0.8
4,15,28079056,06,0.5
4,15,28079057,06,0.5
4,15,28079004,07,147
4,15,28079008,07,119
4,15,28079011,07,190
4,15,28079016,07,70
4,15,28079017,07,52
4,15,28079018,07,95
4,15,28079024,07,72
4,15,28079027,07,23
4,15,28079035,07,115
4,15,28079036,07,100
4,15,28079038,07,160
4,15,28079039,07,123
4,15,28079040,07,70
4,15,28079047,07,69
4,15,28079048,07,169
4,15,28079049,07,95
4,15,28079050,07,205
4,15,28079054,07,66
4,15,28079055,07,36
4,15,28079056,07,106
4,15,28079057,07,55
4,15,28079058,07,33
4,15,28079059,07,41
4,15,28079060,07,63
4,15,28079004,08,101
4,15,28079008,08,78
4,15,28079011,08,131
4,15,28079016,08,84
4,15,28079017,08,67
4,15,28079018,08,93
4,15,28079024,08,77
4,15,28079027,08,52
4,15,28079035,08,91
4,15,28079036,08,70
4,15,28079038,08,124
4,15,28079039,08,109
4,15,28079040,08,76
4,15,28079047,08,68
4,15,28079048,08,108
4,15,28079049,08,83
4,15,28079050,08,132
4,15,28079054,08,58
4,15,28079055,08,61
4,15,28079056,08,96
4,15,28079057,08,66
4,15,28079058,08,64
4,15,28079059,08,46
4,15,28079060,08,79
4,15,28079008,09,19
4,15,28079024,09,15
4,15,28079038,09,24
4,15,28079047,09,10
4,15,28079048,09,25
4,15,28079050,09,29
4,15,28079008,10,18
4,15,28079018,10,27
4,15,28079024,10,22
4,15,28079036,10,28
4,15,28079038,10,36
4,15,28079040,10,26
4,15,28079047,10,21
4,15,28079048,10,50
4,15,28079050,10,42
4,15,28079055,10,12
4,15,28079057,10,45
4,15,28079060,10,27
4,15,28079008,14,11
4,15,28079016,14,14
4,15,28079017,14,16
4,15,28079018,14,9
4,15,28079024,14,17
4,15,28079027,14,37
4,15,28079035,14,7
4,15,28079039,14,10
4,15,28079049,14,5
4,15,28079054,14,14
4,15,28079056,14,7
4,15,28079058,14,25
4,15,28079059,14,22
4,15,28079060,14,16
4,15,28079008,20,8.8
4,15,28079011,20,13
4,15,28079018,20,6.3
4,15,28079024,20,5.9
4,15,28079038,20,12.7
4,15,28079055,20,2.1
4,15,28079008,30,3
4,15,28079011,30,4.2
4,15,28079018,30,0.9
4,15,28079024,30,1.3
4,15,28079038,30,2
4,15,28079055,30,0.9
4,15,28079008,35,2.7
4,15,28079011,35,3.4
4,15,28079018,35,0.9
4,15,28079024,35,0.9
4,15,28079038,35,2.1
4,15,28079055,35,0.4
4,15,28079024,42,1.56
4,15,28079027,42,1.33
4,15,28079055,42,1.54
4,15,28079024,44,0.38
4,15,28079027,44,0.21
4,15,28079055,44,0.2
4,16,28079004,01,10
4,16,28079017,01,6
4,16,28079018,01,11
4,16,28079024,01,7
4,16,28079035,01,14
4,16,28079036,01,6
4,16,28079038,01,19
4,16,28079040,01,6
4,16,28079057,01,9
4,16,28079004,06,0.6
4,16,28079008,06,0.6
4,16,28079016,06,0.8
4,16,28079018,06,0.6
4,16,28079024,06,0.6
4,16,28079035,06,0.6
4,16,28079036,06,0.5
4,16,28079039,06,0.6
4,16,28079056,06,0.5
4,16,28079057,06,0.6
4,16,28079004,07,84
4,16,28079008,07,103
4,16,28079011,07,153
4,16,28079016,07,112
4,16,28079017,07,74
4,16,28079018,07,85
4,16,28079024,07,90
4,16,28079027,07,38
4,16,28079035,07,77
4,16,28079036,07,69
4,16,28079038,07,108
4,16,28079039,07,80
4,16,28079040,07,48
4,16,28079047,07,58
4,16,28079048,07,140
4,16,28079049,07,69
4,16,28079050,07,187
4,16,28079054,07,42
4,16,28079055,07,42
4,16,28079056,07,93
4,16,28079057,07,60
4,16,28079058,07,26
4,16,28079059,07,57
4,16,28079060,07,89
4,16,28079004,08,89
4,16,28079008,08,78
4,16,28079011,08,119
4,16,28079016,08,102
4,16,28079017,08,83
4,16,28079018,08,94
4,16,28079024,08,89
4,16,28079027,08,66
4,16,28079035,08,83
4,16,28079036,08,67
4,16,28079038,08,111
4,16,28079039,08,98
4,16,28079040,08,70
4,16,28079047,08,68
4,16,28079048,08,104
4,16,28079049,08,81
4,16,28079050,08,129
4,16,28079054,08,52
4,16,28079055,08,67
4,16,28079056,08,95
4,16,28079057,08,80
4,16,28079058,08,62
4,16,28079059,08,56
4,16,28079060,08,99
4,16,28079008,09,18
4,16,28079024,09,19
4,16,28079038,09,17
4,16,28079047,09,11
4,16,28079048,09,20
4,16,28079050,09,31
4,16,28079008,10,15
4,16,28079018,10,27
4,16,28079024,10,28
4,16,28079036,10,21
4,16,28079038,10,25
4,16,28079040,10,18
4,16,28079047,10,21
4,16,28079048,10,38
4,16,28079050,10,48
4,16,28079055,10,17
4,16,28079057,10,36
4,16,28079060,10,28
4,16,28079008,14,11
4,16,28079016,14,8
4,16,28079017,14,11
4,16,28079018,14,8
4,16,28079024,14,12
4,16,28079027,14,24
4,16,28079035,14,9
4,16,28079039,14,12
4,16,28079049,14,7
4,16,28079054,14,20
4,16,28079056,14,12
4,16,28079058,14,29
4,16,28079059,14,14
4,16,28079060,14,10
4,16,28079008,20,8.7
4,16,28079011,20,13.7
4,16,28079018,20,4.7
4,16,28079024,20,5.8
4,16,28079038,20,10.1
4,16,28079055,20,3.6
4,16,28079008,30,2.9
4,16,28079011,30,4.4
4,16,28079018,30,0.7
4,16,28079024,30,1.3
4,16,28079038,30,1.7
4,16,28079055,30,0.8
4,16,28079008,35,2.8
4,16,28079011,35,4
4,16,28079018,35,0.9
4,16,28079024,35,0.9
4,16,28079038,35,1.8
4,16,28079055,35,0.5
4,16,28079024,42,1.61
4,16,28079027,42,1.35
4,16,28079055,42,1.54
4,16,28079024,44,0.39
4,16,28079027,44,0.21
4,16,28079055,44,0.19
4,17,28079004,01,10
4,17,28079017,01,7
4,17,28079018,01,11
4,17,28079024,01,6
4,17,28079035,01,14
4,17,28079036,01,6
4,17,28079038,01,11
4,17,28079040,01,6
4,17,28079057,01,10
4,17,28079004,06,0.7
4,17,28079008,06,0.6
4,17,28079016,06,0.7
4,17,28079018,06,0.6
4,17,28079024,06,0.5
4,17,28079035,06,0.6
4,17,28079036,06,0.5
4,17,28079039,06,0.7
4,17,28079056,06,0.5
4,17,28079057,06,0.7
4,17,28079004,07,110
4,17,28079008,07,97
4,17,28079011,07,115
4,17,28079016,07,132
4,17,28079017,07,87
4,17,28079018,07,86
4,17,28079024,07,76
4,17,28079027,07,57
4,17,28079035,07,90
4,17,28079036,07,82
4,17,28079038,07,83
4,17,28079039,07,104
4,17,28079040,07,67
4,17,28079047,07,67
4,17,28079048,07,118
4,17,28079049,07,65
4,17,28079050,07,138
4,17,28079054,07,38
4,17,28079055,07,71
4,17,28079056,07,119
4,17,28079057,07,87
4,17,28079058,07,37
4,17,28079059,07,79
4,17,28079060,07,63
4,17,28079004,08,99
4,17,28079008,08,83
4,17,28079011,08,112
4,17,28079016,08,110
4,17,28079017,08,90
4,17,28079018,08,100
4,17,28079024,08,87
4,17,28079027,08,80
4,17,28079035,08,93
4,17,28079036,08,74
4,17,28079038,08,100
4,17,28079039,08,109
4,17,28079040,08,88
4,17,28079047,08,79
4,17,28079048,08,100
4,17,28079049,08,83
4,17,28079050,08,116
4,17,28079054,08,63
4,17,28079055,08,83
4,17,28079056,08,111
4,17,28079057,08,93
4,17,28079058,08,84
4,17,28079059,08,63
4,17,28079060,08,93
4,17,28079008,09,17
4,17,28079024,09,18
4,17,28079038,09,14
4,17,28079047,09,14
4,17,28079048,09,26
4,17,28079050,09,22
4,17,28079008,10,14
4,17,28079018,10,29
4,17,28079024,10,28
4,17,28079036,10,20
4,17,28079038,10,23
4,17,28079040,10,23
4,17,28079047,10,26
4,17,28079048,10,40
4,17,28079050,10,38
4,17,28079055,10,29
4,17,28079057,10,37
4,17,28079060,10,19
4,17,28079008,14,8
4,17,28079016,14,5
4,17,28079017,14,7
4,17,28079018,14,4
4,17,28079024,14,10
4,17,28079027,14,14
4,17,28079035,14,5
4,17,28079039,14,7
4,17,28079049,14,4
4,17,28079054,14,16
4,17,28079056,14,7
4,17,28079058,14,16
4,17,28079059,14,7
4,17,28079060,14,11
4,17,28079008,20,7.6
4,17,28079011,20,11.6
4,17,28079018,20,4.1
4,17,28079024,20,6.6
4,17,28079038,20,7.5
4,17,28079055,20,5.5
4,17,28079008,30,2.4
4,17,28079011,30,4.2
4,17,28079018,30,0.6
4,17,28079024,30,1.1
4,17,28079038,30,1.4
4,17,28079055,30,1
4,17,28079008,35,2.2
4,17,28079011,35,3.1
4,17,28079018,35,0.5
4,17,28079024,35,0.9
4,17,28079038,35,1.4
4,17,28079055,35,0.6
4,17,28079024,42,1.56
4,17,28079027,42,1.37
4,17,28079055,42,1.63
4,17,28079024,44,0.37
4,17,28079027,44,0.22
4,17,28079055,44,0.24
4,18,28079004,01,11
4,18,28079017,01,9
4,18,28079018,01,12
4,18,28079024,01,4
4,18,28079035,01,17
4,18,28079036,01,7
4,18,28079038,01,11
4,18,28079040,01,8
4,18,28079057,01,11
4,18,28079004,06,0.8
4,18,28079008,06,0.7
4,18,28079016,06,0.8
4,18,28079018,06,0.8
4,18,28079024,06,0.4
4,18,28079035,06,0.8
4,18,28079036,06,0.6
4,18,28079039,06,0.7
4,18,28079056,06,0.8
4,18,28079057,06,0.7
4,18,28079004,07,167
4,18,28079008,07,159
4,18,28079011,07,122
4,18,28079016,07,159
4,18,28079017,07,190
4,18,28079018,07,120
4,18,28079024,07,37
4,18,28079027,07,86
4,18,28079035,07,129
4,18,28079036,07,107
4,18,28079038,07,112
4,18,28079039,07,113
4,18,28079040,07,110
4,18,28079047,07,93
4,18,28079048,07,136
4,18,28079049,07,84
4,18,28079050,07,151
4,18,28079054,07,77
4,18,28079055,07,102
4,18,28079056,07,273
4,18,28079057,07,142
4,18,28079058,07,85
4,18,28079059,07,102
4,18,28079060,07,69
4,18,28079004,08,114
4,18,28079008,08,99
4,18,28079011,08,109
4,18,28079016,08,118
4,18,28079017,08,117
4,18,28079018,08,113
4,18,28079024,08,78
4,18,28079027,08,91
4,18,28079035,08,107
4,18,28079036,08,74
4,18,28079038,08,113
4,18,28079039,08,108
4,18,28079040,08,106
4,18,28079047,08,86
4,18,28079048,08,106
4,18,28079049,08,72
4,18,28079050,08,122
4,18,28079054,08,82
4,18,28079055,08,89
4,18,28079056,08,145
4,18,28079057,08,110
4,18,28079058,08,99
4,18,28079059,08,66
4,18,28079060,08,97
4,18,28079008,09,23
4,18,28079024,09,14
4,18,28079038,09,18
4,18,28079047,09,18
4,18,28079048,09,24
4,18,28079050,09,23
4,18,28079008,10,21
4,18,28079018,10,34
4,18,28079024,10,23
4,18,28079036,10,35
4,18,28079038,10,30
4,18,28079040,10,34
4,18,28079047,10,31
4,18,28079048,10,44
4,18,28079050,10,42
4,18,28079055,10,34
4,18,28079057,10,55
4,18,28079060,10,35
4,18,28079008,14,4
4,18,28079016,14,3
4,18,28079017,14,4
4,18,28079018,14,1
4,18,28079024,14,6
4,18,28079027,14,7
4,18,28079035,14,1
4,18,28079039,14,2
4,18,28079049,14,2
4,18,28079054,14,6
4,18,28079056,14,3
4,18,28079058,14,6
4,18,28079059,14,3
4,18,28079060,14,4
4,18,28079008,20,9.2
4,18,28079011,20,21.6
4,18,28079018,20,6.6
4,18,28079024,20,5.7
4,18,28079038,20,7
4,18,28079055,20,7.1
4,18,28079008,30,2.9
4,18,28079011,30,5.2
4,18,28079018,30,0.7
4,18,28079024,30,1.2
4,18,28079038,30,1.3
4,18,28079055,30,1.4
4,18,28079008,35,3
4,18,28079011,35,4.8
4,18,28079018,35,0.8
4,18,28079024,35,0.9
4,18,28079038,35,1.3
4,18,28079055,35,1
4,18,28079024,42,1.46
4,18,28079027,42,1.59
4,18,28079055,42,1.83
4,18,28079024,44,0.32
4,18,28079027,44,0.28
4,18,28079055,44,0.27
4,19,28079004,01,18
4,19,28079008,01,17
4,19,28079017,01,12
4,19,28079018,01,11
4,19,28079024,01,3
4,19,28079035,01,20
4,19,28079036,01,12
4,19,28079038,01,12
4,19,28079040,01,8
4,19,28079057,01,17
4,19,28079004,06,1.3
4,19,28079008,06,0.8
4,19,28079016,06,1.1
4,19,28079018,06,0.8
4,19,28079024,06,0.4
4,19,28079035,06,0.9
4,19,28079036,06,0.8
4,19,28079039,06,0.8
4,19,28079056,06,1.7
4,19,28079057,06,1.3
4,19,28079004,07,257
4,19,28079008,07,179
4,19,28079011,07,201
4,19,28079016,07,213
4,19,28079017,07,357
4,19,28079018,07,104
4,19,28079024,07,26
4,19,28079027,07,132
4,19,28079035,07,171
4,19,28079036,07,166
4,19,28079038,07,94
4,19,28079039,07,145
4,19,28079040,07,126
4,19,28079047,07,124
4,19,28079048,07,203
4,19,28079049,07,105
4,19,28079050,07,155
4,19,28079054,07,112
4,19,28079055,07,185
4,19,28079056,07,415
4,19,28079057,07,365
4,19,28079058,07,75
4,19,28079059,07,185
4,19,28079060,07,159
4,19,28079004,08,147
4,19,28079008,08,102
4,19,28079011,08,129
4,19,28079016,08,130
4,19,28079017,08,153
4,19,28079018,08,109
4,19,28079024,08,77
4,19,28079027,08,108
4,19,28079035,08,110
4,19,28079036,08,84
4,19,28079038,08,109
4,19,28079039,08,105
4,19,28079040,08,108
4,19,28079047,08,90
4,19,28079048,08,118
4,19,28079049,08,70
4,19,28079050,08,125
4,19,28079054,08,88
4,19,28079055,08,109
4,19,28079056,08,197
4,19,28079057,08,187
4,19,28079058,08,72
4,19,28079059,08,92
4,19,28079060,08,120
4,19,28079008,09,26
4,19,28079024,09,12
4,19,28079038,09,16
4,19,28079047,09,18
4,19,28079048,09,34
4,19,28079050,09,25
4,19,28079008,10,23
4,19,28079018,10,29
4,19,28079024,10,22
4,19,28079036,10,45
4,19,28079038,10,27
4,19,28079040,10,37
4,19,28079047,10,29
4,19,28079048,10,59
4,19,28079050,10,46
4,19,28079055,10,41
4,19,28079057,10,68
4,19,28079060,10,38
4,19,28079008,14,3
4,19,28079016,14,3
4,19,28079017,14,3
4,19,28079018,14,1
4,19,28079024,14,9
4,19,28079027,14,6
4,19,28079035,14,1
4,19,28079039,14,2
4,19,28079049,14,1
4,19,28079054,14,3
4,19,28079056,14,3
4,19,28079058,14,3
4,19,28079059,14,2
4,19,28079060,14,2
4,19,28079008,20,11
4,19,28079011,20,12.5
4,19,28079018,20,9
4,19,28079024,20,4.4
4,19,28079038,20,9.2
4,19,28079055,20,8.5
4,19,28079008,30,3.4
4,19,28079011,30,4.1
4,19,28079018,30,1
4,19,28079024,30,1.2
4,19,28079038,30,1.5
4,19,28079055,30,1.8
4,19,28079008,35,3.8
4,19,28079011,35,4.6
4,19,28079018,35,0.8
4,19,28079024,35,0.7
4,19,28079038,35,1.7
4,19,28079055,35,1.2
4,19,28079024,42,1.45
4,19,28079027,42,1.68
4,19,28079055,42,1.91
4,19,28079024,44,0.31
4,19,28079027,44,0.36
4,19,28079055,44,0.35
4,2,28079004,01,6
4,2,28079008,01,12
4,2,28079017,01,8
4,2,28079018,01,9
4,2,28079024,01,2
4,2,28079035,01,16
4,2,28079036,01,3
4,2,28079038,01,6
4,2,28079040,01,6
4,2,28079057,01,4
4,2,28079004,06,0.7
4,2,28079008,06,0.4
4,2,28079016,06,0.4
4,2,28079018,06,0.7
4,2,28079024,06,0.4
4,2,28079035,06,0.8
4,2,28079036,06,0.4
4,2,28079039,06,0.3
4,2,28079056,06,0.6
4,2,28079057,06,0.3
4,2,28079004,07,138
4,2,28079008,07,32
4,2,28079011,07,12
4,2,28079016,07,12
4,2,28079017,07,257
4,2,28079018,07,91
4,2,28079024,07,24
4,2,28079027,07,5
4,2,28079035,07,113
4,2,28079036,07,21
4,2,28079038,07,63
4,2,28079039,07,3
4,2,28079040,07,19
4,2,28079047,07,99
4,2,28079048,07,2
4,2,28079049,07,18
4,2,28079050,07,4
4,2,28079054,07,27
4,2,28079055,07,25
4,2,28079056,07,117
4,2,28079057,07,1
4,2,28079058,07,4
4,2,28079059,07,1
4,2,28079060,07,4
4,2,28079004,08,59
4,2,28079008,08,56
4,2,28079011,08,49
4,2,28079016,08,50
4,2,28079017,08,105
4,2,28079018,08,67
4,2,28079024,08,46
4,2,28079027,08,34
4,2,28079035,08,71
4,2,28079036,08,47
4,2,28079038,08,73
4,2,28079039,08,56
4,2,28079040,08,64
4,2,28079047,08,58
4,2,28079048,08,42
4,2,28079049,08,48
4,2,28079050,08,40
4,2,28079054,08,52
4,2,28079055,08,47
4,2,28079056,08,80
4,2,28079057,08,25
4,2,28079058,08,15
4,2,28079059,08,8
4,2,28079060,08,50
4,2,28079008,09,10
4,2,28079024,09,9
4,2,28079038,09,6
4,2,28079047,09,12
4,2,28079048,09,5
4,2,28079050,09,5
4,2,28079008,10,6
4,2,28079018,10,28
4,2,28079024,10,10
4,2,28079036,10,13
4,2,28079038,10,15
4,2,28079040,10,13
4,2,28079047,10,16
4,2,28079048,10,7
4,2,28079050,10,8
4,2,28079055,10,9
4,2,28079057,10,4
4,2,28079060,10,4
4,2,28079008,14,6
4,2,28079016,14,8
4,2,28079017,14,3
4,2,28079018,14,2
4,2,28079024,14,3
4,2,28079027,14,13
4,2,28079035,14,1
4,2,28079039,14,8
4,2,28079049,14,2
4,2,28079054,14,3
4,2,28079056,14,3
4,2,28079058,14,8
4,2,28079059,14,26
4,2,28079060,14,10
4,2,28079008,20,6.3
4,2,28079011,20,5.2
4,2,28079018,20,3.3
4,2,28079024,20,2.2
4,2,28079038,20,10.1
4,2,28079055,20,1.5
4,2,28079008,30,2
4,2,28079011,30,2.5
4,2,28079018,30,0.8
4,2,28079024,30,0.9
4,2,28079038,30,2.1
4,2,28079055,30,0.9
4,2,28079008,35,1.2
4,2,28079011,35,0.5
4,2,28079018,35,0.7
4,2,28079024,35,0.5
4,2,28079038,35,2
4,2,28079055,35,0.3
4,2,28079024,42,1.46
4,2,28079027,42,1.29
4,2,28079055,42,1.52
4,2,28079024,44,0.29
4,2,28079027,44,0.15
4,2,28079055,44,0.15
4,20,28079004,01,14
4,20,28079008,01,18
4,20,28079017,01,13
4,20,28079018,01,16
4,20,28079024,01,3
4,20,28079035,01,26
4,20,28079036,01,12
4,20,28079038,01,12
4,20,28079040,01,9
4,20,28079057,01,18
4,20,28079004,06,1
4,20,28079008,06,0.9
4,20,28079016,06,1
4,20,28079018,06,2
4,20,28079024,06,0.4
4,20,28079035,06,1
4,20,28079036,06,1.1
4,20,28079039,06,1
4,20,28079056,06,1.8
4,20,28079057,06,1.3
4,20,28079004,07,198
4,20,28079008,07,207
4,20,28079011,07,280
4,20,28079016,07,203
4,20,28079017,07,438
4,20,28079018,07,276
4,20,28079024,07,48
4,20,28079027,07,302
4,20,28079035,07,187
4,20,28079036,07,174
4,20,28079038,07,105
4,20,28079039,07,194
4,20,28079040,07,144
4,20,28079047,07,158
4,20,28079048,07,182
4,20,28079049,07,127
4,20,28079050,07,148
4,20,28079054,07,214
4,20,28079055,07,331
4,20,28079056,07,511
4,20,28079057,07,352
4,20,28079058,07,54
4,20,28079059,07,225
4,20,28079060,07,153
4,20,28079004,08,134
4,20,28079008,08,109
4,20,28079011,08,153
4,20,28079016,08,124
4,20,28079017,08,168
4,20,28079018,08,158
4,20,28079024,08,82
4,20,28079027,08,155
4,20,28079035,08,115
4,20,28079036,08,90
4,20,28079038,08,111
4,20,28079039,08,129
4,20,28079040,08,110
4,20,28079047,08,98
4,20,28079048,08,114
4,20,28079049,08,75
4,20,28079050,08,126
4,20,28079054,08,100
4,20,28079055,08,154
4,20,28079056,08,229
4,20,28079057,08,185
4,20,28079058,08,68
4,20,28079059,08,93
4,20,28079060,08,110
4,20,28079008,09,25
4,20,28079024,09,15
4,20,28079038,09,17
4,20,28079047,09,19
4,20,28079048,09,23
4,20,28079050,09,24
4,20,28079008,10,21
4,20,28079018,10,50
4,20,28079024,10,22
4,20,28079036,10,44
4,20,28079038,10,24
4,20,28079040,10,38
4,20,28079047,10,32
4,20,28079048,10,41
4,20,28079050,10,40
4,20,28079055,10,54
4,20,28079057,10,58
4,20,28079060,10,41
4,20,28079008,14,3
4,20,28079016,14,3
4,20,28079017,14,3
4,20,28079018,14,1
4,20,28079024,14,3
4,20,28079027,14,8
4,20,28079035,14,1
4,20,28079039,14,2
4,20,28079049,14,1
4,20,28079054,14,3
4,20,28079056,14,3
4,20,28079058,14,2
4,20,28079059,14,3
4,20,28079060,14,2
4,20,28079008,20,10.4
4,20,28079011,20,17.6
4,20,28079018,20,18.2
4,20,28079024,20,3.9
4,20,28079038,20,7.7
4,20,28079055,20,9.6
4,20,28079008,30,3.4
4,20,28079011,30,5.1
4,20,28079018,30,1.9
4,20,28079024,30,1.3
4,20,28079038,30,1.6
4,20,28079055,30,2.3
4,20,28079008,35,3.7
4,20,28079011,35,5.2
4,20,28079018,35,0.9
4,20,28079024,35,0.7
4,20,28079038,35,1.4
4,20,28079055,35,1.5
4,20,28079024,42,1.46
4,20,28079027,42,1.8
4,20,28079055,42,2.05
4,20,28079024,44,0.32
4,20,28079027,44,0.42
4,20,28079055,44,0.42
4,21,28079004,01,12
4,21,28079008,01,22
4,21,28079017,01,14
4,21,28079018,01,17
4,21,28079024,01,5
4,21,28079035,01,18
4,21,28079036,01,11
4,21,28079038,01,14
4,21,28079040,01,10
4,21,28079057,01,21
4,21,28079004,06,1.3
4,21,28079008,06,1.1
4,21,28079016,06,1.8
4,21,28079018,06,1.8
4,21,28079024,06,0.5
4,21,28079035,06,0.7
4,21,28079036,06,1.3
4,21,28079039,06,1.4
4,21,28079056,06,2
4,21,28079057,06,1.6
4,21,28079004,07,279
4,21,28079008,07,262
4,21,28079011,07,179
4,21,28079016,07,404
4,21,28079017,07,466
4,21,28079018,07,284
4,21,28079024,07,75
4,21,28079027,07,368
4,21,28079035,07,112
4,21,28079036,07,234
4,21,28079038,07,206
4,21,28079039,07,239
4,21,28079040,07,164
4,21,28079047,07,248
4,21,28079048,07,87
4,21,28079049,07,132
4,21,28079050,07,158
4,21,28079054,07,451
4,21,28079055,07,401
4,21,28079056,07,507
4,21,28079057,07,465
4,21,28079058,07,40
4,21,28079059,07,228
4,21,28079060,07,156
4,21,28079004,08,146
4,21,28079008,08,120
4,21,28079011,08,123
4,21,28079016,08,170
4,21,28079017,08,182
4,21,28079018,08,147
4,21,28079024,08,86
4,21,28079027,08,170
4,21,28079035,08,94
4,21,28079036,08,103
4,21,28079038,08,138
4,21,28079039,08,140
4,21,28079040,08,116
4,21,28079047,08,121
4,21,28079048,08,87
4,21,28079049,08,73
4,21,28079050,08,120
4,21,28079054,08,130
4,21,28079055,08,171
4,21,28079056,08,228
4,21,28079057,08,221
4,21,28079058,08,60
4,21,28079059,08,92
4,21,28079060,08,109
4,21,28079008,09,30
4,21,28079024,09,17
4,21,28079038,09,25
4,21,28079047,09,28
4,21,28079048,09,19
4,21,28079050,09,26
4,21,28079008,10,25
4,21,28079018,10,59
4,21,28079024,10,23
4,21,28079036,10,45
4,21,28079038,10,37
4,21,28079040,10,35
4,21,28079047,10,45
4,21,28079048,10,32
4,21,28079050,10,44
4,21,28079055,10,65
4,21,28079057,10,87
4,21,28079060,10,35
4,21,28079008,14,3
4,21,28079016,14,3
4,21,28079017,14,3
4,21,28079018,14,1
4,21,28079024,14,3
4,21,28079027,14,8
4,21,28079035,14,2
4,21,28079039,14,2
4,21,28079049,14,1
4,21,28079054,14,3
4,21,28079056,14,3
4,21,28079058,14,2
4,21,28079059,14,3
4,21,28079060,14,2
4,21,28079008,20,11.6
4,21,28079011,20,16.7
4,21,28079018,20,20.1
4,21,28079024,20,5.4
4,21,28079038,20,10.7
4,21,28079055,20,10.9
4,21,28079008,30,3.9
4,21,28079011,30,5
4,21,28079018,30,2.9
4,21,28079024,30,1.2
4,21,28079038,30,2.6
4,21,28079055,30,2.6
4,21,28079008,35,4.2
4,21,28079011,35,4.7
4,21,28079018,35,0.7
4,21,28079024,35,0.8
4,21,28079038,35,1.9
4,21,28079055,35,1.7
4,21,28079024,42,1.51
4,21,28079027,42,1.87
4,21,28079055,42,2.4
4,21,28079024,44,0.34
4,21,28079027,44,0.45
4,21,28079055,44,0.44
4,22,28079004,01,16
4,22,28079008,01,19
4,22,28079017,01,14
4,22,28079018,01,14
4,22,28079024,01,4
4,22,28079035,01,17
4,22,28079036,01,12
4,22,28079038,01,14
4,22,28079040,01,14
4,22,28079057,01,18
4,22,28079004,06,1.7
4,22,28079008,06,1
4,22,28079016,06,2.1
4,22,28079018,06,1.5
4,22,28079024,06,0.5
4,22,28079035,06,0.8
4,22,28079036,06,1.5
4,22,28079039,06,1.3
4,22,28079056,06,1.6
4,22,28079057,06,1.5
4,22,28079004,07,413
4,22,28079008,07,207
4,22,28079011,07,164
4,22,28079016,07,494
4,22,28079017,07,505
4,22,28079018,07,249
4,22,28079024,07,68
4,22,28079027,07,290
4,22,28079035,07,86
4,22,28079036,07,292
4,22,28079038,07,272
4,22,28079039,07,229
4,22,28079040,07,228
4,22,28079047,07,317
4,22,28079048,07,106
4,22,28079049,07,156
4,22,28079050,07,140
4,22,28079054,07,549
4,22,28079055,07,302
4,22,28079056,07,354
4,22,28079057,07,366
4,22,28079058,07,34
4,22,28079059,07,224
4,22,28079060,07,177
4,22,28079004,08,175
4,22,28079008,08,105
4,22,28079011,08,119
4,22,28079016,08,187
4,22,28079017,08,181
4,22,28079018,08,138
4,22,28079024,08,77
4,22,28079027,08,149
4,22,28079035,08,85
4,22,28079036,08,120
4,22,28079038,08,156
4,22,28079039,08,130
4,22,28079040,08,130
4,22,28079047,08,134
4,22,28079048,08,90
4,22,28079049,08,82
4,22,28079050,08,110
4,22,28079054,08,137
4,22,28079055,08,146
4,22,28079056,08,162
4,22,28079057,08,181
4,22,28079058,08,47
4,22,28079059,08,89
4,22,28079060,08,112
4,22,28079008,09,33
4,22,28079024,09,15
4,22,28079038,09,31
4,22,28079047,09,35
4,22,28079048,09,14
4,22,28079050,09,26
4,22,28079008,10,24
4,22,28079018,10,51
4,22,28079024,10,21
4,22,28079036,10,52
4,22,28079038,10,50
4,22,28079040,10,42
4,22,28079047,10,50
4,22,28079048,10,23
4,22,28079050,10,44
4,22,28079055,10,54
4,22,28079057,10,75
4,22,28079060,10,34
4,22,28079008,14,3
4,22,28079016,14,3
4,22,28079017,14,3
4,22,28079018,14,1
4,22,28079024,14,2
4,22,28079027,14,8
4,22,28079035,14,2
4,22,28079039,14,1
4,22,28079049,14,1
4,22,28079054,14,3
4,22,28079056,14,3
4,22,28079058,14,2
4,22,28079059,14,2
4,22,28079060,14,1
4,22,28079008,20,16.1
4,22,28079011,20,12.9
4,22,28079018,20,16.9
4,22,28079024,20,5.9
4,22,28079038,20,20.9
4,22,28079055,20,10.3
4,22,28079008,30,5
4,22,28079011,30,4.4
4,22,28079018,30,2.5
4,22,28079024,30,1.6
4,22,28079038,30,4
4,22,28079055,30,2.7
4,22,28079008,35,5.7
4,22,28079011,35,3.6
4,22,28079018,35,1
4,22,28079024,35,0.8
4,22,28079038,35,3.4
4,22,28079055,35,1.8
4,22,28079024,42,1.49
4,22,28079027,42,1.92
4,22,28079055,42,2.74
4,22,28079024,44,0.33
4,22,28079027,44,0.38
4,22,28079055,44,0.57
4,23,28079004,01,14
4,23,28079008,01,24
4,23,28079017,01,14
4,23,28079018,01,11
4,23,28079024,01,4
4,23,28079035,01,13
4,23,28079036,01,12
4,23,28079038,01,12
4,23,28079040,01,15
4,23,28079057,01,18
4,23,28079004,06,1.5
4,23,28079008,06,1.3
4,23,28079016,06,1.7
4,23,28079018,06,1.1
4,23,28079024,06,0.5
4,23,28079035,06,0.7
4,23,28079036,06,1.4
4,23,28079039,06,1.9
4,23,28079056,06,1.3
4,23,28079057,06,1.8
4,23,28079004,07,383
4,23,28079008,07,277
4,23,28079011,07,250
4,23,28079016,07,403
4,23,28079017,07,502
4,23,28079018,07,163
4,23,28079024,07,70
4,23,28079027,07,175
4,23,28079035,07,77
4,23,28079036,07,286
4,23,28079038,07,186
4,23,28079039,07,389
4,23,28079040,07,197
4,23,28079047,07,311
4,23,28079048,07,78
4,23,28079049,07,161
4,23,28079050,07,97
4,23,28079054,07,476
4,23,28079055,07,265
4,23,28079056,07,275
4,23,28079057,07,362
4,23,28079058,07,29
4,23,28079059,07,225
4,23,28079060,07,116
4,23,28079004,08,157
4,23,28079008,08,122
4,23,28079011,08,143
4,23,28079016,08,176
4,23,28079017,08,180
4,23,28079018,08,100
4,23,28079024,08,72
4,23,28079027,08,108
4,23,28079035,08,82
4,23,28079036,08,120
4,23,28079038,08,127
4,23,28079039,08,161
4,23,28079040,08,124
4,23,28079047,08,128
4,23,28079048,08,83
4,23,28079049,08,81
4,23,28079050,08,93
4,23,28079054,08,126
4,23,28079055,08,130
4,23,28079056,08,138
4,23,28079057,08,174
4,23,28079058,08,44
4,23,28079059,08,88
4,23,28079060,08,93
4,23,28079008,09,35
4,23,28079024,09,13
4,23,28079038,09,24
4,23,28079047,09,35
4,23,28079048,09,15
4,23,28079050,09,22
4,23,28079008,10,26
4,23,28079018,10,40
4,23,28079024,10,18
4,23,28079036,10,49
4,23,28079038,10,39
4,23,28079040,10,41
4,23,28079047,10,47
4,23,28079048,10,24
4,23,28079050,10,35
4,23,28079055,10,47
4,23,28079057,10,54
4,23,28079060,10,21
4,23,28079008,14,3
4,23,28079016,14,3
4,23,28079017,14,3
4,23,28079018,14,1
4,23,28079024,14,3
4,23,28079027,14,6
4,23,28079035,14,1
4,23,28079039,14,2
4,23,28079049,14,1
4,23,28079054,14,3
4,23,28079056,14,3
4,23,28079058,14,2
4,23,28079059,14,2
4,23,28079060,14,1
4,23,28079008,20,12.8
4,23,28079011,20,13.9
4,23,28079018,20,12.3
4,23,28079024,20,4.4
4,23,28079038,20,19.7
4,23,28079055,20,9.5
4,23,28079008,30,4.6
4,23,28079011,30,4.7
4,23,28079018,30,2
4,23,28079024,30,1.2
4,23,28079038,30,3.9
4,23,28079055,30,3
4,23,28079008,35,4.8
4,23,28079011,35,3.8
4,23,28079018,35,0.9
4,23,28079024,35,0.8
4,23,28079038,35,3.4
4,23,28079055,35,2
4,23,28079024,42,1.49
4,23,28079027,42,1.88
4,23,28079055,42,2.43
4,23,28079024,44,0.32
4,23,28079027,44,0.3
4,23,28079055,44,0.56
4,24,28079004,01,10
4,24,28079008,01,20
4,24,28079017,01,15
4,24,28079018,01,11
4,24,28079024,01,3
4,24,28079035,01,22
4,24,28079036,01,11
4,24,28079038,01,10
4,24,28079040,01,13
4,24,28079057,01,19
4,24,28079004,06,1
4,24,28079008,06,1.2
4,24,28079016,06,1.4
4,24,28079018,06,1.1
4,24,28079024,06,0.4
4,24,28079035,06,1.3
4,24,28079036,06,1.3
4,24,28079039,06,1.9
4,24,28079056,06,0.9
4,24,28079057,06,1.7
4,24,28079004,07,246
4,24,28079008,07,230
4,24,28079011,07,211
4,24,28079016,07,363
4,24,28079017,07,543
4,24,28079018,07,145
4,24,28079024,07,57
4,24,28079027,07,197
4,24,28079035,07,237
4,24,28079036,07,288
4,24,28079038,07,157
4,24,28079039,07,392
4,24,28079040,07,168
4,24,28079047,07,264
4,24,28079048,07,65
4,24,28079049,07,149
4,24,28079050,07,81
4,24,28079054,07,439
4,24,28079055,07,197
4,24,28079056,07,212
4,24,28079057,07,374
4,24,28079058,07,23
4,24,28079059,07,191
4,24,28079060,07,165
4,24,28079004,08,110
4,24,28079008,08,107
4,24,28079011,08,122
4,24,28079016,08,160
4,24,28079017,08,191
4,24,28079018,08,87
4,24,28079024,08,61
4,24,28079027,08,106
4,24,28079035,08,109
4,24,28079036,08,107
4,24,28079038,08,111
4,24,28079039,08,155
4,24,28079040,08,111
4,24,28079047,08,106
4,24,28079048,08,79
4,24,28079049,08,75
4,24,28079050,08,86
4,24,28079054,08,137
4,24,28079055,08,100
4,24,28079056,08,115
4,24,28079057,08,174
4,24,28079058,08,40
4,24,28079059,08,71
4,24,28079060,08,106
4,24,28079008,09,31
4,24,28079024,09,11
4,24,28079038,09,21
4,24,28079047,09,29
4,24,28079048,09,14
4,24,28079050,09,19
4,24,28079008,10,22
4,24,28079018,10,27
4,24,28079024,10,14
4,24,28079036,10,41
4,24,28079038,10,33
4,24,28079040,10,35
4,24,28079047,10,39
4,24,28079048,10,21
4,24,28079050,10,33
4,24,28079055,10,37
4,24,28079057,10,65
4,24,28079060,10,29
4,24,28079008,14,3
4,24,28079016,14,3
4,24,28079017,14,3
4,24,28079018,14,1
4,24,28079024,14,3
4,24,28079027,14,6
4,24,28079035,14,2
4,24,28079039,14,1
4,24,28079049,14,1
4,24,28079054,14,3
4,24,28079056,14,3
4,24,28079058,14,2
4,24,28079059,14,2
4,24,28079060,14,1
4,24,28079008,20,13.4
4,24,28079011,20,14.3
4,24,28079018,20,6.9
4,24,28079024,20,4
4,24,28079038,20,14.2
4,24,28079055,20,9.2
4,24,28079008,30,4.5
4,24,28079011,30,4.8
4,24,28079018,30,1.4
4,24,28079024,30,1.2
4,24,28079038,30,3.2
4,24,28079055,30,3
4,24,28079008,35,4.9
4,24,28079011,35,4.1
4,24,28079018,35,0.6
4,24,28079024,35,0.7
4,24,28079038,35,2.7
4,24,28079055,35,1.8
4,24,28079024,42,1.47
4,24,28079027,42,1.9
4,24,28079055,42,2.25
4,24,28079024,44,0.31
4,24,28079027,44,0.32
4,24,28079055,44,0.4
4,3,28079004,01,5
4,3,28079008,01,10
4,3,28079017,01,8
4,3,28079018,01,8
4,3,28079024,01,3
4,3,28079035,01,12
4,3,28079036,01,2
4,3,28079038,01,4
4,3,28079040,01,6
4,3,28079057,01,5
4,3,28079004,06,0.5
4,3,28079008,06,0.3
4,3,28079016,06,0.2
4,3,28079018,06,0.6
4,3,28079024,06,0.5
4,3,28079035,06,0.7
4,3,28079036,06,0.3
4,3,28079039,06,0.2
4,3,28079056,06,0.4
4,3,28079057,06,0.3
4,3,28079004,07,93
4,3,28079008,07,13
4,3,28079011,07,1
4,3,28079016,07,1
4,3,28079017,07,236
4,3,28079018,07,48
4,3,28079024,07,52
4,3,28079027,07,21
4,3,28079035,07,104
4,3,28079036,07,11
4,3,28079038,07,15
4,3,28079039,07,4
4,3,28079040,07,19
4,3,28079047,07,91
4,3,28079048,07,1
4,3,28079049,07,20
4,3,28079050,07,1
4,3,28079054,07,61
4,3,28079055,07,18
4,3,28079056,07,67
4,3,28079057,07,1
4,3,28079058,07,3
4,3,28079059,07,1
4,3,28079060,07,1
4,3,28079004,08,47
4,3,28079008,08,40
4,3,28079011,08,22
4,3,28079016,08,23
4,3,28079017,08,92
4,3,28079018,08,50
4,3,28079024,08,52
4,3,28079027,08,42
4,3,28079035,08,60
4,3,28079036,08,40
4,3,28079038,08,57
4,3,28079039,08,41
4,3,28079040,08,60
4,3,28079047,08,50
4,3,28079048,08,30
4,3,28079049,08,43
4,3,28079050,08,28
4,3,28079054,08,50
4,3,28079055,08,45
4,3,28079056,08,59
4,3,28079057,08,20
4,3,28079058,08,15
4,3,28079059,08,7
4,3,28079060,08,30
4,3,28079008,09,4
4,3,28079024,09,11
4,3,28079038,09,3
4,3,28079047,09,11
4,3,28079048,09,2
4,3,28079050,09,5
4,3,28079008,10,3
4,3,28079018,10,12
4,3,28079024,10,13
4,3,28079036,10,4
4,3,28079038,10,6
4,3,28079040,10,12
4,3,28079047,10,15
4,3,28079048,10,4
4,3,28079050,10,7
4,3,28079055,10,9
4,3,28079057,10,4
4,3,28079060,10,3
4,3,28079008,14,13
4,3,28079016,14,24
4,3,28079017,14,3
4,3,28079018,14,1
4,3,28079024,14,2
4,3,28079027,14,7
4,3,28079035,14,1
4,3,28079039,14,15
4,3,28079049,14,2
4,3,28079054,14,3
4,3,28079056,14,3
4,3,28079058,14,8
4,3,28079059,14,26
4,3,28079060,14,18
4,3,28079008,20,4.2
4,3,28079011,20,3.4
4,3,28079018,20,2.8
4,3,28079024,20,2.2
4,3,28079038,20,3.9
4,3,28079055,20,1.4
4,3,28079008,30,1
4,3,28079011,30,1.5
4,3,28079018,30,0.6
4,3,28079024,30,1
4,3,28079038,30,0.6
4,3,28079055,30,0.7
4,3,28079008,35,1
4,3,28079011,35,0.5
4,3,28079018,35,1
4,3,28079024,35,0.5
4,3,28079038,35,0.7
4,3,28079055,35,0.2
4,3,28079024,42,1.49
4,3,28079027,42,1.32
4,3,28079055,42,1.51
4,3,28079024,44,0.32
4,3,28079027,44,0.14
4,3,28079055,44,0.16
4,4,28079004,01,4
4,4,28079008,01,9
4,4,28079017,01,7
4,4,28079018,01,8
4,4,28079024,01,3
4,4,28079035,01,10
4,4,28079036,01,2
4,4,28079038,01,4
4,4,28079040,01,3
4,4,28079057,01,4
4,4,28079004,06,0.4
4,4,28079008,06,0.3
4,4,28079016,06,0.2
4,4,28079018,06,0.5
4,4,28079024,06,0.5
4,4,28079035,06,0.6
4,4,28079036,06,0.3
4,4,28079039,06,0.2
4,4,28079056,06,0.4
4,4,28079057,06,0.3
4,4,28079004,07,61
4,4,28079008,07,15
4,4,28079011,07,1
4,4,28079016,07,1
4,4,28079017,07,203
4,4,28079018,07,41
4,4,28079024,07,58
4,4,28079027,07,3
4,4,28079035,07,86
4,4,28079036,07,16
4,4,28079038,07,13
4,4,28079039,07,2
4,4,28079040,07,6
4,4,28079047,07,63
4,4,28079048,07,1
4,4,28079049,07,11
4,4,28079050,07,1
4,4,28079054,07,28
4,4,28079055,07,6
4,4,28079056,07,56
4,4,28079057,07,1
4,4,28079058,07,3
4,4,28079059,07,1
4,4,28079060,07,1
4,4,28079004,08,40
4,4,28079008,08,41
4,4,28079011,08,22
4,4,28079016,08,21
4,4,28079017,08,83
4,4,28079018,08,43
4,4,28079024,08,44
4,4,28079027,08,31
4,4,28079035,08,51
4,4,28079036,08,41
4,4,28079038,08,43
4,4,28079039,08,44
4,4,28079040,08,52
4,4,28079047,08,41
4,4,28079048,08,22
4,4,28079049,08,40
4,4,28079050,08,22
4,4,28079054,08,43
4,4,28079055,08,37
4,4,28079056,08,53
4,4,28079057,08,21
4,4,28079058,08,13
4,4,28079059,08,7
4,4,28079060,08,27
4,4,28079008,09,6
4,4,28079024,09,12
4,4,28079038,09,3
4,4,28079047,09,10
4,4,28079048,09,2
4,4,28079050,09,4
4,4,28079008,10,5
4,4,28079018,10,10
4,4,28079024,10,14
4,4,28079036,10,7
4,4,28079038,10,6
4,4,28079040,10,9
4,4,28079047,10,12
4,4,28079048,10,5
4,4,28079050,10,5
4,4,28079055,10,7
4,4,28079057,10,4
4,4,28079060,10,3
4,4,28079008,14,11
4,4,28079016,14,25
4,4,28079017,14,3
4,4,28079018,14,1
4,4,28079024,14,2
4,4,28079027,14,13
4,4,28079035,14,1
4,4,28079039,14,13
4,4,28079049,14,5
4,4,28079054,14,5
4,4,28079056,14,3
4,4,28079058,14,8
4,4,28079059,14,24
4,4,28079060,14,25
4,4,28079008,20,3.5
4,4,28079011,20,2.7
4,4,28079018,20,1.9
4,4,28079024,20,2.7
4,4,28079038,20,3.1
4,4,28079055,20,1.2
4,4,28079008,30,0.9
4,4,28079011,30,1.2
4,4,28079018,30,0.5
4,4,28079024,30,1.3
4,4,28079038,30,0.5
4,4,28079055,30,0.5
4,4,28079008,35,1.5
4,4,28079011,35,0.7
4,4,28079018,35,0.7
4,4,28079024,35,0.5
4,4,28079038,35,0.6
4,4,28079055,35,0.3
4,4,28079024,42,1.51
4,4,28079027,42,1.4
4,4,28079055,42,1.62
4,4,28079024,44,0.33
4,4,28079027,44,0.16
4,4,28079055,44,0.18
4,5,28079004,01,4
4,5,28079008,01,9
4,5,28079017,01,6
4,5,28079018,01,8
4,5,28079024,01,2
4,5,28079035,01,8
4,5,28079036,01,2
4,5,28079038,01,3
4,5,28079040,01,4
4,5,28079057,01,4
4,5,28079004,06,0.4
4,5,28079008,06,0.3
4,5,28079016,06,0.3
4,5,28079018,06,0.4
4,5,28079024,06,0.4
4,5,28079035,06,0.5
4,5,28079036,06,0.2
4,5,28079039,06,0.2
4,5,28079056,06,0.4
4,5,28079057,06,0.3
4,5,28079004,07,56
4,5,28079008,07,14
4,5,28079011,07,1
4,5,28079016,07,5
4,5,28079017,07,172
4,5,28079018,07,43
4,5,28079024,07,45
4,5,28079027,07,8
4,5,28079035,07,65
4,5,28079036,07,7
4,5,28079038,07,4
4,5,28079039,07,1
4,5,28079040,07,1
4,5,28079047,07,33
4,5,28079048,07,1
4,5,28079049,07,3
4,5,28079050,07,1
4,5,28079054,07,38
4,5,28079055,07,17
4,5,28079056,07,98
4,5,28079057,07,1
4,5,28079058,07,3
4,5,28079059,07,2
4,5,28079060,07,1
4,5,28079004,08,34
4,5,28079008,08,42
4,5,28079011,08,18
4,5,28079016,08,42
4,5,28079017,08,71
4,5,28079018,08,42
4,5,28079024,08,39
4,5,28079027,08,35
4,5,28079035,08,56
4,5,28079036,08,31
4,5,28079038,08,26
4,5,28079039,08,30
4,5,28079040,08,34
4,5,28079047,08,39
4,5,28079048,08,23
4,5,28079049,08,40
4,5,28079050,08,23
4,5,28079054,08,45
4,5,28079055,08,49
4,5,28079056,08,61
4,5,28079057,08,13
4,5,28079058,08,11
4,5,28079059,08,12
4,5,28079060,08,23
4,5,28079008,09,6
4,5,28079024,09,11
4,5,28079038,09,1
4,5,28079047,09,7
4,5,28079048,09,1
4,5,28079050,09,6
4,5,28079008,10,4
4,5,28079018,10,9
4,5,28079024,10,12
4,5,28079036,10,5
4,5,28079038,10,4
4,5,28079040,10,6
4,5,28079047,10,9
4,5,28079048,10,4
4,5,28079050,10,5
4,5,28079055,10,6
4,5,28079057,10,4
4,5,28079060,10,2
4,5,28079008,14,9
4,5,28079016,14,9
4,5,28079017,14,3
4,5,28079018,14,1
4,5,28079024,14,2
4,5,28079027,14,12
4,5,28079035,14,2
4,5,28079039,14,24
4,5,28079049,14,6
4,5,28079054,14,3
4,5,28079056,14,2
4,5,28079058,14,7
4,5,28079059,14,19
4,5,28079060,14,26
4,5,28079008,20,3.3
4,5,28079011,20,2.4
4,5,28079018,20,1.5
4,5,28079024,20,2.7
4,5,28079055,20,0.9
4,5,28079008,30,0.7
4,5,28079011,30,1
4,5,28079018,30,0.4
4,5,28079024,30,1.2
4,5,28079055,30,0.4
4,5,28079008,35,1.2
4,5,28079011,35,1
4,5,28079018,35,1
4,5,28079024,35,0.5
4,5,28079055,35,0.2
4,5,28079024,42,1.51
4,5,28079027,42,1.36
4,5,28079055,42,1.67
4,5,28079024,44,0.32
4,5,28079027,44,0.16
4,5,28079055,44,0.19
4,6,28079004,01,4
4,6,28079008,01,10
4,6,28079017,01,6
4,6,28079018,01,8
4,6,28079024,01,2
4,6,28079035,01,7
4,6,28079036,01,2
4,6,28079038,01,4
4,6,28079040,01,4
4,6,28079057,01,3
4,6,28079004,06,0.4
4,6,28079008,06,0.3
4,6,28079016,06,0.2
4,6,28079018,06,0.4
4,6,28079024,06,0.3
4,6,28079035,06,0.4
4,6,28079036,06,0.2
4,6,28079039,06,0.2
4,6,28079056,06,0.4
4,6,28079057,06,0.2
4,6,28079004,07,66
4,6,28079008,07,10
4,6,28079011,07,1
4,6,28079016,07,5
4,6,28079017,07,171
4,6,28079018,07,40
4,6,28079024,07,19
4,6,28079027,07,6
4,6,28079035,07,43
4,6,28079036,07,12
4,6,28079038,07,10
4,6,28079039,07,1
4,6,28079040,07,3
4,6,28079047,07,28
4,6,28079048,07,3
4,6,28079049,07,2
4,6,28079050,07,2
4,6,28079054,07,63
4,6,28079055,07,20
4,6,28079056,07,72
4,6,28079057,07,1
4,6,28079058,07,3
4,6,28079059,07,2
4,6,28079060,07,1
4,6,28079004,08,33
4,6,28079008,08,35
4,6,28079011,08,41
4,6,28079016,08,38
4,6,28079017,08,67
4,6,28079018,08,42
4,6,28079024,08,36
4,6,28079027,08,37
4,6,28079035,08,52
4,6,28079036,08,31
4,6,28079038,08,44
4,6,28079039,08,33
4,6,28079040,08,31
4,6,28079047,08,40
4,6,28079048,08,39
4,6,28079049,08,36
4,6,28079050,08,34
4,6,28079054,08,47
4,6,28079055,08,44
4,6,28079056,08,54
4,6,28079057,08,14
4,6,28079058,08,11
4,6,28079059,08,17
4,6,28079060,08,19
4,6,28079008,09,5
4,6,28079024,09,8
4,6,28079038,09,4
4,6,28079047,09,5
4,6,28079048,09,9
4,6,28079050,09,5
4,6,28079008,10,3
4,6,28079018,10,8
4,6,28079024,10,8
4,6,28079036,10,3
4,6,28079038,10,6
4,6,28079040,10,6
4,6,28079047,10,8
4,6,28079048,10,17
4,6,28079050,10,7
4,6,28079055,10,12
4,6,28079057,10,4
4,6,28079060,10,4
4,6,28079008,14,12
4,6,28079016,14,9
4,6,28079017,14,3
4,6,28079018,14,1
4,6,28079024,14,3
4,6,28079027,14,11
4,6,28079035,14,2
4,6,28079039,14,20
4,6,28079049,14,9
4,6,28079054,14,3
4,6,28079056,14,2
4,6,28079058,14,6
4,6,28079059,14,15
4,6,28079060,14,26
4,6,28079008,20,4.4
4,6,28079011,20,2.9
4,6,28079018,20,1.8
4,6,28079024,20,2.5
4,6,28079055,20,2.4
4,6,28079008,30,0.8
4,6,28079011,30,1.2
4,6,28079018,30,0.4
4,6,28079024,30,1.1
4,6,28079055,30,0.5
4,6,28079008,35,1.6
4,6,28079011,35,0.9
4,6,28079018,35,1
4,6,28079024,35,0.5
4,6,28079055,35,0.2
4,6,28079024,42,1.48
4,6,28079027,42,1.29
4,6,28079055,42,1.56
4,6,28079024,44,0.31
4,6,28079027,44,0.15
4,6,28079055,44,0.18
4,7,28079004,01,4
4,7,28079008,01,9
4,7,28079017,01,7
4,7,28079018,01,8
4,7,28079024,01,2
4,7,28079035,01,6
4,7,28079036,01,4
4,7,28079038,01,4
4,7,28079040,01,4
4,7,28079057,01,3
4,7,28079004,06,0.4
4,7,28079008,06,0.3
4,7,28079016,06,0.3
4,7,28079018,06,0.5
4,7,28079024,06,0.3
4,7,28079035,06,0.3
4,7,28079036,06,0.3
4,7,28079039,06,0.2
4,7,28079056,06,0.6
4,7,28079057,06,0.3
4,7,28079004,07,91
4,7,28079008,07,16
4,7,28079011,07,19
4,7,28079016,07,7
4,7,28079017,07,205
4,7,28079018,07,57
4,7,28079024,07,12
4,7,28079027,07,27
4,7,28079035,07,24
4,7,28079036,07,13
4,7,28079038,07,21
4,7,28079039,07,6
4,7,28079040,07,8
4,7,28079047,07,38
4,7,28079048,07,4
4,7,28079049,07,2
4,7,28079050,07,19
4,7,28079054,07,54
4,7,28079055,07,12
4,7,28079056,07,115
4,7,28079057,07,2
4,7,28079058,07,12
4,7,28079059,07,3
4,7,28079060,07,2
4,7,28079004,08,40
4,7,28079008,08,41
4,7,28079011,08,53
4,7,28079016,08,42
4,7,28079017,08,68
4,7,28079018,08,44
4,7,28079024,08,34
4,7,28079027,08,46
4,7,28079035,08,49
4,7,28079036,08,32
4,7,28079038,08,51
4,7,28079039,08,52
4,7,28079040,08,45
4,7,28079047,08,39
4,7,28079048,08,39
4,7,28079049,08,32
4,7,28079050,08,54
4,7,28079054,08,46
4,7,28079055,08,44
4,7,28079056,08,63
4,7,28079057,08,23
4,7,28079058,08,17
4,7,28079059,08,20
4,7,28079060,08,37
4,7,28079008,09,5
4,7,28079024,09,7
4,7,28079038,09,6
4,7,28079047,09,7
4,7,28079048,09,2
4,7,28079050,09,5
4,7,28079008,10,3
4,7,28079018,10,9
4,7,28079024,10,8
4,7,28079036,10,5
4,7,28079038,10,8
4,7,28079040,10,7
4,7,28079047,10,9
4,7,28079048,10,4
4,7,28079050,10,11
4,7,28079055,10,6
4,7,28079057,10,4
4,7,28079060,10,4
4,7,28079008,14,10
4,7,28079016,14,7
4,7,28079017,14,3
4,7,28079018,14,1
4,7,28079024,14,2
4,7,28079027,14,8
4,7,28079035,14,6
4,7,28079039,14,6
4,7,28079049,14,12
4,7,28079054,14,3
4,7,28079056,14,2
4,7,28079058,14,5
4,7,28079059,14,12
4,7,28079060,14,13
4,7,28079008,20,5.2
4,7,28079011,20,4.8
4,7,28079018,20,1.6
4,7,28079024,20,1.9
4,7,28079055,20,2.8
4,7,28079008,30,0.6
4,7,28079011,30,1.9
4,7,28079018,30,0.4
4,7,28079024,30,0.8
4,7,28079055,30,0.4
4,7,28079008,35,0.7
4,7,28079011,35,0.2
4,7,28079018,35,1
4,7,28079024,35,0.5
4,7,28079055,35,0.2
4,7,28079024,42,1.49
4,7,28079027,42,1.27
4,7,28079055,42,1.5
4,7,28079024,44,0.31
4,7,28079027,44,0.15
4,7,28079055,44,0.15
4,8,28079004,01,7
4,8,28079008,01,11
4,8,28079017,01,9
4,8,28079018,01,9
4,8,28079024,01,1
4,8,28079035,01,9
4,8,28079036,01,3
4,8,28079038,01,6
4,8,28079040,01,5
4,8,28079057,01,4
4,8,28079004,06,0.6
4,8,28079008,06,0.4
4,8,28079016,06,0.4
4,8,28079018,06,0.7
4,8,28079024,06,0.3
4,8,28079035,06,0.5
4,8,28079036,06,0.6
4,8,28079039,06,0.3
4,8,28079056,06,0.8
4,8,28079057,06,0.4
4,8,28079004,07,190
4,8,28079008,07,50
4,8,28079011,07,21
4,8,28079016,07,53
4,8,28079017,07,293
4,8,28079018,07,78
4,8,28079024,07,7
4,8,28079027,07,64
4,8,28079035,07,90
4,8,28079036,07,54
4,8,28079038,07,58
4,8,28079039,07,31
4,8,28079040,07,57
4,8,28079047,07,77
4,8,28079048,07,28
4,8,28079049,07,4
4,8,28079050,07,49
4,8,28079054,07,89
4,8,28079055,07,57
4,8,28079056,07,177
4,8,28079057,07,12
4,8,28079058,07,44
4,8,28079059,07,20
4,8,28079060,07,46
4,8,28079004,08,66
4,8,28079008,08,61
4,8,28079011,08,60
4,8,28079016,08,65
4,8,28079017,08,94
4,8,28079018,08,48
4,8,28079024,08,37
4,8,28079027,08,63
4,8,28079035,08,68
4,8,28079036,08,48
4,8,28079038,08,71
4,8,28079039,08,69
4,8,28079040,08,71
4,8,28079047,08,49
4,8,28079048,08,56
4,8,28079049,08,40
4,8,28079050,08,67
4,8,28079054,08,53
4,8,28079055,08,61
4,8,28079056,08,79
4,8,28079057,08,43
4,8,28079058,08,27
4,8,28079059,08,32
4,8,28079060,08,64
4,8,28079008,09,8
4,8,28079024,09,6
4,8,28079038,09,8
4,8,28079047,09,8
4,8,28079048,09,2
4,8,28079050,09,8
4,8,28079008,10,5
4,8,28079018,10,15
4,8,28079024,10,6
4,8,28079036,10,16
4,8,28079038,10,15
4,8,28079040,10,13
4,8,28079047,10,13
4,8,28079048,10,4
4,8,28079050,10,14
4,8,28079055,10,10
4,8,28079057,10,4
4,8,28079060,10,8
4,8,28079008,14,5
4,8,28079016,14,2
4,8,28079017,14,3
4,8,28079018,14,1
4,8,28079024,14,2
4,8,28079027,14,3
4,8,28079035,14,1
4,8,28079039,14,2
4,8,28079049,14,6
4,8,28079054,14,3
4,8,28079056,14,2
4,8,28079058,14,2
4,8,28079059,14,6
4,8,28079060,14,2
4,8,28079008,20,5.5
4,8,28079011,20,5
4,8,28079018,20,2.1
4,8,28079024,20,1.7
4,8,28079055,20,1.3
4,8,28079008,30,1.1
4,8,28079011,30,1.9
4,8,28079018,30,0.6
4,8,28079024,30,0.7
4,8,28079055,30,0.5
4,8,28079008,35,0.9
4,8,28079011,35,0.4
4,8,28079018,35,1
4,8,28079024,35,0.4
4,8,28079055,35,0.2
4,8,28079024,42,1.47
4,8,28079027,42,1.3
4,8,28079055,42,1.53
4,8,28079024,44,0.3
4,8,28079027,44,0.15
4,8,28079055,44,0.17
4,9,28079004,01,8
4,9,28079008,01,16
4,9,28079017,01,12
4,9,28079018,01,10
4,9,28079024,01,2
4,9,28079035,01,25
4,9,28079036,01,6
4,9,28079038,01,7
4,9,28079040,01,5
4,9,28079057,01,5
4,9,28079004,06,0.8
4,9,28079008,06,0.7
4,9,28079016,06,0.4
4,9,28079018,06,0.8
4,9,28079024,06,0.3
4,9,28079035,06,1
4,9,28079036,06,1.4
4,9,28079039,06,1.1
4,9,28079056,06,0.8
4,9,28079057,06,0.5
4,9,28079004,07,213
4,9,28079008,07,90
4,9,28079011,07,78
4,9,28079016,07,54
4,9,28079017,07,443
4,9,28079018,07,122
4,9,28079024,07,16
4,9,28079027,07,115
4,9,28079035,07,193
4,9,28079036,07,134
4,9,28079038,07,117
4,9,28079039,07,294
4,9,28079040,07,77
4,9,28079047,07,152
4,9,28079048,07,53
4,9,28079049,07,38
4,9,28079050,07,69
4,9,28079054,07,194
4,9,28079055,07,96
4,9,28079056,07,219
4,9,28079057,07,44
4,9,28079058,07,33
4,9,28079059,07,25
4,9,28079060,07,93
4,9,28079004,08,74
4,9,28079008,08,74
4,9,28079011,08,83
4,9,28079016,08,71
4,9,28079017,08,118
4,9,28079018,08,60
4,9,28079024,08,34
4,9,28079027,08,85
4,9,28079035,08,79
4,9,28079036,08,75
4,9,28079038,08,83
4,9,28079039,08,126
4,9,28079040,08,78
4,9,28079047,08,59
4,9,28079048,08,67
4,9,28079049,08,54
4,9,28079050,08,76
4,9,28079054,08,70
4,9,28079055,08,75
4,9,28079056,08,91
4,9,28079057,08,70
4,9,28079058,08,27
4,9,28079059,08,37
4,9,28079060,08,82
4,9,28079008,09,11
4,9,28079024,09,6
4,9,28079038,09,14
4,9,28079047,09,15
4,9,28079048,09,5
4,9,28079050,09,11
4,9,28079008,10,8
4,9,28079018,10,21
4,9,28079024,10,7
4,9,28079036,10,29
4,9,28079038,10,21
4,9,28079040,10,15
4,9,28079047,10,21
4,9,28079048,10,13
4,9,28079050,10,19
4,9,28079055,10,19
4,9,28079057,10,9
4,9,28079060,10,19
4,9,28079008,14,4
4,9,28079016,14,3
4,9,28079017,14,5
4,9,28079018,14,1
4,9,28079024,14,3
4,9,28079027,14,4
4,9,28079035,14,1
4,9,28079039,14,1
4,9,28079049,14,2
4,9,28079054,14,3
4,9,28079056,14,2
4,9,28079058,14,2
4,9,28079059,14,3
4,9,28079060,14,1
4,9,28079008,20,5.7
4,9,28079011,20,5.4
4,9,28079018,20,4.4
4,9,28079024,20,1.5
4,9,28079055,20,2.6
4,9,28079008,30,2.1
4,9,28079011,30,2.5
4,9,28079018,30,1
4,9,28079024,30,0.7
4,9,28079055,30,1.3
4,9,28079008,35,1.2
4,9,28079011,35,0.5
4,9,28079018,35,1
4,9,28079024,35,0.4
4,9,28079055,35,0.4
4,9,28079024,42,1.47
4,9,28079027,42,1.41
4,9,28079055,42,1.66
4,9,28079024,44,0.3
4,9,28079027,44,0.19
4,9,28079055,44,0.23
5,1,28079004,01,8
5,1,28079008,01,22
5,1,28079017,01,15
5,1,28079018,01,10
5,1,28079024,01,3
5,1,28079035,01,23
5,1,28079036,01,12
5,1,28079038,01,10
5,1,28079040,01,13
5,1,28079057,01,14
5,1,28079004,06,0.8
5,1,28079008,06,1.4
5,1,28079016,06,1.1
5,1,28079018,06,0.8
5,1,28079024,06,0.5
5,1,28079035,06,1.2
5,1,28079036,06,1.6
5,1,28079039,06,1.5
5,1,28079056,06,0.7
5,1,28079057,06,1.1
5,1,28079004,07,177
5,1,28079008,07,270
5,1,28079011,07,311
5,1,28079016,07,256
5,1,28079017,07,559
5,1,28079018,07,114
5,1,28079024,07,73
5,1,28079027,07,114
5,1,28079035,07,215
5,1,28079036,07,349
5,1,28079038,07,222
5,1,28079039,07,331
5,1,28079040,07,237
5,1,28079047,07,173
5,1,28079048,07,27
5,1,28079049,07,284
5,1,28079050,07,112
5,1,28079054,07,290
5,1,28079055,07,103
5,1,28079056,07,158
5,1,28079057,07,226
5,1,28079058,07,18
5,1,28079059,07,165
5,1,28079060,07,196
5,1,28079004,08,86
5,1,28079008,08,115
5,1,28079011,08,150
5,1,28079016,08,130
5,1,28079017,08,188
5,1,28079018,08,77
5,1,28079024,08,56
5,1,28079027,08,75
5,1,28079035,08,96
5,1,28079036,08,127
5,1,28079038,08,119
5,1,28079039,08,133
5,1,28079040,08,126
5,1,28079047,08,78
5,1,28079048,08,66
5,1,28079049,08,83
5,1,28079050,08,94
5,1,28079054,08,104
5,1,28079055,08,74
5,1,28079056,08,88
5,1,28079057,08,128
5,1,28079058,08,36
5,1,28079059,08,64
5,1,28079060,08,120
5,1,28079008,09,39
5,1,28079024,09,12
5,1,28079038,09,26
5,1,28079047,09,19
5,1,28079048,09,11
5,1,28079050,09,21
5,1,28079008,10,24
5,1,28079018,10,21
5,1,28079024,10,14
5,1,28079036,10,46
5,1,28079038,10,40
5,1,28079040,10,42
5,1,28079047,10,25
5,1,28079048,10,16
5,1,28079050,10,33
5,1,28079055,10,23
5,1,28079057,10,40
5,1,28079060,10,28
5,1,28079008,14,3
5,1,28079016,14,3
5,1,28079017,14,3
5,1,28079018,14,1
5,1,28079024,14,2
5,1,28079027,14,5
5,1,28079035,14,1
5,1,28079039,14,3
5,1,28079049,14,1
5,1,28079054,14,3
5,1,28079056,14,3
5,1,28079058,14,2
5,1,28079059,14,2
5,1,28079060,14,1
5,1,28079008,20,16
5,1,28079011,20,17.9
5,1,28079018,20,5.4
5,1,28079024,20,3.4
5,1,28079038,20,17.1
5,1,28079055,20,6
5,1,28079008,30,5.1
5,1,28079011,30,5.5
5,1,28079018,30,1.2
5,1,28079024,30,1.1
5,1,28079038,30,3.3
5,1,28079055,30,2
5,1,28079008,35,6.1
5,1,28079011,35,4.9
5,1,28079018,35,0.5
5,1,28079024,35,0.7
5,1,28079038,35,2.7
5,1,28079055,35,1.4
5,1,28079024,42,1.5
5,1,28079027,42,1.8
5,1,28079055,42,2.03
5,1,28079024,44,0.33
5,1,28079027,44,0.26
5,1,28079055,44,0.28
5,10,28079004,01,9
5,10,28079008,01,15
5,10,28079017,01,12
5,10,28079018,01,10
5,10,28079024,01,2
5,10,28079035,01,16
5,10,28079036,01,5
5,10,28079038,01,17
5,10,28079040,01,9
5,10,28079057,01,4
5,10,28079004,06,1.1
5,10,28079008,06,0.8
5,10,28079016,06,0.5
5,10,28079018,06,0.8
5,10,28079024,06,0.4
5,10,28079035,06,0.8
5,10,28079036,06,0.8
5,10,28079039,06,1.2
5,10,28079056,06,1
5,10,28079057,06,0.5
5,10,28079004,07,228
5,10,28079008,07,196
5,10,28079011,07,55
5,10,28079016,07,76
5,10,28079017,07,417
5,10,28079018,07,117
5,10,28079024,07,36
5,10,28079027,07,106
5,10,28079035,07,131
5,10,28079036,07,163
5,10,28079038,07,370
5,10,28079039,07,250
5,10,28079040,07,170
5,10,28079047,07,121
5,10,28079048,07,53
5,10,28079049,07,143
5,10,28079050,07,54
5,10,28079054,07,83
5,10,28079055,07,180
5,10,28079056,07,222
5,10,28079057,07,29
5,10,28079058,07,36
5,10,28079059,07,53
5,10,28079060,07,64
5,10,28079004,08,74
5,10,28079008,08,72
5,10,28079011,08,57
5,10,28079016,08,62
5,10,28079017,08,112
5,10,28079018,08,58
5,10,28079024,08,28
5,10,28079027,08,68
5,10,28079035,08,64
5,10,28079036,08,76
5,10,28079038,08,126
5,10,28079039,08,87
5,10,28079040,08,86
5,10,28079047,08,51
5,10,28079048,08,57
5,10,28079049,08,45
5,10,28079050,08,55
5,10,28079054,08,40
5,10,28079055,08,85
5,10,28079056,08,91
5,10,28079057,08,44
5,10,28079058,08,26
5,10,28079059,08,31
5,10,28079060,08,55
5,10,28079008,09,22
5,10,28079024,09,14
5,10,28079038,09,39
5,10,28079047,09,17
5,10,28079048,09,11
5,10,28079050,09,11
5,10,28079008,10,16
5,10,28079018,10,25
5,10,28079024,10,16
5,10,28079036,10,30
5,10,28079038,10,49
5,10,28079040,10,29
5,10,28079047,10,22
5,10,28079048,10,23
5,10,28079050,10,17
5,10,28079055,10,33
5,10,28079057,10,15
5,10,28079060,10,14
5,10,28079008,14,4
5,10,28079016,14,3
5,10,28079017,14,3
5,10,28079018,14,2
5,10,28079024,14,5
5,10,28079027,14,6
5,10,28079035,14,1
5,10,28079039,14,2
5,10,28079049,14,1
5,10,28079054,14,5
5,10,28079056,14,3
5,10,28079058,14,3
5,10,28079059,14,6
5,10,28079060,14,3
5,10,28079008,20,8.4
5,10,28079011,20,6.3
5,10,28079018,20,4.3
5,10,28079024,20,2.8
5,10,28079038,20,14.7
5,10,28079055,20,4.6
5,10,28079008,30,3.2
5,10,28079011,30,2.8
5,10,28079018,30,0.9
5,10,28079024,30,1.1
5,10,28079038,30,4.1
5,10,28079055,30,3.3
5,10,28079008,35,2.4
5,10,28079011,35,0.7
5,10,28079018,35,0.9
5,10,28079024,35,0.6
5,10,28079038,35,2.6
5,10,28079055,35,0.8
5,10,28079024,42,1.73
5,10,28079027,42,1.78
5,10,28079055,42,2.33
5,10,28079024,44,0.36
5,10,28079027,44,0.25
5,10,28079055,44,0.42
5,11,28079004,01,8
5,11,28079008,01,18
5,11,28079017,01,9
5,11,28079018,01,10
5,11,28079024,01,3
5,11,28079035,01,16
5,11,28079036,01,8
5,11,28079038,01,15
5,11,28079040,01,6
5,11,28079057,01,5
5,11,28079004,06,0.8
5,11,28079008,06,0.8
5,11,28079016,06,0.5
5,11,28079018,06,0.8
5,11,28079024,06,0.4
5,11,28079035,06,0.7
5,11,28079036,06,0.8
5,11,28079039,06,1.1
5,11,28079056,06,0.9
5,11,28079057,06,0.4
5,11,28079004,07,180
5,11,28079008,07,177
5,11,28079011,07,58
5,11,28079016,07,92
5,11,28079017,07,280
5,11,28079018,07,99
5,11,28079024,07,58
5,11,28079027,07,59
5,11,28079035,07,122
5,11,28079036,07,138
5,11,28079038,07,174
5,11,28079039,07,232
5,11,28079040,07,78
5,11,28079047,07,132
5,11,28079048,07,65
5,11,28079049,07,186
5,11,28079050,07,43
5,11,28079054,07,66
5,11,28079055,07,83
5,11,28079056,07,210
5,11,28079057,07,44
5,11,28079058,07,47
5,11,28079059,07,37
5,11,28079060,07,57
5,11,28079004,08,73
5,11,28079008,08,77
5,11,28079011,08,60
5,11,28079016,08,70
5,11,28079017,08,112
5,11,28079018,08,60
5,11,28079024,08,24
5,11,28079027,08,51
5,11,28079035,08,65
5,11,28079036,08,78
5,11,28079038,08,90
5,11,28079039,08,94
5,11,28079040,08,63
5,11,28079047,08,56
5,11,28079048,08,61
5,11,28079049,08,58
5,11,28079050,08,50
5,11,28079054,08,35
5,11,28079055,08,69
5,11,28079056,08,93
5,11,28079057,08,46
5,11,28079058,08,32
5,11,28079059,08,22
5,11,28079060,08,54
5,11,28079008,09,26
5,11,28079024,09,21
5,11,28079038,09,28
5,11,28079047,09,19
5,11,28079048,09,9
5,11,28079050,09,9
5,11,28079008,10,19
5,11,28079018,10,30
5,11,28079024,10,19
5,11,28079036,10,26
5,11,28079038,10,38
5,11,28079040,10,22
5,11,28079047,10,26
5,11,28079048,10,21
5,11,28079050,10,16
5,11,28079055,10,25
5,11,28079057,10,9
5,11,28079060,10,14
5,11,28079008,14,5
5,11,28079016,14,5
5,11,28079017,14,4
5,11,28079018,14,4
5,11,28079024,14,6
5,11,28079027,14,11
5,11,28079035,14,2
5,11,28079039,14,2
5,11,28079049,14,1
5,11,28079054,14,10
5,11,28079056,14,4
5,11,28079058,14,5
5,11,28079059,14,12
5,11,28079060,14,8
5,11,28079008,20,9.1
5,11,28079011,20,6.2
5,11,28079018,20,4.3
5,11,28079024,20,2.7
5,11,28079038,20,16.5
5,11,28079055,20,4.7
5,11,28079008,30,3.6
5,11,28079011,30,2.9
5,11,28079018,30,1.1
5,11,28079024,30,1
5,11,28079038,30,3.4
5,11,28079055,30,2.6
5,11,28079008,35,2.5
5,11,28079011,35,0.8
5,11,28079018,35,0.5
5,11,28079024,35,0.6
5,11,28079038,35,2.7
5,11,28079055,35,1
5,11,28079024,42,1.73
5,11,28079027,42,1.6
5,11,28079055,42,2.01
5,11,28079024,44,0.37
5,11,28079027,44,0.22
5,11,28079055,44,0.36
5,12,28079004,01,12
5,12,28079008,01,19
5,12,28079017,01,6
5,12,28079018,01,13
5,12,28079024,01,6
5,12,28079035,01,21
5,12,28079036,01,18
5,12,28079038,01,27
5,12,28079040,01,5
5,12,28079057,01,7
5,12,28079004,06,0.9
5,12,28079008,06,0.7
5,12,28079016,06,0.5
5,12,28079018,06,0.9
5,12,28079024,06,0.6
5,12,28079035,06,1
5,12,28079036,06,0.7
5,12,28079039,06,1
5,12,28079056,06,0.8
5,12,28079057,06,0.4
5,12,28079004,07,167
5,12,28079008,07,127
5,12,28079011,07,79
5,12,28079016,07,66
5,12,28079017,07,141
5,12,28079018,07,121
5,12,28079024,07,99
5,12,28079027,07,66
5,12,28079035,07,151
5,12,28079036,07,55
5,12,28079038,07,195
5,12,28079039,07,205
5,12,28079040,07,50
5,12,28079047,07,155
5,12,28079048,07,105
5,12,28079049,07,158
5,12,28079050,07,86
5,12,28079054,07,59
5,12,28079055,07,111
5,12,28079056,07,177
5,12,28079057,07,46
5,12,28079058,07,46
5,12,28079059,07,29
5,12,28079060,07,59
5,12,28079004,08,84
5,12,28079008,08,71
5,12,28079011,08,75
5,12,28079016,08,64
5,12,28079017,08,82
5,12,28079018,08,76
5,12,28079024,08,52
5,12,28079027,08,61
5,12,28079035,08,80
5,12,28079036,08,49
5,12,28079038,08,93
5,12,28079039,08,98
5,12,28079040,08,52
5,12,28079047,08,70
5,12,28079048,08,75
5,12,28079049,08,75
5,12,28079050,08,69
5,12,28079054,08,33
5,12,28079055,08,89
5,12,28079056,08,99
5,12,28079057,08,46
5,12,28079058,08,37
5,12,28079059,08,20
5,12,28079060,08,60
5,12,28079008,09,20
5,12,28079024,09,16
5,12,28079038,09,29
5,12,28079047,09,22
5,12,28079048,09,9
5,12,28079050,09,16
5,12,28079008,10,15
5,12,28079018,10,30
5,12,28079024,10,24
5,12,28079036,10,17
5,12,28079038,10,37
5,12,28079040,10,20
5,12,28079047,10,33
5,12,28079048,10,26
5,12,28079050,10,22
5,12,28079055,10,30
5,12,28079057,10,16
5,12,28079060,10,18
5,12,28079008,14,8
5,12,28079016,14,9
5,12,28079017,14,5
5,12,28079018,14,6
5,12,28079024,14,9
5,12,28079027,14,16
5,12,28079035,14,3
5,12,28079039,14,3
5,12,28079049,14,2
5,12,28079054,14,14
5,12,28079056,14,6
5,12,28079058,14,10
5,12,28079059,14,18
5,12,28079060,14,11
5,12,28079008,20,7.6
5,12,28079011,20,6.6
5,12,28079018,20,4.8
5,12,28079024,20,3.2
5,12,28079038,20,10.6
5,12,28079008,30,2.7
5,12,28079011,30,3
5,12,28079018,30,1.1
5,12,28079024,30,1.1
5,12,28079038,30,2.5
5,12,28079055,30,2.4
5,12,28079008,35,1.9
5,12,28079011,35,1
5,12,28079018,35,1
5,12,28079024,35,0.6
5,12,28079038,35,1.8
5,12,28079055,35,1
5,12,28079024,42,1.81
5,12,28079027,42,1.59
5,12,28079055,42,2.19
5,12,28079024,44,0.43
5,12,28079027,44,0.24
5,12,28079055,44,0.42
5,13,28079004,01,17
5,13,28079008,01,16
5,13,28079017,01,6
5,13,28079018,01,13
5,13,28079024,01,8
5,13,28079035,01,20
5,13,28079036,01,11
5,13,28079038,01,27
5,13,28079040,01,6
5,13,28079057,01,7
5,13,28079004,06,1
5,13,28079008,06,0.7
5,13,28079016,06,0.6
5,13,28079018,06,0.8
5,13,28079024,06,0.7
5,13,28079035,06,0.8
5,13,28079036,06,0.6
5,13,28079039,06,0.9
5,13,28079056,06,0.6
5,13,28079057,06,0.5
5,13,28079004,07,173
5,13,28079008,07,113
5,13,28079011,07,139
5,13,28079016,07,64
5,13,28079017,07,75
5,13,28079018,07,154
5,13,28079024,07,100
5,13,28079027,07,57
5,13,28079035,07,118
5,13,28079036,07,83
5,13,28079038,07,162
5,13,28079039,07,164
5,13,28079040,07,55
5,13,28079047,07,102
5,13,28079048,07,121
5,13,28079049,07,100
5,13,28079050,07,199
5,13,28079054,07,62
5,13,28079055,07,63
5,13,28079056,07,153
5,13,28079057,07,59
5,13,28079058,07,48
5,13,28079059,07,76
5,13,28079060,07,96
5,13,28079004,08,97
5,13,28079008,08,69
5,13,28079011,08,102
5,13,28079016,08,67
5,13,28079017,08,62
5,13,28079018,08,97
5,13,28079024,08,72
5,13,28079027,08,67
5,13,28079035,08,81
5,13,28079036,08,54
5,13,28079038,08,92
5,13,28079039,08,100
5,13,28079040,08,54
5,13,28079047,08,58
5,13,28079048,08,84
5,13,28079049,08,73
5,13,28079050,08,109
5,13,28079054,08,42
5,13,28079055,08,77
5,13,28079056,08,96
5,13,28079057,08,54
5,13,28079058,08,59
5,13,28079059,08,53
5,13,28079060,08,77
5,13,28079008,09,21
5,13,28079024,09,22
5,13,28079038,09,25
5,13,28079047,09,19
5,13,28079048,09,16
5,13,28079050,09,33
5,13,28079008,10,16
5,13,28079018,10,36
5,13,28079024,10,26
5,13,28079036,10,24
5,13,28079038,10,32
5,13,28079040,10,20
5,13,28079047,10,28
5,13,28079048,10,27
5,13,28079050,10,45
5,13,28079055,10,27
5,13,28079057,10,38
5,13,28079060,10,21
5,13,28079008,14,10
5,13,28079016,14,12
5,13,28079017,14,9
5,13,28079018,14,6
5,13,28079024,14,12
5,13,28079027,14,22
5,13,28079035,14,5
5,13,28079039,14,5
5,13,28079049,14,3
5,13,28079054,14,16
5,13,28079056,14,8
5,13,28079058,14,16
5,13,28079059,14,14
5,13,28079060,14,9
5,13,28079008,20,9.2
5,13,28079011,20,9
5,13,28079018,20,6.6
5,13,28079024,20,5.2
5,13,28079038,20,10.3
5,13,28079055,20,14
5,13,28079008,30,3.2
5,13,28079011,30,3.8
5,13,28079018,30,1.2
5,13,28079024,30,1.4
5,13,28079038,30,2.5
5,13,28079055,30,2
5,13,28079008,35,2.3
5,13,28079011,35,1.9
5,13,28079018,35,0.8
5,13,28079024,35,0.8
5,13,28079038,35,1.8
5,13,28079055,35,0.9
5,13,28079024,42,1.78
5,13,28079027,42,1.56
5,13,28079055,42,1.92
5,13,28079024,44,0.45
5,13,28079027,44,0.23
5,13,28079055,44,0.3
5,14,28079004,01,12
5,14,28079008,01,16
5,14,28079017,01,6
5,14,28079018,01,11
5,14,28079024,01,8
5,14,28079035,01,16
5,14,28079036,01,7
5,14,28079038,01,16
5,14,28079040,01,7
5,14,28079057,01,9
5,14,28079004,06,0.7
5,14,28079008,06,0.6
5,14,28079016,06,0.6
5,14,28079018,06,0.6
5,14,28079024,06,0.7
5,14,28079035,06,0.7
5,14,28079036,06,0.5
5,14,28079039,06,0.6
5,14,28079056,06,0.5
5,14,28079057,06,0.6
5,14,28079004,07,108
5,14,28079008,07,89
5,14,28079011,07,137
5,14,28079016,07,69
5,14,28079017,07,50
5,14,28079018,07,89
5,14,28079024,07,120
5,14,28079027,07,44
5,14,28079035,07,91
5,14,28079036,07,57
5,14,28079038,07,82
5,14,28079039,07,76
5,14,28079040,07,46
5,14,28079047,07,53
5,14,28079048,07,102
5,14,28079049,07,64
5,14,28079050,07,147
5,14,28079054,07,36
5,14,28079055,07,56
5,14,28079056,07,94
5,14,28079057,07,76
5,14,28079058,07,37
5,14,28079059,07,53
5,14,28079060,07,76
5,14,28079004,08,86
5,14,28079008,08,63
5,14,28079011,08,101
5,14,28079016,08,73
5,14,28079017,08,61
5,14,28079018,08,78
5,14,28079024,08,84
5,14,28079027,08,59
5,14,28079035,08,76
5,14,28079036,08,57
5,14,28079038,08,77
5,14,28079039,08,79
5,14,28079040,08,55
5,14,28079047,08,50
5,14,28079048,08,83
5,14,28079049,08,65
5,14,28079050,08,103
5,14,28079054,08,37
5,14,28079055,08,65
5,14,28079056,08,81
5,14,28079057,08,70
5,14,28079058,08,58
5,14,28079059,08,44
5,14,28079060,08,73
5,14,28079008,09,18
5,14,28079024,09,25
5,14,28079038,09,14
5,14,28079047,09,12
5,14,28079048,09,17
5,14,28079050,09,26
5,14,28079008,10,13
5,14,28079018,10,28
5,14,28079024,10,32
5,14,28079036,10,20
5,14,28079038,10,23
5,14,28079040,10,23
5,14,28079047,10,21
5,14,28079048,10,31
5,14,28079050,10,32
5,14,28079055,10,18
5,14,28079057,10,27
5,14,28079060,10,23
5,14,28079008,14,12
5,14,28079016,14,12
5,14,28079017,14,14
5,14,28079018,14,9
5,14,28079024,14,11
5,14,28079027,14,25
5,14,28079035,14,8
5,14,28079039,14,10
5,14,28079049,14,6
5,14,28079054,14,19
5,14,28079056,14,7
5,14,28079058,14,23
5,14,28079059,14,16
5,14,28079060,14,12
5,14,28079008,20,7.9
5,14,28079011,20,10.2
5,14,28079018,20,6.1
5,14,28079024,20,6.4
5,14,28079038,20,6.5
5,14,28079055,20,7.5
5,14,28079008,30,2.6
5,14,28079011,30,4.1
5,14,28079018,30,0.9
5,14,28079024,30,1.7
5,14,28079038,30,1.5
5,14,28079055,30,1.4
5,14,28079008,35,1.8
5,14,28079011,35,1.9
5,14,28079018,35,0.7
5,14,28079024,35,0.8
5,14,28079038,35,1.2
5,14,28079055,35,0.8
5,14,28079024,42,1.9
5,14,28079027,42,1.54
5,14,28079055,42,1.84
5,14,28079024,44,0.48
5,14,28079027,44,0.25
5,14,28079055,44,0.27
5,15,28079004,01,13
5,15,28079008,01,16
5,15,28079017,01,6
5,15,28079018,01,11
5,15,28079024,01,6
5,15,28079035,01,16
5,15,28079036,01,7
5,15,28079038,01,19
5,15,28079040,01,6
5,15,28079057,01,11
5,15,28079004,06,0.7
5,15,28079008,06,0.6
5,15,28079016,06,0.6
5,15,28079018,06,0.6
5,15,28079024,06,0.6
5,15,28079035,06,0.7
5,15,28079036,06,0.5
5,15,28079039,06,0.8
5,15,28079056,06,0.4
5,15,28079057,06,0.7
5,15,28079004,07,118
5,15,28079008,07,81
5,15,28079011,07,137
5,15,28079016,07,77
5,15,28079017,07,47
5,15,28079018,07,71
5,15,28079024,07,84
5,15,28079027,07,45
5,15,28079035,07,88
5,15,28079036,07,56
5,15,28079038,07,108
5,15,28079039,07,113
5,15,28079040,07,40
5,15,28079047,07,58
5,15,28079048,07,109
5,15,28079049,07,65
5,15,28079050,07,124
5,15,28079054,07,24
5,15,28079055,07,48
5,15,28079056,07,86
5,15,28079057,07,82
5,15,28079058,07,41
5,15,28079059,07,44
5,15,28079060,07,83
5,15,28079004,08,91
5,15,28079008,08,63
5,15,28079011,08,102
5,15,28079016,08,77
5,15,28079017,08,62
5,15,28079018,08,78
5,15,28079024,08,75
5,15,28079027,08,57
5,15,28079035,08,78
5,15,28079036,08,55
5,15,28079038,08,92
5,15,28079039,08,99
5,15,28079040,08,61
5,15,28079047,08,62
5,15,28079048,08,84
5,15,28079049,08,70
5,15,28079050,08,99
5,15,28079054,08,33
5,15,28079055,08,60
5,15,28079056,08,85
5,15,28079057,08,83
5,15,28079058,08,65
5,15,28079059,08,42
5,15,28079060,08,90
5,15,28079008,09,18
5,15,28079024,09,22
5,15,28079038,09,21
5,15,28079047,09,14
5,15,28079048,09,22
5,15,28079050,09,27
5,15,28079008,10,13
5,15,28079018,10,26
5,15,28079024,10,29
5,15,28079036,10,18
5,15,28079038,10,29
5,15,28079040,10,20
5,15,28079047,10,25
5,15,28079048,10,41
5,15,28079050,10,36
5,15,28079055,10,21
5,15,28079057,10,36
5,15,28079060,10,30
5,15,28079008,14,12
5,15,28079016,14,11
5,15,28079017,14,15
5,15,28079018,14,11
5,15,28079024,14,13
5,15,28079027,14,23
5,15,28079035,14,9
5,15,28079039,14,8
5,15,28079049,14,7
5,15,28079056,14,13
5,15,28079058,14,21
5,15,28079059,14,16
5,15,28079060,14,12
5,15,28079008,20,8.2
5,15,28079011,20,11.1
5,15,28079018,20,4.6
5,15,28079024,20,7.6
5,15,28079038,20,8
5,15,28079055,20,6.1
5,15,28079008,30,2.5
5,15,28079011,30,4.2
5,15,28079018,30,0.7
5,15,28079024,30,1.7
5,15,28079038,30,1.8
5,15,28079055,30,1.2
5,15,28079008,35,1.7
5,15,28079011,35,2.5
5,15,28079018,35,0.4
5,15,28079024,35,1.1
5,15,28079038,35,1.3
5,15,28079055,35,0.8
5,15,28079024,42,1.82
5,15,28079027,42,1.52
5,15,28079055,42,1.85
5,15,28079024,44,0.44
5,15,28079027,44,0.24
5,15,28079055,44,0.23
5,16,28079004,01,10
5,16,28079008,01,16
5,16,28079017,01,6
5,16,28079018,01,11
5,16,28079024,01,6
5,16,28079035,01,14
5,16,28079036,01,7
5,16,28079038,01,15
5,16,28079040,01,7
5,16,28079057,01,10
5,16,28079004,06,0.6
5,16,28079008,06,0.6
5,16,28079016,06,0.6
5,16,28079018,06,0.5
5,16,28079024,06,0.5
5,16,28079035,06,0.6
5,16,28079036,06,0.5
5,16,28079039,06,0.7
5,16,28079056,06,0.4
5,16,28079057,06,0.6
5,16,28079004,07,95
5,16,28079008,07,78
5,16,28079011,07,111
5,16,28079016,07,82
5,16,28079017,07,54
5,16,28079018,07,61
5,16,28079024,07,70
5,16,28079027,07,36
5,16,28079035,07,75
5,16,28079036,07,58
5,16,28079038,07,93
5,16,28079039,07,105
5,16,28079040,07,47
5,16,28079047,07,50
5,16,28079048,07,96
5,16,28079049,07,64
5,16,28079050,07,136
5,16,28079054,07,28
5,16,28079055,07,30
5,16,28079056,07,73
5,16,28079057,07,73
5,16,28079058,07,56
5,16,28079059,07,40
5,16,28079060,07,79
5,16,28079004,08,89
5,16,28079008,08,69
5,16,28079011,08,95
5,16,28079016,08,85
5,16,28079017,08,69
5,16,28079018,08,77
5,16,28079024,08,73
5,16,28079027,08,59
5,16,28079035,08,78
5,16,28079036,08,58
5,16,28079038,08,90
5,16,28079039,08,101
5,16,28079040,08,71
5,16,28079047,08,63
5,16,28079048,08,87
5,16,28079049,08,77
5,16,28079050,08,107
5,16,28079054,08,44
5,16,28079055,08,56
5,16,28079056,08,82
5,16,28079057,08,76
5,16,28079058,08,78
5,16,28079059,08,45
5,16,28079060,08,89
5,16,28079008,09,21
5,16,28079024,09,21
5,16,28079038,09,22
5,16,28079047,09,16
5,16,28079048,09,21
5,16,28079050,09,30
5,16,28079008,10,14
5,16,28079018,10,25
5,16,28079024,10,28
5,16,28079036,10,22
5,16,28079038,10,28
5,16,28079040,10,21
5,16,28079047,10,23
5,16,28079048,10,36
5,16,28079050,10,42
5,16,28079055,10,22
5,16,28079057,10,34
5,16,28079060,10,25
5,16,28079008,14,11
5,16,28079016,14,9
5,16,28079017,14,12
5,16,28079018,14,9
5,16,28079024,14,13
5,16,28079027,14,24
5,16,28079035,14,8
5,16,28079039,14,7
5,16,28079049,14,6
5,16,28079054,14,25
5,16,28079056,14,12
5,16,28079058,14,13
5,16,28079059,14,16
5,16,28079060,14,10
5,16,28079008,20,7.8
5,16,28079011,20,10.9
5,16,28079018,20,4
5,16,28079024,20,6.5
5,16,28079038,20,8.2
5,16,28079055,20,5.7
5,16,28079008,30,2.4
5,16,28079011,30,4.1
5,16,28079018,30,0.6
5,16,28079024,30,1.2
5,16,28079038,30,1.6
5,16,28079055,30,1.1
5,16,28079008,35,1.8
5,16,28079011,35,2.5
5,16,28079018,35,0.2
5,16,28079024,35,0.7
5,16,28079038,35,1.4
5,16,28079055,35,0.7
5,16,28079024,42,1.92
5,16,28079027,42,2.09
5,16,28079055,42,2.43
5,16,28079024,44,0.44
5,16,28079027,44,0.26
5,16,28079055,44,0.25
5,17,28079004,01,10
5,17,28079008,01,15
5,17,28079017,01,6
5,17,28079018,01,10
5,17,28079024,01,5
5,17,28079035,01,13
5,17,28079036,01,7
5,17,28079038,01,12
5,17,28079040,01,7
5,17,28079057,01,10
5,17,28079004,06,0.6
5,17,28079008,06,0.6
5,17,28079016,06,0.7
5,17,28079018,06,0.5
5,17,28079024,06,0.4
5,17,28079035,06,0.6
5,17,28079036,06,0.5
5,17,28079039,06,0.7
5,17,28079056,06,0.4
5,17,28079057,06,0.6
5,17,28079004,07,100
5,17,28079008,07,87
5,17,28079011,07,106
5,17,28079016,07,98
5,17,28079017,07,56
5,17,28079018,07,54
5,17,28079024,07,47
5,17,28079027,07,34
5,17,28079035,07,72
5,17,28079036,07,65
5,17,28079038,07,90
5,17,28079039,07,100
5,17,28079040,07,61
5,17,28079047,07,57
5,17,28079048,07,91
5,17,28079049,07,69
5,17,28079050,07,124
5,17,28079054,07,43
5,17,28079055,07,42
5,17,28079056,07,60
5,17,28079057,07,65
5,17,28079058,07,78
5,17,28079059,07,86
5,17,28079060,07,86
5,17,28079004,08,89
5,17,28079008,08,75
5,17,28079011,08,99
5,17,28079016,08,98
5,17,28079017,08,75
5,17,28079018,08,80
5,17,28079024,08,67
5,17,28079027,08,67
5,17,28079035,08,79
5,17,28079036,08,66
5,17,28079038,08,90
5,17,28079039,08,102
5,17,28079040,08,81
5,17,28079047,08,70
5,17,28079048,08,87
5,17,28079049,08,78
5,17,28079050,08,107
5,17,28079054,08,61
5,17,28079055,08,72
5,17,28079056,08,81
5,17,28079057,08,80
5,17,28079058,08,101
5,17,28079059,08,65
5,17,28079060,08,97
5,17,28079008,09,23
5,17,28079024,09,18
5,17,28079038,09,21
5,17,28079047,09,17
5,17,28079048,09,29
5,17,28079050,09,27
5,17,28079008,10,16
5,17,28079018,10,24
5,17,28079024,10,24
5,17,28079036,10,27
5,17,28079038,10,28
5,17,28079040,10,26
5,17,28079047,10,25
5,17,28079048,10,41
5,17,28079050,10,45
5,17,28079055,10,21
5,17,28079057,10,36
5,17,28079060,10,26
5,17,28079008,14,8
5,17,28079016,14,5
5,17,28079017,14,10
5,17,28079018,14,6
5,17,28079024,14,13
5,17,28079027,14,18
5,17,28079035,14,4
5,17,28079039,14,5
5,17,28079049,14,4
5,17,28079054,14,13
5,17,28079056,14,10
5,17,28079058,14,8
5,17,28079059,14,6
5,17,28079060,14,6
5,17,28079008,20,8.4
5,17,28079011,20,10
5,17,28079018,20,4.4
5,17,28079024,20,6
5,17,28079038,20,8
5,17,28079055,20,5
5,17,28079008,30,2.7
5,17,28079011,30,4
5,17,28079018,30,0.6
5,17,28079024,30,1.7
5,17,28079038,30,1.5
5,17,28079055,30,1.1
5,17,28079008,35,2
5,17,28079011,35,2.4
5,17,28079018,35,0.4
5,17,28079024,35,0.7
5,17,28079038,35,1.2
5,17,28079055,35,0.7
5,17,28079024,42,1.74
5,17,28079027,42,1.79
5,17,28079055,42,2.41
5,17,28079024,44,0.39
5,17,28079027,44,0.24
5,17,28079055,44,0.26
5,18,28079004,01,10
5,18,28079008,01,14
5,18,28079017,01,6
5,18,28079018,01,9
5,18,28079024,01,3
5,18,28079035,01,13
5,18,28079036,01,7
5,18,28079038,01,10
5,18,28079040,01,7
5,18,28079057,01,10
5,18,28079004,06,0.7
5,18,28079008,06,0.6
5,18,28079016,06,0.7
5,18,28079018,06,0.6
5,18,28079024,06,0.3
5,18,28079035,06,0.6
5,18,28079036,06,0.5
5,18,28079039,06,0.6
5,18,28079056,06,0.5
5,18,28079057,06,0.6
5,18,28079004,07,94
5,18,28079008,07,81
5,18,28079011,07,126
5,18,28079016,07,115
5,18,28079017,07,64
5,18,28079018,07,38
5,18,28079024,07,11
5,18,28079027,07,49
5,18,28079035,07,50
5,18,28079036,07,77
5,18,28079038,07,76
5,18,28079039,07,96
5,18,28079040,07,57
5,18,28079047,07,54
5,18,28079048,07,76
5,18,28079049,07,60
5,18,28079050,07,142
5,18,28079054,07,41
5,18,28079055,07,57
5,18,28079056,07,65
5,18,28079057,07,75
5,18,28079058,07,92
5,18,28079059,07,79
5,18,28079060,07,86
5,18,28079004,08,90
5,18,28079008,08,77
5,18,28079011,08,106
5,18,28079016,08,103
5,18,28079017,08,80
5,18,28079018,08,79
5,18,28079024,08,54
5,18,28079027,08,83
5,18,28079035,08,77
5,18,28079036,08,66
5,18,28079038,08,91
5,18,28079039,08,95
5,18,28079040,08,85
5,18,28079047,08,74
5,18,28079048,08,86
5,18,28079049,08,63
5,18,28079050,08,115
5,18,28079054,08,67
5,18,28079055,08,81
5,18,28079056,08,83
5,18,28079057,08,89
5,18,28079058,08,90
5,18,28079059,08,63
5,18,28079060,08,95
5,18,28079008,09,21
5,18,28079024,09,14
5,18,28079038,09,16
5,18,28079047,09,18
5,18,28079048,09,21
5,18,28079050,09,26
5,18,28079008,10,16
5,18,28079018,10,20
5,18,28079024,10,18
5,18,28079036,10,31
5,18,28079038,10,25
5,18,28079040,10,28
5,18,28079047,10,26
5,18,28079048,10,37
5,18,28079050,10,50
5,18,28079055,10,25
5,18,28079057,10,17
5,18,28079060,10,38
5,18,28079008,14,5
5,18,28079016,14,3
5,18,28079017,14,7
5,18,28079018,14,4
5,18,28079024,14,8
5,18,28079027,14,9
5,18,28079035,14,3
5,18,28079039,14,2
5,18,28079049,14,2
5,18,28079054,14,7
5,18,28079056,14,8
5,18,28079058,14,5
5,18,28079059,14,3
5,18,28079060,14,3
5,18,28079008,20,8.5
5,18,28079011,20,10.1
5,18,28079018,20,3.8
5,18,28079024,20,4.6
5,18,28079038,20,7.2
5,18,28079055,20,6.2
5,18,28079008,30,2.7
5,18,28079011,30,3.9
5,18,28079018,30,0.6
5,18,28079024,30,1.3
5,18,28079038,30,1.4
5,18,28079055,30,1.3
5,18,28079008,35,2
5,18,28079011,35,2.2
5,18,28079018,35,0.2
5,18,28079024,35,0.7
5,18,28079038,35,1.1
5,18,28079055,35,0.8
5,18,28079024,42,1.58
5,18,28079027,42,2.47
5,18,28079055,42,3
5,18,28079024,44,0.33
5,18,28079027,44,0.36
5,18,28079055,44,0.32
5,19,28079004,01,11
5,19,28079008,01,13
5,19,28079017,01,9
5,19,28079018,01,11
5,19,28079024,01,2
5,19,28079035,01,12
5,19,28079036,01,9
5,19,28079038,01,10
5,19,28079040,01,6
5,19,28079057,01,14
5,19,28079004,06,0.9
5,19,28079008,06,0.6
5,19,28079016,06,0.8
5,19,28079018,06,1.2
5,19,28079024,06,0.4
5,19,28079035,06,0.6
5,19,28079036,06,0.9
5,19,28079039,06,0.9
5,19,28079056,06,1.2
5,19,28079057,06,1.1
5,19,28079004,07,136
5,19,28079008,07,94
5,19,28079011,07,173
5,19,28079016,07,112
5,19,28079017,07,234
5,19,28079018,07,107
5,19,28079024,07,8
5,19,28079027,07,78
5,19,28079035,07,42
5,19,28079036,07,133
5,19,28079038,07,69
5,19,28079039,07,145
5,19,28079040,07,51
5,19,28079047,07,52
5,19,28079048,07,77
5,19,28079049,07,55
5,19,28079050,07,137
5,19,28079054,07,64
5,19,28079055,07,114
5,19,28079056,07,285
5,19,28079057,07,231
5,19,28079058,07,78
5,19,28079059,07,93
5,19,28079060,07,111
5,19,28079004,08,97
5,19,28079008,08,82
5,19,28079011,08,121
5,19,28079016,08,101
5,19,28079017,08,115
5,19,28079018,08,103
5,19,28079024,08,61
5,19,28079027,08,92
5,19,28079035,08,77
5,19,28079036,08,70
5,19,28079038,08,91
5,19,28079039,08,105
5,19,28079040,08,84
5,19,28079047,08,75
5,19,28079048,08,84
5,19,28079049,08,59
5,19,28079050,08,113
5,19,28079054,08,73
5,19,28079055,08,97
5,19,28079056,08,147
5,19,28079057,08,137
5,19,28079058,08,67
5,19,28079059,08,71
5,19,28079060,08,95
5,19,28079008,09,21
5,19,28079024,09,15
5,19,28079038,09,17
5,19,28079047,09,18
5,19,28079048,09,25
5,19,28079050,09,26
5,19,28079008,10,17
5,19,28079018,10,26
5,19,28079024,10,21
5,19,28079036,10,39
5,19,28079038,10,26
5,19,28079040,10,27
5,19,28079047,10,24
5,19,28079048,10,40
5,19,28079050,10,47
5,19,28079055,10,31
5,19,28079057,10,44
5,19,28079060,10,42
5,19,28079008,14,3
5,19,28079016,14,2
5,19,28079017,14,3
5,19,28079018,14,1
5,19,28079024,14,5
5,19,28079027,14,7
5,19,28079035,14,2
5,19,28079039,14,1
5,19,28079049,14,1
5,19,28079054,14,3
5,19,28079056,14,3
5,19,28079058,14,4
5,19,28079059,14,3
5,19,28079060,14,1
5,19,28079008,20,8.4
5,19,28079011,20,11.2
5,19,28079018,20,4.7
5,19,28079024,20,3.3
5,19,28079038,20,9.9
5,19,28079055,20,6.2
5,19,28079008,30,2.7
5,19,28079011,30,4.2
5,19,28079018,30,0.8
5,19,28079024,30,1.2
5,19,28079038,30,1.7
5,19,28079055,30,1.3
5,19,28079008,35,2.2
5,19,28079011,35,2.7
5,19,28079018,35,0.3
5,19,28079024,35,0.6
5,19,28079038,35,1.5
5,19,28079055,35,0.8
5,19,28079024,42,1.59
5,19,28079027,42,2.66
5,19,28079055,42,2.98
5,19,28079024,44,0.33
5,19,28079027,44,0.42
5,19,28079055,44,0.35
5,2,28079004,01,6
5,2,28079008,01,28
5,2,28079017,01,13
5,2,28079018,01,10
5,2,28079024,01,4
5,2,28079035,01,20
5,2,28079036,01,12
5,2,28079038,01,9
5,2,28079040,01,17
5,2,28079057,01,9
5,2,28079004,06,0.7
5,2,28079008,06,1.9
5,2,28079016,06,0.9
5,2,28079018,06,0.8
5,2,28079024,06,0.6
5,2,28079035,06,1.5
5,2,28079036,06,1.6
5,2,28079039,06,1.6
5,2,28079056,06,0.8
5,2,28079057,06,0.7
5,2,28079004,07,138
5,2,28079008,07,520
5,2,28079011,07,273
5,2,28079016,07,171
5,2,28079017,07,485
5,2,28079018,07,124
5,2,28079024,07,102
5,2,28079027,07,174
5,2,28079035,07,304
5,2,28079036,07,396
5,2,28079038,07,201
5,2,28079039,07,352
5,2,28079040,07,413
5,2,28079047,07,112
5,2,28079048,07,217
5,2,28079049,07,446
5,2,28079050,07,193
5,2,28079054,07,180
5,2,28079055,07,126
5,2,28079056,07,181
5,2,28079057,07,101
5,2,28079058,07,18
5,2,28079059,07,65
5,2,28079060,07,188
5,2,28079004,08,70
5,2,28079008,08,163
5,2,28079011,08,136
5,2,28079016,08,101
5,2,28079017,08,167
5,2,28079018,08,72
5,2,28079024,08,62
5,2,28079027,08,75
5,2,28079035,08,119
5,2,28079036,08,155
5,2,28079038,08,112
5,2,28079039,08,141
5,2,28079040,08,178
5,2,28079047,08,63
5,2,28079048,08,116
5,2,28079049,08,105
5,2,28079050,08,109
5,2,28079054,08,72
5,2,28079055,08,76
5,2,28079056,08,91
5,2,28079057,08,87
5,2,28079058,08,31
5,2,28079059,08,48
5,2,28079060,08,118
5,2,28079008,09,47
5,2,28079024,09,17
5,2,28079038,09,22
5,2,28079047,09,14
5,2,28079048,09,24
5,2,28079050,09,25
5,2,28079008,10,30
5,2,28079018,10,25
5,2,28079024,10,19
5,2,28079036,10,50
5,2,28079038,10,32
5,2,28079040,10,58
5,2,28079047,10,18
5,2,28079048,10,33
5,2,28079050,10,41
5,2,28079055,10,19
5,2,28079057,10,13
5,2,28079060,10,34
5,2,28079008,14,4
5,2,28079016,14,3
5,2,28079017,14,3
5,2,28079018,14,1
5,2,28079024,14,3
5,2,28079027,14,5
5,2,28079035,14,2
5,2,28079039,14,2
5,2,28079049,14,1
5,2,28079054,14,3
5,2,28079056,14,3
5,2,28079058,14,2
5,2,28079059,14,2
5,2,28079060,14,3
5,2,28079008,20,17.5
5,2,28079011,20,19.5
5,2,28079018,20,4.4
5,2,28079024,20,3.6
5,2,28079038,20,14.6
5,2,28079055,20,4.6
5,2,28079008,30,5.4
5,2,28079011,30,5.7
5,2,28079018,30,1
5,2,28079024,30,1.4
5,2,28079038,30,3.1
5,2,28079055,30,1.6
5,2,28079008,35,6.7
5,2,28079011,35,5.4
5,2,28079018,35,0.3
5,2,28079024,35,0.7
5,2,28079038,35,2.6
5,2,28079055,35,1
5,2,28079024,42,1.54
5,2,28079027,42,1.74
5,2,28079055,42,2.06
5,2,28079024,44,0.35
5,2,28079027,44,0.24
5,2,28079055,44,0.32
5,20,28079004,01,10
5,20,28079008,01,15
5,20,28079017,01,12
5,20,28079018,01,13
5,20,28079024,01,2
5,20,28079035,01,13
5,20,28079036,01,10
5,20,28079038,01,14
5,20,28079040,01,7
5,20,28079057,01,21
5,20,28079004,06,0.8
5,20,28079008,06,0.9
5,20,28079016,06,0.8
5,20,28079018,06,1.6
5,20,28079024,06,0.4
5,20,28079035,06,0.6
5,20,28079036,06,1.1
5,20,28079039,06,1
5,20,28079056,06,1.5
5,20,28079057,06,1.7
5,20,28079004,07,135
5,20,28079008,07,146
5,20,28079011,07,188
5,20,28079016,07,108
5,20,28079017,07,318
5,20,28079018,07,171
5,20,28079024,07,20
5,20,28079027,07,149
5,20,28079035,07,64
5,20,28079036,07,143
5,20,28079038,07,141
5,20,28079039,07,166
5,20,28079040,07,88
5,20,28079047,07,133
5,20,28079048,07,93
5,20,28079049,07,61
5,20,28079050,07,138
5,20,28079054,07,265
5,20,28079055,07,211
5,20,28079056,07,395
5,20,28079057,07,497
5,20,28079058,07,71
5,20,28079059,07,162
5,20,28079060,07,127
5,20,28079004,08,93
5,20,28079008,08,93
5,20,28079011,08,122
5,20,28079016,08,97
5,20,28079017,08,137
5,20,28079018,08,118
5,20,28079024,08,66
5,20,28079027,08,107
5,20,28079035,08,80
5,20,28079036,08,77
5,20,28079038,08,106
5,20,28079039,08,108
5,20,28079040,08,95
5,20,28079047,08,89
5,20,28079048,08,78
5,20,28079049,08,63
5,20,28079050,08,113
5,20,28079054,08,92
5,20,28079055,08,116
5,20,28079056,08,182
5,20,28079057,08,218
5,20,28079058,08,67
5,20,28079059,08,74
5,20,28079060,08,94
5,20,28079008,09,22
5,20,28079024,09,17
5,20,28079038,09,24
5,20,28079047,09,22
5,20,28079048,09,26
5,20,28079050,09,26
5,20,28079008,10,18
5,20,28079018,10,48
5,20,28079024,10,21
5,20,28079036,10,38
5,20,28079038,10,34
5,20,28079040,10,31
5,20,28079047,10,33
5,20,28079048,10,43
5,20,28079050,10,50
5,20,28079055,10,39
5,20,28079057,10,81
5,20,28079060,10,37
5,20,28079008,14,3
5,20,28079016,14,2
5,20,28079017,14,3
5,20,28079018,14,2
5,20,28079024,14,3
5,20,28079027,14,8
5,20,28079035,14,2
5,20,28079039,14,1
5,20,28079049,14,1
5,20,28079054,14,3
5,20,28079056,14,3
5,20,28079058,14,3
5,20,28079059,14,3
5,20,28079060,14,1
5,20,28079008,20,8.4
5,20,28079011,20,13.1
5,20,28079018,20,10
5,20,28079024,20,3.3
5,20,28079038,20,6.8
5,20,28079055,20,8.1
5,20,28079008,30,2.9
5,20,28079011,30,4.7
5,20,28079018,30,2.3
5,20,28079024,30,1.4
5,20,28079038,30,1.7
5,20,28079055,30,1.8
5,20,28079008,35,2.1
5,20,28079011,35,3.5
5,20,28079018,35,0.8
5,20,28079024,35,0.6
5,20,28079038,35,1.1
5,20,28079055,35,1
5,20,28079024,42,1.67
5,20,28079027,42,2.45
5,20,28079055,42,2.79
5,20,28079024,44,0.34
5,20,28079027,44,0.43
5,20,28079055,44,0.37
5,21,28079004,01,12
5,21,28079008,01,19
5,21,28079017,01,11
5,21,28079018,01,15
5,21,28079024,01,3
5,21,28079035,01,12
5,21,28079036,01,9
5,21,28079038,01,14
5,21,28079040,01,7
5,21,28079057,01,21
5,21,28079004,06,1.3
5,21,28079008,06,1.2
5,21,28079016,06,1.4
5,21,28079018,06,1.6
5,21,28079024,06,0.5
5,21,28079035,06,0.6
5,21,28079036,06,1.1
5,21,28079039,06,1.8
5,21,28079056,06,2
5,21,28079057,06,1.5
5,21,28079004,07,275
5,21,28079008,07,238
5,21,28079011,07,216
5,21,28079016,07,239
5,21,28079017,07,355
5,21,28079018,07,211
5,21,28079024,07,45
5,21,28079027,07,253
5,21,28079035,07,47
5,21,28079036,07,186
5,21,28079038,07,221
5,21,28079039,07,335
5,21,28079040,07,89
5,21,28079047,07,162
5,21,28079048,07,83
5,21,28079049,07,93
5,21,28079050,07,143
5,21,28079054,07,406
5,21,28079055,07,330
5,21,28079056,07,510
5,21,28079057,07,473
5,21,28079058,07,49
5,21,28079059,07,176
5,21,28079060,07,165
5,21,28079004,08,123
5,21,28079008,08,111
5,21,28079011,08,131
5,21,28079016,08,128
5,21,28079017,08,149
5,21,28079018,08,122
5,21,28079024,08,72
5,21,28079027,08,129
5,21,28079035,08,75
5,21,28079036,08,96
5,21,28079038,08,124
5,21,28079039,08,147
5,21,28079040,08,96
5,21,28079047,08,99
5,21,28079048,08,78
5,21,28079049,08,68
5,21,28079050,08,114
5,21,28079054,08,109
5,21,28079055,08,149
5,21,28079056,08,219
5,21,28079057,08,218
5,21,28079058,08,51
5,21,28079059,08,76
5,21,28079060,08,102
5,21,28079008,09,30
5,21,28079024,09,17
5,21,28079038,09,32
5,21,28079047,09,27
5,21,28079048,09,21
5,21,28079050,09,30
5,21,28079008,10,25
5,21,28079018,10,46
5,21,28079024,10,20
5,21,28079036,10,40
5,21,28079038,10,49
5,21,28079040,10,28
5,21,28079047,10,36
5,21,28079048,10,36
5,21,28079050,10,52
5,21,28079055,10,50
5,21,28079057,10,87
5,21,28079060,10,31
5,21,28079008,14,4
5,21,28079016,14,2
5,21,28079017,14,3
5,21,28079018,14,2
5,21,28079024,14,3
5,21,28079027,14,9
5,21,28079035,14,2
5,21,28079039,14,2
5,21,28079049,14,1
5,21,28079054,14,3
5,21,28079056,14,3
5,21,28079058,14,2
5,21,28079059,14,2
5,21,28079060,14,1
5,21,28079008,20,11.6
5,21,28079011,20,12.2
5,21,28079018,20,8.3
5,21,28079024,20,3.7
5,21,28079038,20,14.4
5,21,28079055,20,9.5
5,21,28079008,30,4.1
5,21,28079011,30,4.6
5,21,28079018,30,2.2
5,21,28079024,30,1.4
5,21,28079038,30,3.7
5,21,28079055,30,2.3
5,21,28079008,35,3.8
5,21,28079011,35,3.2
5,21,28079018,35,0.6
5,21,28079024,35,0.6
5,21,28079038,35,2.5
5,21,28079055,35,1.2
5,21,28079024,42,1.67
5,21,28079027,42,2.66
5,21,28079055,42,2.98
5,21,28079024,44,0.35
5,21,28079027,44,0.5
5,21,28079055,44,0.43
5,22,28079004,01,13
5,22,28079008,01,23
5,22,28079017,01,10
5,22,28079018,01,11
5,22,28079024,01,3
5,22,28079035,01,15
5,22,28079036,01,10
5,22,28079038,01,9
5,22,28079040,01,11
5,22,28079057,01,16
5,22,28079004,06,1.5
5,22,28079008,06,1.5
5,22,28079016,06,1.6
5,22,28079018,06,1.1
5,22,28079024,06,0.5
5,22,28079035,06,1
5,22,28079036,06,1.6
5,22,28079039,06,2
5,22,28079056,06,1.1
5,22,28079057,06,1.4
5,22,28079004,07,362
5,22,28079008,07,348
5,22,28079011,07,107
5,22,28079016,07,300
5,22,28079017,07,340
5,22,28079018,07,159
5,22,28079024,07,64
5,22,28079027,07,216
5,22,28079035,07,135
5,22,28079036,07,255
5,22,28079038,07,152
5,22,28079039,07,414
5,22,28079040,07,174
5,22,28079047,07,270
5,22,28079048,07,77
5,22,28079049,07,136
5,22,28079050,07,139
5,22,28079054,07,514
5,22,28079055,07,302
5,22,28079056,07,231
5,22,28079057,07,322
5,22,28079058,07,50
5,22,28079059,07,149
5,22,28079060,07,213
5,22,28079004,08,131
5,22,28079008,08,131
5,22,28079011,08,100
5,22,28079016,08,140
5,22,28079017,08,138
5,22,28079018,08,104
5,22,28079024,08,69
5,22,28079027,08,118
5,22,28079035,08,94
5,22,28079036,08,100
5,22,28079038,08,114
5,22,28079039,08,174
5,22,28079040,08,118
5,22,28079047,08,113
5,22,28079048,08,80
5,22,28079049,08,73
5,22,28079050,08,108
5,22,28079054,08,126
5,22,28079055,08,143
5,22,28079056,08,133
5,22,28079057,08,162
5,22,28079058,08,46
5,22,28079059,08,78
5,22,28079060,08,113
5,22,28079008,09,48
5,22,28079024,09,18
5,22,28079038,09,27
5,22,28079047,09,33
5,22,28079048,09,20
5,22,28079050,09,28
5,22,28079008,10,36
5,22,28079018,10,39
5,22,28079024,10,21
5,22,28079036,10,45
5,22,28079038,10,37
5,22,28079040,10,40
5,22,28079047,10,42
5,22,28079048,10,31
5,22,28079050,10,47
5,22,28079055,10,53
5,22,28079057,10,63
5,22,28079060,10,34
5,22,28079008,14,4
5,22,28079016,14,2
5,22,28079017,14,3
5,22,28079018,14,1
5,22,28079024,14,3
5,22,28079027,14,8
5,22,28079035,14,2
5,22,28079039,14,2
5,22,28079049,14,1
5,22,28079054,14,3
5,22,28079056,14,3
5,22,28079058,14,2
5,22,28079059,14,2
5,22,28079060,14,1
5,22,28079008,20,16.5
5,22,28079011,20,13.8
5,22,28079018,20,10.1
5,22,28079024,20,4.2
5,22,28079038,20,15.1
5,22,28079055,20,10.9
5,22,28079008,30,5.4
5,22,28079011,30,4.9
5,22,28079018,30,2.4
5,22,28079024,30,1.5
5,22,28079038,30,3.5
5,22,28079055,30,3.3
5,22,28079008,35,6.1
5,22,28079011,35,3.7
5,22,28079018,35,0.8
5,22,28079024,35,0.7
5,22,28079038,35,2.4
5,22,28079055,35,1.6
5,22,28079024,42,1.65
5,22,28079027,42,2.44
5,22,28079055,42,3.23
5,22,28079024,44,0.36
5,22,28079027,44,0.37
5,22,28079055,44,0.56
5,23,28079004,01,12
5,23,28079008,01,15
5,23,28079017,01,11
5,23,28079018,01,11
5,23,28079024,01,3
5,23,28079035,01,15
5,23,28079036,01,14
5,23,28079038,01,9
5,23,28079040,01,18
5,23,28079057,01,13
5,23,28079004,06,1.2
5,23,28079008,06,0.9
5,23,28079016,06,1.6
5,23,28079018,06,1.2
5,23,28079024,06,0.5
5,23,28079035,06,1.2
5,23,28079036,06,1.8
5,23,28079039,06,2.6
5,23,28079056,06,1
5,23,28079057,06,1.1
5,23,28079004,07,318
5,23,28079008,07,153
5,23,28079011,07,161
5,23,28079016,07,293
5,23,28079017,07,392
5,23,28079018,07,143
5,23,28079024,07,66
5,23,28079027,07,126
5,23,28079035,07,159
5,23,28079036,07,340
5,23,28079038,07,179
5,23,28079039,07,558
5,23,28079040,07,247
5,23,28079047,07,246
5,23,28079048,07,47
5,23,28079049,07,108
5,23,28079050,07,99
5,23,28079054,07,341
5,23,28079055,07,185
5,23,28079056,07,213
5,23,28079057,07,210
5,23,28079058,07,49
5,23,28079059,07,130
5,23,28079060,07,154
5,23,28079004,08,115
5,23,28079008,08,90
5,23,28079011,08,111
5,23,28079016,08,144
5,23,28079017,08,142
5,23,28079018,08,87
5,23,28079024,08,63
5,23,28079027,08,88
5,23,28079035,08,95
5,23,28079036,08,119
5,23,28079038,08,117
5,23,28079039,08,206
5,23,28079040,08,134
5,23,28079047,08,102
5,23,28079048,08,71
5,23,28079049,08,69
5,23,28079050,08,88
5,23,28079054,08,115
5,23,28079055,08,101
5,23,28079056,08,110
5,23,28079057,08,129
5,23,28079058,08,44
5,23,28079059,08,69
5,23,28079060,08,97
5,23,28079008,09,34
5,23,28079024,09,17
5,23,28079038,09,27
5,23,28079047,09,32
5,23,28079048,09,14
5,23,28079050,09,24
5,23,28079008,10,22
5,23,28079018,10,37
5,23,28079024,10,19
5,23,28079036,10,54
5,23,28079038,10,39
5,23,28079040,10,48
5,23,28079047,10,40
5,23,28079048,10,18
5,23,28079050,10,39
5,23,28079055,10,37
5,23,28079057,10,27
5,23,28079060,10,30
5,23,28079008,14,3
5,23,28079016,14,2
5,23,28079017,14,3
5,23,28079018,14,2
5,23,28079024,14,3
5,23,28079027,14,7
5,23,28079035,14,2
5,23,28079039,14,2
5,23,28079049,14,1
5,23,28079054,14,3
5,23,28079056,14,3
5,23,28079058,14,2
5,23,28079059,14,2
5,23,28079060,14,1
5,23,28079008,20,12.5
5,23,28079011,20,10
5,23,28079018,20,7
5,23,28079024,20,4.3
5,23,28079038,20,12
5,23,28079055,20,8.8
5,23,28079008,30,4.8
5,23,28079011,30,4.2
5,23,28079018,30,1.6
5,23,28079024,30,1.5
5,23,28079038,30,3.3
5,23,28079055,30,3.1
5,23,28079008,35,4.6
5,23,28079011,35,2.5
5,23,28079018,35,0.6
5,23,28079024,35,0.6
5,23,28079038,35,2.1
5,23,28079055,35,1.6
5,23,28079024,42,1.64
5,23,28079027,42,2.42
5,23,28079055,42,2.76
5,23,28079024,44,0.36
5,23,28079027,44,0.33
5,23,28079055,44,0.42
5,24,28079004,01,9
5,24,28079008,01,21
5,24,28079017,01,12
5,24,28079018,01,10
5,24,28079024,01,4
5,24,28079035,01,17
5,24,28079036,01,12
5,24,28079038,01,9
5,24,28079040,01,16
5,24,28079057,01,11
5,24,28079004,06,1
5,24,28079008,06,1.6
5,24,28079016,06,1.3
5,24,28079018,06,1
5,24,28079024,06,0.6
5,24,28079035,06,1.6
5,24,28079036,06,1.6
5,24,28079039,06,2.2
5,24,28079056,06,0.8
5,24,28079057,06,1.1
5,24,28079004,07,235
5,24,28079008,07,312
5,24,28079011,07,252
5,24,28079016,07,245
5,24,28079017,07,444
5,24,28079018,07,131
5,24,28079024,07,92
5,24,28079027,07,120
5,24,28079035,07,266
5,24,28079036,07,354
5,24,28079038,07,190
5,24,28079039,07,526
5,24,28079040,07,347
5,24,28079047,07,189
5,24,28079048,07,137
5,24,28079049,07,316
5,24,28079050,07,217
5,24,28079054,07,200
5,24,28079055,07,147
5,24,28079056,07,180
5,24,28079057,07,197
5,24,28079058,07,42
5,24,28079059,07,65
5,24,28079060,07,185
5,24,28079004,08,89
5,24,28079008,08,126
5,24,28079011,08,136
5,24,28079016,08,126
5,24,28079017,08,154
5,24,28079018,08,78
5,24,28079024,08,66
5,24,28079027,08,83
5,24,28079035,08,112
5,24,28079036,08,150
5,24,28079038,08,113
5,24,28079039,08,201
5,24,28079040,08,160
5,24,28079047,08,83
5,24,28079048,08,96
5,24,28079049,08,94
5,24,28079050,08,124
5,24,28079054,08,84
5,24,28079055,08,89
5,24,28079056,08,96
5,24,28079057,08,120
5,24,28079058,08,37
5,24,28079059,08,51
5,24,28079060,08,120
5,24,28079008,09,42
5,24,28079024,09,22
5,24,28079038,09,27
5,24,28079047,09,28
5,24,28079048,09,22
5,24,28079050,09,32
5,24,28079008,10,26
5,24,28079018,10,32
5,24,28079024,10,22
5,24,28079036,10,56
5,24,28079038,10,38
5,24,28079040,10,58
5,24,28079047,10,33
5,24,28079048,10,25
5,24,28079050,10,48
5,24,28079055,10,30
5,24,28079057,10,36
5,24,28079060,10,37
5,24,28079008,14,4
5,24,28079016,14,2
5,24,28079017,14,3
5,24,28079018,14,1
5,24,28079024,14,3
5,24,28079027,14,7
5,24,28079035,14,2
5,24,28079039,14,3
5,24,28079049,14,1
5,24,28079054,14,3
5,24,28079056,14,3
5,24,28079058,14,2
5,24,28079059,14,2
5,24,28079060,14,1
5,24,28079008,20,11.3
5,24,28079011,20,13
5,24,28079018,20,10.3
5,24,28079024,20,4.4
5,24,28079038,20,21
5,24,28079055,20,7
5,24,28079008,30,4.4
5,24,28079011,30,5.2
5,24,28079018,30,2.3
5,24,28079024,30,1.7
5,24,28079038,30,5
5,24,28079055,30,2.4
5,24,28079008,35,4
5,24,28079011,35,3.6
5,24,28079018,35,1
5,24,28079024,35,0.6
5,24,28079038,35,3.7
5,24,28079055,35,1.3
5,24,28079024,42,1.67
5,24,28079027,42,2.16
5,24,28079055,42,2.46
5,24,28079024,44,0.38
5,24,28079027,44,0.31
5,24,28079055,44,0.37
5,3,28079004,01,7
5,3,28079008,01,21
5,3,28079017,01,12
5,3,28079018,01,10
5,3,28079024,01,3
5,3,28079035,01,17
5,3,28079036,01,8
5,3,28079038,01,13
5,3,28079040,01,12
5,3,28079057,01,7
5,3,28079004,06,0.8
5,3,28079008,06,1.4
5,3,28079016,06,0.7
5,3,28079018,06,0.8
5,3,28079024,06,0.5
5,3,28079035,06,1.3
5,3,28079036,06,1.1
5,3,28079039,06,0.9
5,3,28079056,06,1
5,3,28079057,06,0.5
5,3,28079004,07,179
5,3,28079008,07,335
5,3,28079011,07,142
5,3,28079016,07,110
5,3,28079017,07,414
5,3,28079018,07,107
5,3,28079024,07,65
5,3,28079027,07,108
5,3,28079035,07,322
5,3,28079036,07,243
5,3,28079038,07,269
5,3,28079039,07,188
5,3,28079040,07,204
5,3,28079047,07,127
5,3,28079048,07,211
5,3,28079049,07,430
5,3,28079050,07,113
5,3,28079054,07,194
5,3,28079055,07,170
5,3,28079056,07,193
5,3,28079057,07,43
5,3,28079058,07,17
5,3,28079059,07,49
5,3,28079060,07,70
5,3,28079004,08,75
5,3,28079008,08,121
5,3,28079011,08,94
5,3,28079016,08,79
5,3,28079017,08,137
5,3,28079018,08,65
5,3,28079024,08,51
5,3,28079027,08,59
5,3,28079035,08,129
5,3,28079036,08,122
5,3,28079038,08,120
5,3,28079039,08,94
5,3,28079040,08,107
5,3,28079047,08,65
5,3,28079048,08,107
5,3,28079049,08,102
5,3,28079050,08,85
5,3,28079054,08,68
5,3,28079055,08,71
5,3,28079056,08,91
5,3,28079057,08,63
5,3,28079058,08,27
5,3,28079059,08,39
5,3,28079060,08,73
5,3,28079008,09,42
5,3,28079024,09,14
5,3,28079038,09,30
5,3,28079047,09,15
5,3,28079048,09,28
5,3,28079050,09,22
5,3,28079008,10,27
5,3,28079018,10,21
5,3,28079024,10,16
5,3,28079036,10,34
5,3,28079038,10,40
5,3,28079040,10,38
5,3,28079047,10,21
5,3,28079048,10,34
5,3,28079050,10,31
5,3,28079055,10,23
5,3,28079057,10,10
5,3,28079060,10,13
5,3,28079008,14,3
5,3,28079016,14,3
5,3,28079017,14,2
5,3,28079018,14,1
5,3,28079024,14,2
5,3,28079027,14,5
5,3,28079035,14,2
5,3,28079039,14,1
5,3,28079049,14,1
5,3,28079054,14,3
5,3,28079056,14,3
5,3,28079058,14,2
5,3,28079059,14,2
5,3,28079060,14,1
5,3,28079008,20,20
5,3,28079011,20,14.4
5,3,28079018,20,3.7
5,3,28079024,20,4.3
5,3,28079038,20,16.7
5,3,28079055,20,6.3
5,3,28079008,30,5.9
5,3,28079011,30,4.9
5,3,28079018,30,1
5,3,28079024,30,1.7
5,3,28079038,30,3.2
5,3,28079055,30,1.6
5,3,28079008,35,7.1
5,3,28079011,35,4.2
5,3,28079018,35,0.3
5,3,28079024,35,0.7
5,3,28079038,35,2.9
5,3,28079055,35,1.5
5,3,28079024,42,1.5
5,3,28079027,42,1.8
5,3,28079055,42,2.29
5,3,28079024,44,0.33
5,3,28079027,44,0.23
5,3,28079055,44,0.46
5,4,28079004,01,6
5,4,28079008,01,16
5,4,28079017,01,10
5,4,28079018,01,10
5,4,28079024,01,3
5,4,28079035,01,14
5,4,28079036,01,4
5,4,28079038,01,7
5,4,28079040,01,6
5,4,28079057,01,6
5,4,28079004,06,0.6
5,4,28079008,06,0.7
5,4,28079016,06,0.6
5,4,28079018,06,0.7
5,4,28079024,06,0.4
5,4,28079035,06,0.9
5,4,28079036,06,0.7
5,4,28079039,06,0.5
5,4,28079056,06,0.6
5,4,28079057,06,0.5
5,4,28079004,07,135
5,4,28079008,07,121
5,4,28079011,07,78
5,4,28079016,07,81
5,4,28079017,07,356
5,4,28079018,07,106
5,4,28079024,07,49
5,4,28079027,07,53
5,4,28079035,07,174
5,4,28079036,07,89
5,4,28079038,07,100
5,4,28079039,07,79
5,4,28079040,07,39
5,4,28079047,07,143
5,4,28079048,07,62
5,4,28079049,07,174
5,4,28079050,07,51
5,4,28079054,07,124
5,4,28079055,07,75
5,4,28079056,07,128
5,4,28079057,07,47
5,4,28079058,07,21
5,4,28079059,07,41
5,4,28079060,07,51
5,4,28079004,08,59
5,4,28079008,08,70
5,4,28079011,08,71
5,4,28079016,08,67
5,4,28079017,08,117
5,4,28079018,08,59
5,4,28079024,08,42
5,4,28079027,08,48
5,4,28079035,08,80
5,4,28079036,08,66
5,4,28079038,08,80
5,4,28079039,08,77
5,4,28079040,08,60
5,4,28079047,08,60
5,4,28079048,08,63
5,4,28079049,08,66
5,4,28079050,08,65
5,4,28079054,08,48
5,4,28079055,08,55
5,4,28079056,08,71
5,4,28079057,08,63
5,4,28079058,08,26
5,4,28079059,08,32
5,4,28079060,08,65
5,4,28079008,09,19
5,4,28079024,09,11
5,4,28079038,09,18
5,4,28079047,09,16
5,4,28079048,09,14
5,4,28079050,09,15
5,4,28079008,10,12
5,4,28079018,10,18
5,4,28079024,10,11
5,4,28079036,10,17
5,4,28079038,10,25
5,4,28079040,10,18
5,4,28079047,10,20
5,4,28079048,10,17
5,4,28079050,10,24
5,4,28079055,10,18
5,4,28079057,10,17
5,4,28079060,10,14
5,4,28079008,14,3
5,4,28079016,14,3
5,4,28079017,14,3
5,4,28079018,14,1
5,4,28079024,14,2
5,4,28079027,14,4
5,4,28079035,14,1
5,4,28079039,14,1
5,4,28079049,14,1
5,4,28079054,14,3
5,4,28079056,14,3
5,4,28079058,14,2
5,4,28079059,14,2
5,4,28079060,14,1
5,4,28079008,20,14.2
5,4,28079011,20,13.3
5,4,28079018,20,4.1
5,4,28079024,20,3.3
5,4,28079038,20,14.9
5,4,28079055,20,4.5
5,4,28079008,30,3.6
5,4,28079011,30,3.9
5,4,28079018,30,0.9
5,4,28079024,30,1.2
5,4,28079038,30,2.1
5,4,28079055,30,1.4
5,4,28079008,35,6.8
5,4,28079011,35,2.5
5,4,28079018,35,0.4
5,4,28079024,35,0.7
5,4,28079038,35,2.2
5,4,28079055,35,1.3
5,4,28079024,42,1.5
5,4,28079027,42,1.6
5,4,28079055,42,1.91
5,4,28079024,44,0.32
5,4,28079027,44,0.2
5,4,28079055,44,0.24
5,5,28079004,01,4
5,5,28079008,01,13
5,5,28079017,01,10
5,5,28079018,01,9
5,5,28079024,01,3
5,5,28079035,01,11
5,5,28079036,01,3
5,5,28079038,01,6
5,5,28079040,01,6
5,5,28079057,01,6
5,5,28079004,06,0.5
5,5,28079008,06,0.6
5,5,28079016,06,0.6
5,5,28079018,06,0.6
5,5,28079024,06,0.5
5,5,28079035,06,0.7
5,5,28079036,06,0.5
5,5,28079039,06,0.6
5,5,28079056,06,0.5
5,5,28079057,06,0.5
5,5,28079004,07,88
5,5,28079008,07,99
5,5,28079011,07,57
5,5,28079016,07,77
5,5,28079017,07,327
5,5,28079018,07,73
5,5,28079024,07,81
5,5,28079027,07,26
5,5,28079035,07,128
5,5,28079036,07,66
5,5,28079038,07,85
5,5,28079039,07,113
5,5,28079040,07,79
5,5,28079047,07,93
5,5,28079048,07,59
5,5,28079049,07,96
5,5,28079050,07,45
5,5,28079054,07,78
5,5,28079055,07,76
5,5,28079056,07,115
5,5,28079057,07,46
5,5,28079058,07,25
5,5,28079059,07,22
5,5,28079060,07,48
5,5,28079004,08,50
5,5,28079008,08,65
5,5,28079011,08,70
5,5,28079016,08,66
5,5,28079017,08,101
5,5,28079018,08,46
5,5,28079024,08,49
5,5,28079027,08,41
5,5,28079035,08,64
5,5,28079036,08,54
5,5,28079038,08,74
5,5,28079039,08,63
5,5,28079040,08,69
5,5,28079047,08,47
5,5,28079048,08,63
5,5,28079049,08,47
5,5,28079050,08,64
5,5,28079054,08,46
5,5,28079055,08,51
5,5,28079056,08,68
5,5,28079057,08,61
5,5,28079058,08,26
5,5,28079059,08,30
5,5,28079060,08,64
5,5,28079008,09,17
5,5,28079024,09,16
5,5,28079038,09,13
5,5,28079047,09,13
5,5,28079048,09,10
5,5,28079050,09,15
5,5,28079008,10,11
5,5,28079018,10,19
5,5,28079024,10,16
5,5,28079036,10,12
5,5,28079038,10,19
5,5,28079040,10,19
5,5,28079047,10,17
5,5,28079048,10,17
5,5,28079050,10,23
5,5,28079055,10,12
5,5,28079057,10,11
5,5,28079060,10,12
5,5,28079008,14,3
5,5,28079016,14,3
5,5,28079017,14,3
5,5,28079018,14,1
5,5,28079024,14,3
5,5,28079027,14,4
5,5,28079035,14,1
5,5,28079039,14,1
5,5,28079049,14,1
5,5,28079054,14,3
5,5,28079056,14,3
5,5,28079058,14,2
5,5,28079059,14,2
5,5,28079060,14,1
5,5,28079008,20,10.8
5,5,28079011,20,10.8
5,5,28079018,20,3.2
5,5,28079024,20,3.2
5,5,28079038,20,9.9
5,5,28079055,20,3.8
5,5,28079008,30,2.8
5,5,28079011,30,3.7
5,5,28079018,30,0.7
5,5,28079024,30,1.3
5,5,28079038,30,1.5
5,5,28079055,30,1.2
5,5,28079008,35,3.8
5,5,28079011,35,1.9
5,5,28079018,35,0.2
5,5,28079024,35,0.6
5,5,28079038,35,1.4
5,5,28079055,35,0.9
5,5,28079024,42,1.55
5,5,28079027,42,1.67
5,5,28079055,42,1.99
5,5,28079024,44,0.35
5,5,28079027,44,0.2
5,5,28079055,44,0.32
5,6,28079004,01,5
5,6,28079008,01,11
5,6,28079017,01,9
5,6,28079018,01,9
5,6,28079024,01,3
5,6,28079035,01,11
5,6,28079036,01,3
5,6,28079038,01,8
5,6,28079040,01,6
5,6,28079057,01,5
5,6,28079004,06,0.6
5,6,28079008,06,0.5
5,6,28079016,06,0.5
5,6,28079018,06,0.7
5,6,28079024,06,0.5
5,6,28079035,06,0.7
5,6,28079036,06,0.5
5,6,28079039,06,0.6
5,6,28079056,06,0.6
5,6,28079057,06,0.5
5,6,28079004,07,115
5,6,28079008,07,88
5,6,28079011,07,40
5,6,28079016,07,74
5,6,28079017,07,313
5,6,28079018,07,102
5,6,28079024,07,70
5,6,28079027,07,27
5,6,28079035,07,112
5,6,28079036,07,79
5,6,28079038,07,162
5,6,28079039,07,95
5,6,28079040,07,87
5,6,28079047,07,94
5,6,28079048,07,55
5,6,28079049,07,73
5,6,28079050,07,35
5,6,28079054,07,108
5,6,28079055,07,81
5,6,28079056,07,138
5,6,28079057,07,41
5,6,28079058,07,34
5,6,28079059,07,8
5,6,28079060,07,68
5,6,28079004,08,50
5,6,28079008,08,63
5,6,28079011,08,65
5,6,28079016,08,62
5,6,28079017,08,95
5,6,28079018,08,52
5,6,28079024,08,43
5,6,28079027,08,42
5,6,28079035,08,61
5,6,28079036,08,55
5,6,28079038,08,83
5,6,28079039,08,55
5,6,28079040,08,69
5,6,28079047,08,49
5,6,28079048,08,63
5,6,28079049,08,40
5,6,28079050,08,63
5,6,28079054,08,48
5,6,28079055,08,53
5,6,28079056,08,67
5,6,28079057,08,57
5,6,28079058,08,26
5,6,28079059,08,28
5,6,28079060,08,66
5,6,28079008,09,15
5,6,28079024,09,13
5,6,28079038,09,18
5,6,28079047,09,13
5,6,28079048,09,11
5,6,28079050,09,13
5,6,28079008,10,10
5,6,28079018,10,16
5,6,28079024,10,14
5,6,28079036,10,14
5,6,28079038,10,28
5,6,28079040,10,21
5,6,28079047,10,17
5,6,28079048,10,16
5,6,28079050,10,19
5,6,28079055,10,17
5,6,28079057,10,11
5,6,28079060,10,13
5,6,28079008,14,3
5,6,28079016,14,3
5,6,28079017,14,3
5,6,28079018,14,1
5,6,28079024,14,2
5,6,28079027,14,4
5,6,28079035,14,1
5,6,28079039,14,1
5,6,28079049,14,1
5,6,28079054,14,3
5,6,28079056,14,3
5,6,28079058,14,2
5,6,28079059,14,3
5,6,28079060,14,1
5,6,28079008,20,9.5
5,6,28079011,20,8.2
5,6,28079018,20,3
5,6,28079024,20,3.5
5,6,28079038,20,10.6
5,6,28079055,20,3.6
5,6,28079008,30,2.6
5,6,28079011,30,3.1
5,6,28079018,30,0.8
5,6,28079024,30,1.3
5,6,28079038,30,2.2
5,6,28079055,30,1.9
5,6,28079008,35,2.3
5,6,28079011,35,1.2
5,6,28079018,35,0.2
5,6,28079024,35,0.7
5,6,28079038,35,1.6
5,6,28079055,35,0.9
5,6,28079024,42,1.56
5,6,28079027,42,1.55
5,6,28079055,42,2.02
5,6,28079024,44,0.34
5,6,28079027,44,0.19
5,6,28079055,44,0.28
5,7,28079004,01,5
5,7,28079008,01,11
5,7,28079017,01,10
5,7,28079018,01,9
5,7,28079024,01,3
5,7,28079035,01,11
5,7,28079036,01,3
5,7,28079038,01,8
5,7,28079040,01,5
5,7,28079057,01,5
5,7,28079004,06,0.6
5,7,28079008,06,0.6
5,7,28079016,06,0.4
5,7,28079018,06,0.6
5,7,28079024,06,0.4
5,7,28079035,06,0.8
5,7,28079036,06,0.5
5,7,28079039,06,0.5
5,7,28079056,06,0.5
5,7,28079057,06,0.5
5,7,28079004,07,131
5,7,28079008,07,94
5,7,28079011,07,46
5,7,28079016,07,52
5,7,28079017,07,331
5,7,28079018,07,78
5,7,28079024,07,51
5,7,28079027,07,60
5,7,28079035,07,102
5,7,28079036,07,78
5,7,28079038,07,171
5,7,28079039,07,85
5,7,28079040,07,68
5,7,28079047,07,98
5,7,28079048,07,52
5,7,28079049,07,77
5,7,28079050,07,43
5,7,28079054,07,53
5,7,28079055,07,101
5,7,28079056,07,102
5,7,28079057,07,48
5,7,28079058,07,34
5,7,28079059,07,24
5,7,28079060,07,53
5,7,28079004,08,48
5,7,28079008,08,63
5,7,28079011,08,65
5,7,28079016,08,55
5,7,28079017,08,95
5,7,28079018,08,50
5,7,28079024,08,35
5,7,28079027,08,47
5,7,28079035,08,53
5,7,28079036,08,56
5,7,28079038,08,82
5,7,28079039,08,51
5,7,28079040,08,67
5,7,28079047,08,43
5,7,28079048,08,61
5,7,28079049,08,48
5,7,28079050,08,63
5,7,28079054,08,42
5,7,28079055,08,58
5,7,28079056,08,54
5,7,28079057,08,57
5,7,28079058,08,25
5,7,28079059,08,24
5,7,28079060,08,59
5,7,28079008,09,16
5,7,28079024,09,11
5,7,28079038,09,18
5,7,28079047,09,13
5,7,28079048,09,10
5,7,28079050,09,12
5,7,28079008,10,10
5,7,28079018,10,16
5,7,28079024,10,11
5,7,28079036,10,13
5,7,28079038,10,28
5,7,28079040,10,18
5,7,28079047,10,18
5,7,28079048,10,14
5,7,28079050,10,19
5,7,28079055,10,16
5,7,28079057,10,20
5,7,28079060,10,10
5,7,28079008,14,3
5,7,28079016,14,3
5,7,28079017,14,3
5,7,28079018,14,1
5,7,28079024,14,2
5,7,28079027,14,4
5,7,28079035,14,1
5,7,28079039,14,1
5,7,28079049,14,1
5,7,28079054,14,3
5,7,28079056,14,3
5,7,28079058,14,2
5,7,28079059,14,2
5,7,28079060,14,1
5,7,28079008,20,8.7
5,7,28079011,20,8.5
5,7,28079018,20,3.4
5,7,28079024,20,3
5,7,28079038,20,12.5
5,7,28079055,20,3.4
5,7,28079008,30,2.4
5,7,28079011,30,3.5
5,7,28079018,30,0.7
5,7,28079024,30,1.2
5,7,28079038,30,2.1
5,7,28079055,30,1.4
5,7,28079008,35,2
5,7,28079011,35,1.2
5,7,28079018,35,0.5
5,7,28079024,35,0.6
5,7,28079038,35,2
5,7,28079055,35,0.8
5,7,28079024,42,1.56
5,7,28079027,42,1.77
5,7,28079055,42,2
5,7,28079024,44,0.34
5,7,28079027,44,0.22
5,7,28079055,44,0.28
5,8,28079004,01,5
5,8,28079008,01,13
5,8,28079017,01,10
5,8,28079018,01,9
5,8,28079024,01,3
5,8,28079035,01,13
5,8,28079036,01,3
5,8,28079038,01,9
5,8,28079040,01,7
5,8,28079057,01,5
5,8,28079004,06,0.6
5,8,28079008,06,0.7
5,8,28079016,06,0.4
5,8,28079018,06,0.7
5,8,28079024,06,0.5
5,8,28079035,06,0.9
5,8,28079036,06,0.4
5,8,28079039,06,0.8
5,8,28079056,06,0.6
5,8,28079057,06,0.4
5,8,28079004,07,113
5,8,28079008,07,137
5,8,28079011,07,71
5,8,28079016,07,60
5,8,28079017,07,359
5,8,28079018,07,76
5,8,28079024,07,71
5,8,28079027,07,72
5,8,28079035,07,149
5,8,28079036,07,67
5,8,28079038,07,178
5,8,28079039,07,191
5,8,28079040,07,125
5,8,28079047,07,87
5,8,28079048,07,45
5,8,28079049,07,97
5,8,28079050,07,71
5,8,28079054,07,52
5,8,28079055,07,99
5,8,28079056,07,124
5,8,28079057,07,24
5,8,28079058,07,36
5,8,28079059,07,58
5,8,28079060,07,71
5,8,28079004,08,46
5,8,28079008,08,65
5,8,28079011,08,66
5,8,28079016,08,55
5,8,28079017,08,97
5,8,28079018,08,47
5,8,28079024,08,40
5,8,28079027,08,55
5,8,28079035,08,73
5,8,28079036,08,53
5,8,28079038,08,87
5,8,28079039,08,76
5,8,28079040,08,76
5,8,28079047,08,41
5,8,28079048,08,61
5,8,28079049,08,44
5,8,28079050,08,64
5,8,28079054,08,44
5,8,28079055,08,62
5,8,28079056,08,64
5,8,28079057,08,50
5,8,28079058,08,28
5,8,28079059,08,21
5,8,28079060,08,63
5,8,28079008,09,18
5,8,28079024,09,14
5,8,28079038,09,24
5,8,28079047,09,15
5,8,28079048,09,10
5,8,28079050,09,17
5,8,28079008,10,11
5,8,28079018,10,15
5,8,28079024,10,14
5,8,28079036,10,12
5,8,28079038,10,30
5,8,28079040,10,22
5,8,28079047,10,18
5,8,28079048,10,15
5,8,28079050,10,25
5,8,28079055,10,16
5,8,28079057,10,15
5,8,28079060,10,28
5,8,28079008,14,3
5,8,28079016,14,3
5,8,28079017,14,5
5,8,28079018,14,1
5,8,28079024,14,2
5,8,28079027,14,5
5,8,28079035,14,1
5,8,28079039,14,1
5,8,28079049,14,1
5,8,28079054,14,3
5,8,28079056,14,2
5,8,28079058,14,2
5,8,28079059,14,3
5,8,28079060,14,1
5,8,28079008,20,9.6
5,8,28079011,20,8.6
5,8,28079018,20,3.1
5,8,28079024,20,3.2
5,8,28079038,20,12.5
5,8,28079055,20,2.8
5,8,28079008,30,2.9
5,8,28079011,30,3.4
5,8,28079018,30,0.7
5,8,28079024,30,1.3
5,8,28079038,30,2.1
5,8,28079055,30,1.1
5,8,28079008,35,2.5
5,8,28079011,35,1.3
5,8,28079018,35,1
5,8,28079024,35,0.6
5,8,28079038,35,2
5,8,28079055,35,0.6
5,8,28079024,42,1.61
5,8,28079027,42,1.83
5,8,28079055,42,2.15
5,8,28079024,44,0.37
5,8,28079027,44,0.24
5,8,28079055,44,0.28
5,9,28079004,01,5
5,9,28079008,01,14
5,9,28079017,01,11
5,9,28079018,01,9
5,9,28079024,01,3
5,9,28079035,01,12
5,9,28079036,01,3
5,9,28079038,01,11
5,9,28079040,01,10
5,9,28079057,01,4
5,9,28079004,06,0.8
5,9,28079008,06,0.7
5,9,28079016,06,0.5
5,9,28079018,06,0.7
5,9,28079024,06,0.4
5,9,28079035,06,0.7
5,9,28079036,06,0.6
5,9,28079039,06,0.9
5,9,28079056,06,0.8
5,9,28079057,06,0.3
5,9,28079004,07,120
5,9,28079008,07,166
5,9,28079011,07,45
5,9,28079016,07,64
5,9,28079017,07,386
5,9,28079018,07,82
5,9,28079024,07,54
5,9,28079027,07,94
5,9,28079035,07,118
5,9,28079036,07,94
5,9,28079038,07,254
5,9,28079039,07,196
5,9,28079040,07,241
5,9,28079047,07,96
5,9,28079048,07,40
5,9,28079049,07,137
5,9,28079050,07,46
5,9,28079054,07,42
5,9,28079055,07,110
5,9,28079056,07,169
5,9,28079057,07,15
5,9,28079058,07,44
5,9,28079059,07,57
5,9,28079060,07,60
5,9,28079004,08,51
5,9,28079008,08,64
5,9,28079011,08,58
5,9,28079016,08,56
5,9,28079017,08,96
5,9,28079018,08,44
5,9,28079024,08,35
5,9,28079027,08,61
5,9,28079035,08,59
5,9,28079036,08,54
5,9,28079038,08,98
5,9,28079039,08,71
5,9,28079040,08,89
5,9,28079047,08,44
5,9,28079048,08,57
5,9,28079049,08,43
5,9,28079050,08,56
5,9,28079054,08,38
5,9,28079055,08,62
5,9,28079056,08,72
5,9,28079057,08,44
5,9,28079058,08,26
5,9,28079059,08,22
5,9,28079060,08,58
5,9,28079008,09,19
5,9,28079024,09,13
5,9,28079038,09,25
5,9,28079047,09,15
5,9,28079048,09,8
5,9,28079050,09,12
5,9,28079008,10,11
5,9,28079018,10,15
5,9,28079036,10,14
5,9,28079038,10,34
5,9,28079040,10,30
5,9,28079047,10,18
5,9,28079048,10,13
5,9,28079050,10,18
5,9,28079055,10,19
5,9,28079057,10,5
5,9,28079060,10,9
5,9,28079008,14,3
5,9,28079016,14,2
5,9,28079017,14,3
5,9,28079018,14,1
5,9,28079024,14,3
5,9,28079027,14,5
5,9,28079035,14,1
5,9,28079039,14,1
5,9,28079049,14,1
5,9,28079054,14,3
5,9,28079056,14,3
5,9,28079058,14,1
5,9,28079059,14,3
5,9,28079060,14,1
5,9,28079008,20,9.4
5,9,28079011,20,7
5,9,28079018,20,2.6
5,9,28079024,20,3.5
5,9,28079038,20,13.1
5,9,28079055,20,3.2
5,9,28079008,30,3.1
5,9,28079011,30,3.1
5,9,28079018,30,0.7
5,9,28079024,30,1.3
5,9,28079038,30,2.6
5,9,28079055,30,2
5,9,28079008,35,2.5
5,9,28079011,35,1
5,9,28079018,35,1
5,9,28079024,35,0.7
5,9,28079038,35,2.2
5,9,28079055,35,0.7
5,9,28079024,42,1.62
5,9,28079027,42,1.88
5,9,28079055,42,2.27
5,9,28079024,44,0.36
5,9,28079027,44,0.28
5,9,28079055,44,0.31
6,1,28079004,01,7
6,1,28079008,01,22
6,1,28079017,01,12
6,1,28079018,01,9
6,1,28079024,01,3
6,1,28079035,01,13
6,1,28079036,01,10
6,1,28079038,01,12
6,1,28079040,01,18
6,1,28079057,01,9
6,1,28079004,06,0.9
6,1,28079008,06,1.7
6,1,28079016,06,0.9
6,1,28079018,06,0.8
6,1,28079024,06,0.6
6,1,28079035,06,1.2
6,1,28079036,06,1.5
6,1,28079039,06,1.8
6,1,28079056,06,0.8
6,1,28079057,06,0.9
6,1,28079004,07,183
6,1,28079008,07,347
6,1,28079011,07,167
6,1,28079016,07,143
6,1,28079017,07,413
6,1,28079018,07,103
6,1,28079024,07,83
6,1,28079027,07,114
6,1,28079035,07,211
6,1,28079036,07,312
6,1,28079038,07,292
6,1,28079039,07,418
6,1,28079040,07,411
6,1,28079047,07,166
6,1,28079048,07,153
6,1,28079049,07,365
6,1,28079050,07,162
6,1,28079054,07,171
6,1,28079055,07,165
6,1,28079056,07,174
6,1,28079057,07,137
6,1,28079058,07,41
6,1,28079059,07,84
6,1,28079060,07,179
6,1,28079004,08,74
6,1,28079008,08,129
6,1,28079011,08,108
6,1,28079016,08,90
6,1,28079017,08,140
6,1,28079018,08,64
6,1,28079024,08,54
6,1,28079027,08,70
6,1,28079035,08,93
6,1,28079036,08,140
6,1,28079038,08,124
6,1,28079039,08,169
6,1,28079040,08,164
6,1,28079047,08,72
6,1,28079048,08,103
6,1,28079049,08,87
6,1,28079050,08,103
6,1,28079054,08,76
6,1,28079055,08,89
6,1,28079056,08,94
6,1,28079057,08,94
6,1,28079058,08,34
6,1,28079059,08,45
6,1,28079060,08,114
6,1,28079008,09,48
6,1,28079024,09,20
6,1,28079038,09,31
6,1,28079047,09,24
6,1,28079048,09,29
6,1,28079050,09,29
6,1,28079008,10,27
6,1,28079018,10,23
6,1,28079024,10,19
6,1,28079036,10,50
6,1,28079038,10,43
6,1,28079040,10,68
6,1,28079047,10,29
6,1,28079048,10,35
6,1,28079050,10,41
6,1,28079055,10,31
6,1,28079057,10,31
6,1,28079060,10,30
6,1,28079008,14,4
6,1,28079016,14,2
6,1,28079017,14,3
6,1,28079018,14,1
6,1,28079024,14,3
6,1,28079027,14,7
6,1,28079035,14,1
6,1,28079039,14,2
6,1,28079049,14,1
6,1,28079054,14,3
6,1,28079056,14,3
6,1,28079058,14,2
6,1,28079059,14,3
6,1,28079060,14,2
6,1,28079008,20,17.7
6,1,28079011,20,13.2
6,1,28079018,20,3.8
6,1,28079024,20,4.6
6,1,28079038,20,15.8
6,1,28079055,20,6.4
6,1,28079008,30,5.9
6,1,28079011,30,5.2
6,1,28079018,30,1
6,1,28079024,30,1.8
6,1,28079038,30,3.8
6,1,28079055,30,2.5
6,1,28079008,35,7
6,1,28079011,35,3.8
6,1,28079018,35,0.3
6,1,28079024,35,0.8
6,1,28079038,35,3
6,1,28079055,35,1.3
6,1,28079024,42,1.66
6,1,28079027,42,2.12
6,1,28079055,42,2.53
6,1,28079024,44,0.37
6,1,28079027,44,0.3
6,1,28079055,44,0.41
6,10,28079004,01,6
6,10,28079008,01,11
6,10,28079017,01,10
6,10,28079018,01,8
6,10,28079024,01,3
6,10,28079035,01,9
6,10,28079036,01,4
6,10,28079038,01,7
6,10,28079040,01,4
6,10,28079057,01,3
6,10,28079004,06,0.7
6,10,28079008,06,0.6
6,10,28079016,06,0.5
6,10,28079018,06,0.7
6,10,28079024,06,0.5
6,10,28079035,06,0.8
6,10,28079036,06,0.5
6,10,28079039,06,1
6,10,28079056,06,0.8
6,10,28079057,06,0.3
6,10,28079004,07,136
6,10,28079008,07,80
6,10,28079011,07,39
6,10,28079016,07,68
6,10,28079017,07,329
6,10,28079018,07,65
6,10,28079024,07,64
6,10,28079027,07,72
6,10,28079035,07,117
6,10,28079036,07,101
6,10,28079038,07,43
6,10,28079039,07,221
6,10,28079040,07,36
6,10,28079047,07,85
6,10,28079048,07,29
6,10,28079049,07,79
6,10,28079050,07,33
6,10,28079054,07,35
6,10,28079055,07,136
6,10,28079056,07,168
6,10,28079057,07,12
6,10,28079058,07,73
6,10,28079059,07,17
6,10,28079060,07,34
6,10,28079004,08,50
6,10,28079008,08,45
6,10,28079011,08,47
6,10,28079016,08,52
6,10,28079017,08,85
6,10,28079018,08,42
6,10,28079024,08,28
6,10,28079027,08,53
6,10,28079035,08,55
6,10,28079036,08,49
6,10,28079038,08,51
6,10,28079039,08,74
6,10,28079040,08,43
6,10,28079047,08,40
6,10,28079048,08,44
6,10,28079049,08,33
6,10,28079050,08,44
6,10,28079054,08,26
6,10,28079055,08,65
6,10,28079056,08,75
6,10,28079057,08,30
6,10,28079058,08,28
6,10,28079059,08,21
6,10,28079060,08,42
6,10,28079008,09,18
6,10,28079024,09,19
6,10,28079038,09,17
6,10,28079047,09,20
6,10,28079048,09,9
6,10,28079050,09,12
6,10,28079008,10,11
6,10,28079018,10,23
6,10,28079024,10,20
6,10,28079036,10,22
6,10,28079038,10,16
6,10,28079040,10,16
6,10,28079047,10,22
6,10,28079048,10,27
6,10,28079050,10,16
6,10,28079055,10,25
6,10,28079057,10,12
6,10,28079060,10,23
6,10,28079008,14,4
6,10,28079016,14,3
6,10,28079017,14,3
6,10,28079018,14,2
6,10,28079024,14,4
6,10,28079027,14,7
6,10,28079035,14,1
6,10,28079039,14,2
6,10,28079049,14,1
6,10,28079054,14,6
6,10,28079056,14,3
6,10,28079058,14,2
6,10,28079059,14,9
6,10,28079060,14,5
6,10,28079008,20,6.7
6,10,28079011,20,5.8
6,10,28079018,20,3.1
6,10,28079024,20,3.9
6,10,28079038,20,6.3
6,10,28079055,20,4.8
6,10,28079008,30,2.6
6,10,28079011,30,3
6,10,28079018,30,1
6,10,28079024,30,1.5
6,10,28079038,30,1.5
6,10,28079055,30,2
6,10,28079008,35,1.4
6,10,28079011,35,0.7
6,10,28079018,35,0.3
6,10,28079024,35,0.7
6,10,28079038,35,1.1
6,10,28079055,35,1.3
6,10,28079024,42,1.79
6,10,28079027,42,1.76
6,10,28079055,42,2.36
6,10,28079024,44,0.4
6,10,28079027,44,0.23
6,10,28079055,44,0.4
6,11,28079004,01,7
6,11,28079008,01,18
6,11,28079017,01,5
6,11,28079018,01,10
6,11,28079024,01,3
6,11,28079035,01,12
6,11,28079036,01,9
6,11,28079038,01,10
6,11,28079040,01,5
6,11,28079057,01,4
6,11,28079004,06,0.6
6,11,28079008,06,0.6
6,11,28079016,06,0.5
6,11,28079018,06,0.8
6,11,28079024,06,0.5
6,11,28079035,06,0.8
6,11,28079036,06,0.6
6,11,28079039,06,0.7
6,11,28079056,06,0.7
6,11,28079057,06,0.4
6,11,28079004,07,130
6,11,28079008,07,87
6,11,28079011,07,28
6,11,28079016,07,54
6,11,28079017,07,115
6,11,28079018,07,89
6,11,28079024,07,69
6,11,28079027,07,64
6,11,28079035,07,115
6,11,28079036,07,76
6,11,28079038,07,52
6,11,28079039,07,124
6,11,28079040,07,41
6,11,28079047,07,110
6,11,28079048,07,34
6,11,28079049,07,91
6,11,28079050,07,21
6,11,28079054,07,43
6,11,28079055,07,60
6,11,28079056,07,166
6,11,28079057,07,18
6,11,28079058,07,66
6,11,28079059,07,76
6,11,28079060,07,24
6,11,28079004,08,55
6,11,28079008,08,51
6,11,28079011,08,40
6,11,28079016,08,47
6,11,28079017,08,66
6,11,28079018,08,50
6,11,28079024,08,24
6,11,28079027,08,54
6,11,28079035,08,56
6,11,28079036,08,48
6,11,28079038,08,50
6,11,28079039,08,62
6,11,28079040,08,43
6,11,28079047,08,50
6,11,28079048,08,42
6,11,28079049,08,43
6,11,28079050,08,34
6,11,28079054,08,26
6,11,28079055,08,51
6,11,28079056,08,77
6,11,28079057,08,29
6,11,28079058,08,33
6,11,28079059,08,17
6,11,28079060,08,37
6,11,28079008,09,18
6,11,28079024,09,26
6,11,28079038,09,18
6,11,28079047,09,23
6,11,28079048,09,7
6,11,28079050,09,11
6,11,28079008,10,14
6,11,28079018,10,24
6,11,28079024,10,29
6,11,28079036,10,29
6,11,28079038,10,17
6,11,28079040,10,16
6,11,28079047,10,28
6,11,28079048,10,9
6,11,28079050,10,15
6,11,28079055,10,20
6,11,28079057,10,18
6,11,28079060,10,26
6,11,28079008,14,6
6,11,28079016,14,6
6,11,28079017,14,5
6,11,28079018,14,4
6,11,28079024,14,5
6,11,28079027,14,11
6,11,28079035,14,2
6,11,28079039,14,2
6,11,28079049,14,1
6,11,28079054,14,11
6,11,28079056,14,5
6,11,28079058,14,4
6,11,28079059,14,8
6,11,28079060,14,12
6,11,28079008,20,6.7
6,11,28079011,20,5.6
6,11,28079018,20,3.2
6,11,28079024,20,4.1
6,11,28079038,20,4.8
6,11,28079055,20,3.5
6,11,28079008,30,2.4
6,11,28079011,30,2.6
6,11,28079018,30,0.9
6,11,28079024,30,1.6
6,11,28079038,30,1.3
6,11,28079055,30,1.6
6,11,28079008,35,1.7
6,11,28079011,35,0.6
6,11,28079018,35,0.2
6,11,28079024,35,0.6
6,11,28079038,35,0.7
6,11,28079055,35,1
6,11,28079024,42,1.81
6,11,28079027,42,1.67
6,11,28079055,42,1.95
6,11,28079024,44,0.41
6,11,28079027,44,0.24
6,11,28079055,44,0.28
6,12,28079004,01,12
6,12,28079008,01,29
6,12,28079017,01,5
6,12,28079018,01,14
6,12,28079024,01,6
6,12,28079035,01,16
6,12,28079036,01,7
6,12,28079038,01,14
6,12,28079040,01,8
6,12,28079057,01,5
6,12,28079004,06,0.8
6,12,28079008,06,0.7
6,12,28079016,06,0.5
6,12,28079018,06,0.8
6,12,28079024,06,0.6
6,12,28079035,06,0.9
6,12,28079036,06,0.4
6,12,28079039,06,0.8
6,12,28079056,06,0.6
6,12,28079057,06,0.4
6,12,28079004,07,140
6,12,28079008,07,84
6,12,28079011,07,39
6,12,28079016,07,36
6,12,28079017,07,55
6,12,28079018,07,91
6,12,28079024,07,91
6,12,28079027,07,49
6,12,28079035,07,125
6,12,28079036,07,53
6,12,28079038,07,108
6,12,28079039,07,120
6,12,28079040,07,55
6,12,28079047,07,127
6,12,28079048,07,47
6,12,28079049,07,54
6,12,28079050,07,36
6,12,28079054,07,43
6,12,28079055,07,58
6,12,28079056,07,115
6,12,28079057,07,20
6,12,28079058,07,50
6,12,28079059,07,47
6,12,28079060,07,16
6,12,28079004,08,68
6,12,28079008,08,56
6,12,28079011,08,47
6,12,28079016,08,38
6,12,28079017,08,50
6,12,28079018,08,65
6,12,28079024,08,45
6,12,28079027,08,46
6,12,28079035,08,64
6,12,28079036,08,39
6,12,28079038,08,61
6,12,28079039,08,71
6,12,28079040,08,52
6,12,28079047,08,59
6,12,28079048,08,47
6,12,28079049,08,51
6,12,28079050,08,42
6,12,28079054,08,30
6,12,28079055,08,58
6,12,28079056,08,68
6,12,28079057,08,27
6,12,28079058,08,40
6,12,28079059,08,27
6,12,28079060,08,30
6,12,28079008,09,22
6,12,28079024,09,23
6,12,28079038,09,23
6,12,28079047,09,25
6,12,28079048,09,6
6,12,28079050,09,10
6,12,28079008,10,13
6,12,28079018,10,30
6,12,28079024,10,26
6,12,28079036,10,24
6,12,28079038,10,23
6,12,28079040,10,23
6,12,28079047,10,34
6,12,28079048,10,20
6,12,28079050,10,21
6,12,28079055,10,24
6,12,28079057,10,24
6,12,28079060,10,9
6,12,28079008,14,9
6,12,28079016,14,11
6,12,28079017,14,9
6,12,28079018,14,6
6,12,28079024,14,8
6,12,28079027,14,16
6,12,28079035,14,3
6,12,28079039,14,3
6,12,28079049,14,4
6,12,28079054,14,14
6,12,28079056,14,7
6,12,28079058,14,9
6,12,28079059,14,14
6,12,28079060,14,20
6,12,28079008,20,6.6
6,12,28079011,20,5
6,12,28079018,20,3.9
6,12,28079024,20,4.1
6,12,28079038,20,5.7
6,12,28079055,20,3
6,12,28079008,30,2.5
6,12,28079011,30,2.3
6,12,28079018,30,1
6,12,28079024,30,1.5
6,12,28079038,30,1.6
6,12,28079055,30,1.3
6,12,28079008,35,1.6
6,12,28079011,35,0.4
6,12,28079018,35,0.3
6,12,28079024,35,0.7
6,12,28079038,35,0.9
6,12,28079055,35,0.7
6,12,28079024,42,1.87
6,12,28079027,42,1.81
6,12,28079055,42,2.01
6,12,28079024,44,0.43
6,12,28079027,44,0.24
6,12,28079055,44,0.32
6,13,28079004,01,20
6,13,28079008,01,22
6,13,28079017,01,5
6,13,28079018,01,14
6,13,28079024,01,10
6,13,28079035,01,20
6,13,28079036,01,10
6,13,28079038,01,27
6,13,28079040,01,8
6,13,28079057,01,6
6,13,28079004,06,1.1
6,13,28079008,06,0.7
6,13,28079016,06,0.5
6,13,28079018,06,0.7
6,13,28079024,06,0.6
6,13,28079035,06,0.9
6,13,28079036,06,0.6
6,13,28079039,06,0.7
6,13,28079056,06,0.5
6,13,28079057,06,0.4
6,13,28079004,07,153
6,13,28079008,07,99
6,13,28079011,07,73
6,13,28079016,07,40
6,13,28079017,07,42
6,13,28079018,07,89
6,13,28079024,07,87
6,13,28079027,07,40
6,13,28079035,07,124
6,13,28079036,07,70
6,13,28079038,07,148
6,13,28079039,07,107
6,13,28079040,07,53
6,13,28079047,07,70
6,13,28079048,07,98
6,13,28079049,07,99
6,13,28079050,07,72
6,13,28079054,07,50
6,13,28079055,07,48
6,13,28079056,07,92
6,13,28079057,07,25
6,13,28079058,07,46
6,13,28079059,07,37
6,13,28079060,07,23
6,13,28079004,08,88
6,13,28079008,08,60
6,13,28079011,08,66
6,13,28079016,08,44
6,13,28079017,08,50
6,13,28079018,08,73
6,13,28079024,08,62
6,13,28079027,08,51
6,13,28079035,08,72
6,13,28079036,08,45
6,13,28079038,08,79
6,13,28079039,08,74
6,13,28079040,08,55
6,13,28079047,08,49
6,13,28079048,08,70
6,13,28079049,08,64
6,13,28079050,08,60
6,13,28079054,08,35
6,13,28079055,08,58
6,13,28079056,08,74
6,13,28079057,08,33
6,13,28079058,08,46
6,13,28079059,08,31
6,13,28079060,08,37
6,13,28079008,09,24
6,13,28079024,09,25
6,13,28079038,09,27
6,13,28079047,09,22
6,13,28079048,09,24
6,13,28079050,09,17
6,13,28079008,10,16
6,13,28079018,10,32
6,13,28079024,10,25
6,13,28079036,10,27
6,13,28079038,10,33
6,13,28079040,10,28
6,13,28079047,10,29
6,13,28079048,10,35
6,13,28079050,10,26
6,13,28079055,10,23
6,13,28079057,10,27
6,13,28079060,10,16
6,13,28079008,14,9
6,13,28079016,14,14
6,13,28079017,14,13
6,13,28079018,14,8
6,13,28079024,14,12
6,13,28079027,14,25
6,13,28079035,14,5
6,13,28079039,14,5
6,13,28079049,14,3
6,13,28079054,14,13
6,13,28079056,14,6
6,13,28079058,14,14
6,13,28079059,14,19
6,13,28079060,14,20
6,13,28079008,20,6.5
6,13,28079011,20,5.7
6,13,28079018,20,3.7
6,13,28079024,20,4.4
6,13,28079038,20,5.8
6,13,28079055,20,3.4
6,13,28079008,30,2.5
6,13,28079011,30,3
6,13,28079018,30,0.8
6,13,28079024,30,1.6
6,13,28079038,30,1.7
6,13,28079055,30,1.9
6,13,28079008,35,1.8
6,13,28079011,35,0.7
6,13,28079018,35,0.3
6,13,28079024,35,0.6
6,13,28079038,35,1
6,13,28079055,35,0.7
6,13,28079024,42,1.94
6,13,28079027,42,1.68
6,13,28079055,42,1.99
6,13,28079024,44,0.45
6,13,28079027,44,0.25
6,13,28079055,44,0.28
6,14,28079004,01,16
6,14,28079008,01,17
6,14,28079017,01,5
6,14,28079018,01,12
6,14,28079024,01,9
6,14,28079035,01,17
6,14,28079036,01,9
6,14,28079038,01,23
6,14,28079040,01,7
6,14,28079057,01,8
6,14,28079004,06,0.7
6,14,28079008,06,0.6
6,14,28079016,06,0.6
6,14,28079018,06,0.6
6,14,28079024,06,0.6
6,14,28079035,06,0.6
6,14,28079036,06,0.6
6,14,28079039,06,0.8
6,14,28079056,06,0.5
6,14,28079057,06,0.5
6,14,28079004,07,86
6,14,28079008,07,75
6,14,28079011,07,107
6,14,28079016,07,66
6,14,28079017,07,43
6,14,28079018,07,61
6,14,28079024,07,77
6,14,28079027,07,36
6,14,28079035,07,70
6,14,28079036,07,74
6,14,28079038,07,127
6,14,28079039,07,114
6,14,28079040,07,39
6,14,28079047,07,48
6,14,28079048,07,95
6,14,28079049,07,58
6,14,28079050,07,167
6,14,28079054,07,37
6,14,28079055,07,37
6,14,28079056,07,75
6,14,28079057,07,40
6,14,28079058,07,56
6,14,28079059,07,43
6,14,28079060,07,50
6,14,28079004,08,79
6,14,28079008,08,54
6,14,28079011,08,86
6,14,28079016,08,65
6,14,28079017,08,52
6,14,28079018,08,67
6,14,28079024,08,68
6,14,28079027,08,48
6,14,28079035,08,63
6,14,28079036,08,57
6,14,28079038,08,87
6,14,28079039,08,85
6,14,28079040,08,53
6,14,28079047,08,48
6,14,28079048,08,70
6,14,28079049,08,59
6,14,28079050,08,103
6,14,28079054,08,35
6,14,28079055,08,47
6,14,28079056,08,76
6,14,28079057,08,49
6,14,28079058,08,68
6,14,28079059,08,33
6,14,28079060,08,57
6,14,28079008,09,26
6,14,28079024,09,28
6,14,28079038,09,36
6,14,28079047,09,20
6,14,28079048,09,27
6,14,28079050,09,35
6,14,28079008,10,18
6,14,28079018,10,30
6,14,28079024,10,31
6,14,28079036,10,28
6,14,28079038,10,39
6,14,28079040,10,23
6,14,28079047,10,24
6,14,28079048,10,45
6,14,28079050,10,44
6,14,28079055,10,19
6,14,28079057,10,31
6,14,28079060,10,16
6,14,28079008,14,13
6,14,28079016,14,12
6,14,28079017,14,16
6,14,28079018,14,12
6,14,28079024,14,14
6,14,28079027,14,27
6,14,28079035,14,9
6,14,28079039,14,6
6,14,28079049,14,7
6,14,28079054,14,22
6,14,28079056,14,15
6,14,28079058,14,17
6,14,28079059,14,16
6,14,28079060,14,15
6,14,28079008,20,7.5
6,14,28079011,20,6.9
6,14,28079018,20,3
6,14,28079024,20,4.7
6,14,28079038,20,7.1
6,14,28079055,20,4.1
6,14,28079008,30,2.9
6,14,28079011,30,3.7
6,14,28079018,30,0.7
6,14,28079024,30,1.7
6,14,28079038,30,2.2
6,14,28079055,30,1.5
6,14,28079008,35,1.9
6,14,28079011,35,1.3
6,14,28079018,35,0.2
6,14,28079024,35,0.8
6,14,28079038,35,1.2
6,14,28079055,35,0.7
6,14,28079024,42,2.08
6,14,28079027,42,1.6
6,14,28079055,42,1.86
6,14,28079024,44,0.48
6,14,28079027,44,0.23
6,14,28079055,44,0.23
6,15,28079004,01,12
6,15,28079008,01,14
6,15,28079017,01,5
6,15,28079018,01,10
6,15,28079024,01,6
6,15,28079035,01,15
6,15,28079036,01,7
6,15,28079038,01,17
6,15,28079040,01,6
6,15,28079057,01,10
6,15,28079004,06,0.7
6,15,28079008,06,0.5
6,15,28079016,06,0.5
6,15,28079018,06,0.5
6,15,28079024,06,0.5
6,15,28079035,06,0.6
6,15,28079036,06,0.5
6,15,28079039,06,0.6
6,15,28079056,06,0.4
6,15,28079057,06,0.6
6,15,28079004,07,68
6,15,28079008,07,49
6,15,28079011,07,90
6,15,28079016,07,56
6,15,28079017,07,40
6,15,28079018,07,51
6,15,28079024,07,59
6,15,28079027,07,33
6,15,28079035,07,56
6,15,28079036,07,41
6,15,28079038,07,87
6,15,28079039,07,74
6,15,28079040,07,26
6,15,28079047,07,39
6,15,28079048,07,68
6,15,28079049,07,37
6,15,28079050,07,126
6,15,28079054,07,20
6,15,28079055,07,36
6,15,28079056,07,65
6,15,28079057,07,50
6,15,28079058,07,61
6,15,28079059,07,38
6,15,28079060,07,69
6,15,28079004,08,80
6,15,28079008,08,54
6,15,28079011,08,87
6,15,28079016,08,70
6,15,28079017,08,56
6,15,28079018,08,67
6,15,28079024,08,65
6,15,28079027,08,49
6,15,28079035,08,66
6,15,28079036,08,50
6,15,28079038,08,85
6,15,28079039,08,83
6,15,28079040,08,50
6,15,28079047,08,52
6,15,28079048,08,71
6,15,28079049,08,61
6,15,28079050,08,101
6,15,28079054,08,27
6,15,28079055,08,54
6,15,28079056,08,75
6,15,28079057,08,62
6,15,28079058,08,73
6,15,28079059,08,38
6,15,28079060,08,77
6,15,28079008,09,21
6,15,28079024,09,26
6,15,28079038,09,25
6,15,28079047,09,16
6,15,28079048,09,26
6,15,28079050,09,32
6,15,28079008,10,13
6,15,28079018,10,25
6,15,28079024,10,30
6,15,28079036,10,22
6,15,28079038,10,31
6,15,28079040,10,18
6,15,28079047,10,21
6,15,28079048,10,41
6,15,28079050,10,40
6,15,28079055,10,24
6,15,28079057,10,42
6,15,28079060,10,23
6,15,28079008,14,18
6,15,28079016,14,14
6,15,28079017,14,15
6,15,28079018,14,13
6,15,28079024,14,16
6,15,28079027,14,27
6,15,28079035,14,12
6,15,28079039,14,8
6,15,28079049,14,12
6,15,28079054,14,29
6,15,28079056,14,15
6,15,28079058,14,13
6,15,28079059,14,17
6,15,28079060,14,13
6,15,28079008,20,5.3
6,15,28079011,20,7.2
6,15,28079018,20,2.4
6,15,28079024,20,4.7
6,15,28079038,20,5.9
6,15,28079055,20,3.8
6,15,28079008,30,2.1
6,15,28079011,30,3.7
6,15,28079018,30,0.6
6,15,28079024,30,1.8
6,15,28079038,30,1.8
6,15,28079055,30,1.3
6,15,28079008,35,1.3
6,15,28079011,35,1.4
6,15,28079018,35,0.2
6,15,28079024,35,0.8
6,15,28079038,35,1
6,15,28079055,35,0.7
6,15,28079024,42,1.95
6,15,28079027,42,1.61
6,15,28079055,42,1.88
6,15,28079024,44,0.44
6,15,28079027,44,0.23
6,15,28079055,44,0.22
6,16,28079004,01,10
6,16,28079008,01,13
6,16,28079017,01,5
6,16,28079018,01,9
6,16,28079024,01,5
6,16,28079035,01,13
6,16,28079036,01,7
6,16,28079038,01,13
6,16,28079040,01,6
6,16,28079057,01,10
6,16,28079004,06,0.6
6,16,28079008,06,0.4
6,16,28079016,06,0.5
6,16,28079018,06,0.5
6,16,28079024,06,0.5
6,16,28079035,06,0.6
6,16,28079036,06,0.4
6,16,28079039,06,0.5
6,16,28079056,06,0.4
6,16,28079057,06,0.6
6,16,28079004,07,63
6,16,28079008,07,51
6,16,28079011,07,78
6,16,28079016,07,55
6,16,28079017,07,33
6,16,28079018,07,45
6,16,28079024,07,51
6,16,28079027,07,25
6,16,28079035,07,55
6,16,28079036,07,34
6,16,28079038,07,68
6,16,28079039,07,60
6,16,28079040,07,25
6,16,28079047,07,37
6,16,28079048,07,62
6,16,28079049,07,42
6,16,28079050,07,93
6,16,28079054,07,13
6,16,28079055,07,23
6,16,28079056,07,65
6,16,28079057,07,46
6,16,28079058,07,56
6,16,28079059,07,42
6,16,28079060,07,54
6,16,28079004,08,79
6,16,28079008,08,58
6,16,28079011,08,86
6,16,28079016,08,77
6,16,28079017,08,58
6,16,28079018,08,68
6,16,28079024,08,63
6,16,28079027,08,50
6,16,28079035,08,66
6,16,28079036,08,48
6,16,28079038,08,81
6,16,28079039,08,82
6,16,28079040,08,56
6,16,28079047,08,53
6,16,28079048,08,72
6,16,28079049,08,65
6,16,28079050,08,91
6,16,28079054,08,26
6,16,28079055,08,52
6,16,28079056,08,76
6,16,28079057,08,64
6,16,28079058,08,81
6,16,28079059,08,45
6,16,28079060,08,74
6,16,28079008,09,22
6,16,28079024,09,23
6,16,28079038,09,25
6,16,28079047,09,17
6,16,28079048,09,23
6,16,28079050,09,32
6,16,28079008,10,13
6,16,28079018,10,24
6,16,28079024,10,27
6,16,28079036,10,18
6,16,28079038,10,29
6,16,28079040,10,18
6,16,28079047,10,20
6,16,28079048,10,37
6,16,28079050,10,44
6,16,28079055,10,22
6,16,28079057,10,41
6,16,28079060,10,35
6,16,28079008,14,14
6,16,28079016,14,12
6,16,28079017,14,16
6,16,28079018,14,12
6,16,28079024,14,15
6,16,28079027,14,30
6,16,28079035,14,7
6,16,28079039,14,8
6,16,28079049,14,9
6,16,28079054,14,33
6,16,28079056,14,13
6,16,28079058,14,13
6,16,28079059,14,15
6,16,28079060,14,13
6,16,28079008,20,5.3
6,16,28079011,20,7.3
6,16,28079018,20,2
6,16,28079024,20,4.4
6,16,28079038,20,5.3
6,16,28079055,20,3.1
6,16,28079008,30,2.1
6,16,28079011,30,3.7
6,16,28079018,30,0.6
6,16,28079024,30,1.8
6,16,28079038,30,1.6
6,16,28079055,30,1.1
6,16,28079008,35,1
6,16,28079011,35,1.4
6,16,28079018,35,0.2
6,16,28079024,35,0.6
6,16,28079038,35,0.9
6,16,28079055,35,0.5
6,16,28079024,42,2.23
6,16,28079027,42,2.64
6,16,28079055,42,3.21
6,16,28079024,44,0.47
6,16,28079027,44,0.29
6,16,28079055,44,0.29
6,17,28079004,01,9
6,17,28079008,01,11
6,17,28079017,01,5
6,17,28079018,01,9
6,17,28079024,01,4
6,17,28079035,01,11
6,17,28079036,01,5
6,17,28079038,01,12
6,17,28079040,01,6
6,17,28079057,01,11
6,17,28079004,06,0.6
6,17,28079008,06,0.5
6,17,28079016,06,0.5
6,17,28079018,06,0.5
6,17,28079024,06,0.4
6,17,28079035,06,0.5
6,17,28079036,06,0.4
6,17,28079039,06,0.6
6,17,28079056,06,0.4
6,17,28079057,06,0.6
6,17,28079004,07,56
6,17,28079008,07,43
6,17,28079011,07,58
6,17,28079016,07,53
6,17,28079017,07,23
6,17,28079018,07,27
6,17,28079024,07,35
6,17,28079027,07,33
6,17,28079035,07,43
6,17,28079036,07,36
6,17,28079038,07,54
6,17,28079039,07,60
6,17,28079040,07,21
6,17,28079047,07,25
6,17,28079048,07,58
6,17,28079049,07,30
6,17,28079050,07,83
6,17,28079054,07,12
6,17,28079055,07,32
6,17,28079056,07,54
6,17,28079057,07,51
6,17,28079058,07,54
6,17,28079059,07,48
6,17,28079060,07,42
6,17,28079004,08,78
6,17,28079008,08,57
6,17,28079011,08,79
6,17,28079016,08,78
6,17,28079017,08,55
6,17,28079018,08,65
6,17,28079024,08,61
6,17,28079027,08,65
6,17,28079035,08,65
6,17,28079036,08,51
6,17,28079038,08,77
6,17,28079039,08,85
6,17,28079040,08,56
6,17,28079047,08,52
6,17,28079048,08,72
6,17,28079049,08,62
6,17,28079050,08,89
6,17,28079054,08,28
6,17,28079055,08,66
6,17,28079056,08,73
6,17,28079057,08,76
6,17,28079058,08,89
6,17,28079059,08,53
6,17,28079060,08,74
6,17,28079008,09,20
6,17,28079024,09,21
6,17,28079038,09,20
6,17,28079047,09,17
6,17,28079048,09,25
6,17,28079050,09,28
6,17,28079008,10,12
6,17,28079018,10,23
6,17,28079024,10,24
6,17,28079036,10,25
6,17,28079038,10,25
6,17,28079040,10,20
6,17,28079047,10,20
6,17,28079048,10,36
6,17,28079050,10,42
6,17,28079055,10,22
6,17,28079057,10,23
6,17,28079060,10,30
6,17,28079008,14,12
6,17,28079016,14,8
6,17,28079017,14,16
6,17,28079018,14,12
6,17,28079024,14,18
6,17,28079027,14,21
6,17,28079035,14,9
6,17,28079039,14,6
6,17,28079049,14,8
6,17,28079054,14,30
6,17,28079056,14,13
6,17,28079058,14,10
6,17,28079059,14,9
6,17,28079060,14,11
6,17,28079008,20,5.2
6,17,28079011,20,7.7
6,17,28079018,20,1.9
6,17,28079024,20,3.6
6,17,28079038,20,4.8
6,17,28079055,20,3
6,17,28079008,30,1.9
6,17,28079011,30,4.1
6,17,28079018,30,0.5
6,17,28079024,30,1.6
6,17,28079038,30,1.4
6,17,28079055,30,1.1
6,17,28079008,35,1.2
6,17,28079011,35,1.7
6,17,28079018,35,0.1
6,17,28079024,35,0.6
6,17,28079038,35,0.8
6,17,28079055,35,0.5
6,17,28079024,42,2.34
6,17,28079027,42,2.13
6,17,28079055,42,2.68
6,17,28079024,44,0.48
6,17,28079027,44,0.27
6,17,28079055,44,0.27
6,18,28079004,01,9
6,18,28079008,01,11
6,18,28079017,01,5
6,18,28079018,01,8
6,18,28079024,01,3
6,18,28079035,01,10
6,18,28079036,01,5
6,18,28079038,01,9
6,18,28079040,01,5
6,18,28079057,01,10
6,18,28079004,06,0.7
6,18,28079008,06,0.5
6,18,28079016,06,0.5
6,18,28079018,06,0.5
6,18,28079024,06,0.3
6,18,28079035,06,0.5
6,18,28079036,06,0.5
6,18,28079039,06,0.6
6,18,28079056,06,0.4
6,18,28079057,06,0.5
6,18,28079004,07,74
6,18,28079008,07,44
6,18,28079011,07,49
6,18,28079016,07,37
6,18,28079017,07,36
6,18,28079018,07,14
6,18,28079024,07,4
6,18,28079027,07,22
6,18,28079035,07,26
6,18,28079036,07,50
6,18,28079038,07,38
6,18,28079039,07,44
6,18,28079040,07,14
6,18,28079047,07,18
6,18,28079048,07,36
6,18,28079049,07,15
6,18,28079050,07,68
6,18,28079054,07,8
6,18,28079055,07,26
6,18,28079056,07,51
6,18,28079057,07,39
6,18,28079058,07,54
6,18,28079059,07,29
6,18,28079060,07,26
6,18,28079004,08,87
6,18,28079008,08,63
6,18,28079011,08,75
6,18,28079016,08,76
6,18,28079017,08,67
6,18,28079018,08,56
6,18,28079024,08,35
6,18,28079027,08,66
6,18,28079035,08,63
6,18,28079036,08,48
6,18,28079038,08,76
6,18,28079039,08,83
6,18,28079040,08,60
6,18,28079047,08,57
6,18,28079048,08,68
6,18,28079049,08,54
6,18,28079050,08,88
6,18,28079054,08,33
6,18,28079055,08,67
6,18,28079056,08,73
6,18,28079057,08,78
6,18,28079058,08,78
6,18,28079059,08,52
6,18,28079060,08,72
6,18,28079008,09,21
6,18,28079024,09,14
6,18,28079038,09,17
6,18,28079047,09,18
6,18,28079048,09,28
6,18,28079050,09,25
6,18,28079008,10,14
6,18,28079018,10,16
6,18,28079024,10,17
6,18,28079036,10,24
6,18,28079038,10,24
6,18,28079040,10,20
6,18,28079047,10,21
6,18,28079048,10,35
6,18,28079050,10,39
6,18,28079055,10,22
6,18,28079057,10,33
6,18,28079060,10,28
6,18,28079008,14,8
6,18,28079016,14,6
6,18,28079017,14,12
6,18,28079018,14,16
6,18,28079024,14,29
6,18,28079027,14,13
6,18,28079035,14,8
6,18,28079039,14,4
6,18,28079049,14,3
6,18,28079054,14,27
6,18,28079056,14,12
6,18,28079058,14,6
6,18,28079059,14,4
6,18,28079060,14,7
6,18,28079008,20,5.7
6,18,28079011,20,6.7
6,18,28079018,20,1.5
6,18,28079024,20,3.3
6,18,28079038,20,4.3
6,18,28079055,20,3.4
6,18,28079008,30,2.2
6,18,28079011,30,3.4
6,18,28079018,30,0.5
6,18,28079024,30,1.5
6,18,28079038,30,1.3
6,18,28079055,30,1.1
6,18,28079008,35,1.2
6,18,28079011,35,1.1
6,18,28079018,35,0.6
6,18,28079024,35,0.5
6,18,28079038,35,0.7
6,18,28079055,35,0.6
6,18,28079024,42,1.59
6,18,28079027,42,2.22
6,18,28079055,42,2.44
6,18,28079024,44,0.31
6,18,28079027,44,0.26
6,18,28079055,44,0.25
6,19,28079004,01,10
6,19,28079008,01,11
6,19,28079017,01,8
6,19,28079018,01,9
6,19,28079024,01,2
6,19,28079035,01,9
6,19,28079036,01,8
6,19,28079038,01,11
6,19,28079040,01,5
6,19,28079057,01,10
6,19,28079004,06,0.7
6,19,28079008,06,0.5
6,19,28079016,06,0.7
6,19,28079018,06,0.8
6,19,28079024,06,0.3
6,19,28079035,06,0.6
6,19,28079036,06,0.9
6,19,28079039,06,0.5
6,19,28079056,06,0.9
6,19,28079057,06,0.6
6,19,28079004,07,150
6,19,28079008,07,63
6,19,28079011,07,74
6,19,28079016,07,54
6,19,28079017,07,189
6,19,28079018,07,33
6,19,28079024,07,1
6,19,28079027,07,33
6,19,28079035,07,19
6,19,28079036,07,104
6,19,28079038,07,58
6,19,28079039,07,30
6,19,28079040,07,27
6,19,28079047,07,30
6,19,28079048,07,50
6,19,28079049,07,21
6,19,28079050,07,89
6,19,28079054,07,11
6,19,28079055,07,54
6,19,28079056,07,217
6,19,28079057,07,66
6,19,28079058,07,64
6,19,28079059,07,63
6,19,28079060,07,50
6,19,28079004,08,99
6,19,28079008,08,75
6,19,28079011,08,88
6,19,28079016,08,83
6,19,28079017,08,108
6,19,28079018,08,79
6,19,28079024,08,42
6,19,28079027,08,77
6,19,28079035,08,66
6,19,28079036,08,67
6,19,28079038,08,87
6,19,28079039,08,82
6,19,28079040,08,70
6,19,28079047,08,68
6,19,28079048,08,80
6,19,28079049,08,54
6,19,28079050,08,95
6,19,28079054,08,44
6,19,28079055,08,78
6,19,28079056,08,128
6,19,28079057,08,92
6,19,28079058,08,68
6,19,28079059,08,61
6,19,28079060,08,82
6,19,28079008,09,22
6,19,28079024,09,16
6,19,28079038,09,20
6,19,28079047,09,20
6,19,28079048,09,15
6,19,28079050,09,23
6,19,28079008,10,16
6,19,28079018,10,23
6,19,28079024,10,18
6,19,28079036,10,35
6,19,28079038,10,24
6,19,28079040,10,23
6,19,28079047,10,23
6,19,28079048,10,19
6,19,28079050,10,39
6,19,28079055,10,24
6,19,28079057,10,29
6,19,28079060,10,23
6,19,28079008,14,4
6,19,28079016,14,3
6,19,28079017,14,3
6,19,28079018,14,3
6,19,28079024,14,19
6,19,28079027,14,8
6,19,28079035,14,6
6,19,28079039,14,2
6,19,28079049,14,1
6,19,28079054,14,17
6,19,28079056,14,3
6,19,28079058,14,3
6,19,28079059,14,2
6,19,28079060,14,1
6,19,28079008,20,5.2
6,19,28079011,20,7.1
6,19,28079018,20,2
6,19,28079024,20,2
6,19,28079038,20,3.1
6,19,28079055,20,3.4
6,19,28079008,30,2.2
6,19,28079011,30,3.6
6,19,28079018,30,0.6
6,19,28079024,30,1.2
6,19,28079038,30,1.3
6,19,28079055,30,1.4
6,19,28079008,35,1.5
6,19,28079011,35,1.4
6,19,28079018,35,0.4
6,19,28079024,35,0.5
6,19,28079038,35,0.5
6,19,28079055,35,0.6
6,19,28079024,42,1.59
6,19,28079027,42,1.65
6,19,28079055,42,1.93
6,19,28079024,44,0.32
6,19,28079027,44,0.23
6,19,28079055,44,0.22
6,2,28079004,01,8
6,2,28079008,01,18
6,2,28079017,01,11
6,2,28079018,01,10
6,2,28079024,01,4
6,2,28079035,01,11
6,2,28079036,01,7
6,2,28079038,01,12
6,2,28079040,01,10
6,2,28079057,01,7
6,2,28079004,06,0.9
6,2,28079008,06,1.3
6,2,28079016,06,1.1
6,2,28079018,06,0.9
6,2,28079024,06,0.7
6,2,28079035,06,1
6,2,28079036,06,1.1
6,2,28079039,06,1.1
6,2,28079056,06,0.9
6,2,28079057,06,0.7
6,2,28079004,07,214
6,2,28079008,07,272
6,2,28079011,07,135
6,2,28079016,07,163
6,2,28079017,07,382
6,2,28079018,07,130
6,2,28079024,07,100
6,2,28079027,07,106
6,2,28079035,07,166
6,2,28079036,07,222
6,2,28079038,07,306
6,2,28079039,07,231
6,2,28079040,07,142
6,2,28079047,07,136
6,2,28079048,07,111
6,2,28079049,07,311
6,2,28079050,07,108
6,2,28079054,07,125
6,2,28079055,07,132
6,2,28079056,07,193
6,2,28079057,07,84
6,2,28079058,07,42
6,2,28079059,07,76
6,2,28079060,07,103
6,2,28079004,08,70
6,2,28079008,08,110
6,2,28079011,08,93
6,2,28079016,08,91
6,2,28079017,08,130
6,2,28079018,08,67
6,2,28079024,08,57
6,2,28079027,08,68
6,2,28079035,08,82
6,2,28079036,08,116
6,2,28079038,08,117
6,2,28079039,08,105
6,2,28079040,08,97
6,2,28079047,08,62
6,2,28079048,08,86
6,2,28079049,08,84
6,2,28079050,08,82
6,2,28079054,08,62
6,2,28079055,08,73
6,2,28079056,08,94
6,2,28079057,08,73
6,2,28079058,08,31
6,2,28079059,08,40
6,2,28079060,08,85
6,2,28079008,09,39
6,2,28079024,09,24
6,2,28079038,09,31
6,2,28079047,09,21
6,2,28079048,09,21
6,2,28079050,09,25
6,2,28079008,10,22
6,2,28079018,10,26
6,2,28079024,10,24
6,2,28079036,10,35
6,2,28079038,10,46
6,2,28079040,10,34
6,2,28079047,10,25
6,2,28079048,10,25
6,2,28079050,10,34
6,2,28079055,10,25
6,2,28079057,10,23
6,2,28079060,10,24
6,2,28079008,14,3
6,2,28079016,14,3
6,2,28079017,14,3
6,2,28079018,14,1
6,2,28079024,14,3
6,2,28079027,14,7
6,2,28079035,14,1
6,2,28079039,14,2
6,2,28079049,14,1
6,2,28079054,14,3
6,2,28079056,14,3
6,2,28079058,14,2
6,2,28079059,14,3
6,2,28079060,14,1
6,2,28079008,20,15.6
6,2,28079011,20,11.5
6,2,28079018,20,4.7
6,2,28079024,20,4.4
6,2,28079038,20,18.1
6,2,28079055,20,6.6
6,2,28079008,30,5.2
6,2,28079011,30,4.9
6,2,28079018,30,1.2
6,2,28079024,30,1.9
6,2,28079038,30,4.2
6,2,28079055,30,2.3
6,2,28079008,35,6
6,2,28079011,35,3.2
6,2,28079018,35,0.3
6,2,28079024,35,0.7
6,2,28079038,35,3
6,2,28079055,35,1.2
6,2,28079024,42,1.69
6,2,28079027,42,1.94
6,2,28079055,42,2.55
6,2,28079024,44,0.39
6,2,28079027,44,0.28
6,2,28079055,44,0.42
6,20,28079004,01,10
6,20,28079008,01,13
6,20,28079017,01,10
6,20,28079018,01,11
6,20,28079024,01,2
6,20,28079035,01,11
6,20,28079036,01,9
6,20,28079038,01,16
6,20,28079040,01,6
6,20,28079057,01,10
6,20,28079004,06,1
6,20,28079008,06,0.7
6,20,28079016,06,0.8
6,20,28079018,06,1.3
6,20,28079024,06,0.4
6,20,28079035,06,0.7
6,20,28079036,06,1
6,20,28079039,06,1
6,20,28079056,06,1.6
6,20,28079057,06,0.9
6,20,28079004,07,190
6,20,28079008,07,103
6,20,28079011,07,206
6,20,28079016,07,92
6,20,28079017,07,306
6,20,28079018,07,114
6,20,28079024,07,7
6,20,28079027,07,70
6,20,28079035,07,53
6,20,28079036,07,110
6,20,28079038,07,168
6,20,28079039,07,124
6,20,28079040,07,82
6,20,28079047,07,215
6,20,28079048,07,80
6,20,28079049,07,36
6,20,28079050,07,120
6,20,28079054,07,220
6,20,28079055,07,82
6,20,28079056,07,443
6,20,28079057,07,114
6,20,28079058,07,38
6,20,28079059,07,77
6,20,28079060,07,94
6,20,28079004,08,113
6,20,28079008,08,84
6,20,28079011,08,127
6,20,28079016,08,93
6,20,28079017,08,133
6,20,28079018,08,112
6,20,28079024,08,61
6,20,28079027,08,87
6,20,28079035,08,81
6,20,28079036,08,62
6,20,28079038,08,125
6,20,28079039,08,105
6,20,28079040,08,92
6,20,28079047,08,113
6,20,28079048,08,84
6,20,28079049,08,57
6,20,28079050,08,106
6,20,28079054,08,100
6,20,28079055,08,81
6,20,28079056,08,209
6,20,28079057,08,111
6,20,28079058,08,58
6,20,28079059,08,62
6,20,28079060,08,86
6,20,28079008,09,24
6,20,28079024,09,18
6,20,28079038,09,27
6,20,28079047,09,29
6,20,28079048,09,27
6,20,28079050,09,26
6,20,28079008,10,15
6,20,28079018,10,38
6,20,28079024,10,18
6,20,28079036,10,24
6,20,28079038,10,36
6,20,28079040,10,27
6,20,28079047,10,39
6,20,28079048,10,40
6,20,28079050,10,42
6,20,28079055,10,25
6,20,28079057,10,30
6,20,28079060,10,18
6,20,28079008,14,4
6,20,28079016,14,3
6,20,28079017,14,3
6,20,28079018,14,2
6,20,28079024,14,5
6,20,28079027,14,8
6,20,28079035,14,2
6,20,28079039,14,2
6,20,28079049,14,1
6,20,28079054,14,4
6,20,28079056,14,3
6,20,28079058,14,2
6,20,28079059,14,2
6,20,28079060,14,1
6,20,28079008,20,6.4
6,20,28079011,20,7.8
6,20,28079018,20,4.7
6,20,28079024,20,1.9
6,20,28079038,20,8.5
6,20,28079055,20,4.2
6,20,28079008,30,2.9
6,20,28079011,30,4
6,20,28079018,30,1.3
6,20,28079024,30,1.2
6,20,28079038,30,2.8
6,20,28079055,30,1.6
6,20,28079008,35,1.7
6,20,28079011,35,1.7
6,20,28079018,35,0.4
6,20,28079024,35,0.5
6,20,28079038,35,1.6
6,20,28079055,35,0.8
6,20,28079024,42,1.62
6,20,28079027,42,1.67
6,20,28079055,42,2
6,20,28079024,44,0.33
6,20,28079027,44,0.25
6,20,28079055,44,0.24
6,21,28079004,01,12
6,21,28079008,01,12
6,21,28079017,01,11
6,21,28079018,01,14
6,21,28079024,01,3
6,21,28079035,01,18
6,21,28079036,01,8
6,21,28079038,01,11
6,21,28079040,01,7
6,21,28079057,01,13
6,21,28079004,06,1.5
6,21,28079008,06,0.8
6,21,28079016,06,0.9
6,21,28079018,06,1.4
6,21,28079024,06,0.4
6,21,28079035,06,1
6,21,28079036,06,1.2
6,21,28079039,06,1.6
6,21,28079056,06,1.8
6,21,28079057,06,0.9
6,21,28079004,07,329
6,21,28079008,07,95
6,21,28079011,07,332
6,21,28079016,07,107
6,21,28079017,07,346
6,21,28079018,07,187
6,21,28079024,07,33
6,21,28079027,07,176
6,21,28079035,07,142
6,21,28079036,07,159
6,21,28079038,07,86
6,21,28079039,07,277
6,21,28079040,07,87
6,21,28079047,07,123
6,21,28079048,07,97
6,21,28079049,07,61
6,21,28079050,07,122
6,21,28079054,07,231
6,21,28079055,07,225
6,21,28079056,07,517
6,21,28079057,07,218
6,21,28079058,07,33
6,21,28079059,07,91
6,21,28079060,07,91
6,21,28079004,08,143
6,21,28079008,08,83
6,21,28079011,08,168
6,21,28079016,08,98
6,21,28079017,08,137
6,21,28079018,08,116
6,21,28079024,08,70
6,21,28079027,08,116
6,21,28079035,08,101
6,21,28079036,08,80
6,21,28079038,08,90
6,21,28079039,08,140
6,21,28079040,08,93
6,21,28079047,08,91
6,21,28079048,08,90
6,21,28079049,08,59
6,21,28079050,08,110
6,21,28079054,08,96
6,21,28079055,08,126
6,21,28079056,08,231
6,21,28079057,08,143
6,21,28079058,08,45
6,21,28079059,08,59
6,21,28079060,08,81
6,21,28079008,09,24
6,21,28079024,09,18
6,21,28079038,09,17
6,21,28079047,09,26
6,21,28079048,09,24
6,21,28079050,09,24
6,21,28079008,10,14
6,21,28079018,10,47
6,21,28079024,10,18
6,21,28079036,10,33
6,21,28079038,10,22
6,21,28079040,10,27
6,21,28079047,10,30
6,21,28079048,10,32
6,21,28079050,10,37
6,21,28079055,10,37
6,21,28079057,10,34
6,21,28079060,10,21
6,21,28079008,14,3
6,21,28079016,14,3
6,21,28079017,14,3
6,21,28079018,14,2
6,21,28079024,14,3
6,21,28079027,14,11
6,21,28079035,14,2
6,21,28079039,14,2
6,21,28079049,14,1
6,21,28079054,14,3
6,21,28079056,14,3
6,21,28079058,14,1
6,21,28079059,14,2
6,21,28079060,14,1
6,21,28079008,20,7
6,21,28079011,20,15.4
6,21,28079018,20,6.9
6,21,28079024,20,2.1
6,21,28079038,20,5.9
6,21,28079055,20,4.4
6,21,28079008,30,3.1
6,21,28079011,30,5.7
6,21,28079018,30,2.2
6,21,28079024,30,1.2
6,21,28079038,30,2.1
6,21,28079055,30,1.9
6,21,28079008,35,1.7
6,21,28079011,35,4.3
6,21,28079018,35,0.6
6,21,28079024,35,0.5
6,21,28079038,35,1.1
6,21,28079055,35,0.9
6,21,28079024,42,1.65
6,21,28079027,42,1.9
6,21,28079055,42,2.65
6,21,28079024,44,0.34
6,21,28079027,44,0.36
6,21,28079055,44,0.34
6,22,28079004,01,12
6,22,28079008,01,13
6,22,28079017,01,11
6,22,28079018,01,12
6,22,28079024,01,3
6,22,28079035,01,15
6,22,28079036,01,8
6,22,28079038,01,14
6,22,28079040,01,6
6,22,28079057,01,14
6,22,28079004,06,1.3
6,22,28079008,06,0.8
6,22,28079016,06,1.1
6,22,28079018,06,1.3
6,22,28079024,06,0.5
6,22,28079035,06,1.1
6,22,28079036,06,1.3
6,22,28079039,06,1.8
6,22,28079056,06,1.2
6,22,28079057,06,1.1
6,22,28079004,07,331
6,22,28079008,07,139
6,22,28079011,07,233
6,22,28079016,07,133
6,22,28079017,07,393
6,22,28079018,07,169
6,22,28079024,07,46
6,22,28079027,07,164
6,22,28079035,07,165
6,22,28079036,07,200
6,22,28079038,07,246
6,22,28079039,07,351
6,22,28079040,07,71
6,22,28079047,07,183
6,22,28079048,07,129
6,22,28079049,07,85
6,22,28079050,07,207
6,22,28079054,07,85
6,22,28079055,07,180
6,22,28079056,07,274
6,22,28079057,07,273
6,22,28079058,07,36
6,22,28079059,07,110
6,22,28079060,07,118
6,22,28079004,08,138
6,22,28079008,08,95
6,22,28079011,08,133
6,22,28079016,08,102
6,22,28079017,08,147
6,22,28079018,08,101
6,22,28079024,08,62
6,22,28079027,08,109
6,22,28079035,08,103
6,22,28079036,08,84
6,22,28079038,08,138
6,22,28079039,08,156
6,22,28079040,08,89
6,22,28079047,08,104
6,22,28079048,08,96
6,22,28079049,08,63
6,22,28079050,08,126
6,22,28079054,08,70
6,22,28079055,08,117
6,22,28079056,08,146
6,22,28079057,08,158
6,22,28079058,08,40
6,22,28079059,08,62
6,22,28079060,08,87
6,22,28079008,09,27
6,22,28079024,09,20
6,22,28079038,09,34
6,22,28079047,09,28
6,22,28079048,09,24
6,22,28079050,09,35
6,22,28079008,10,16
6,22,28079018,10,46
6,22,28079024,10,19
6,22,28079036,10,31
6,22,28079038,10,41
6,22,28079040,10,24
6,22,28079047,10,33
6,22,28079048,10,28
6,22,28079050,10,48
6,22,28079055,10,45
6,22,28079057,10,34
6,22,28079060,10,26
6,22,28079008,14,4
6,22,28079016,14,3
6,22,28079017,14,3
6,22,28079018,14,2
6,22,28079024,14,3
6,22,28079027,14,9
6,22,28079035,14,2
6,22,28079039,14,2
6,22,28079049,14,1
6,22,28079054,14,3
6,22,28079056,14,3
6,22,28079058,14,1
6,22,28079059,14,3
6,22,28079060,14,1
6,22,28079008,20,7.4
6,22,28079011,20,13.4
6,22,28079018,20,5.8
6,22,28079024,20,2.6
6,22,28079038,20,10.1
6,22,28079055,20,5.7
6,22,28079008,30,3.4
6,22,28079011,30,5.2
6,22,28079018,30,2.1
6,22,28079024,30,1.4
6,22,28079038,30,3.1
6,22,28079055,30,2.9
6,22,28079008,35,2.1
6,22,28079011,35,3.8
6,22,28079018,35,0.5
6,22,28079024,35,0.6
6,22,28079038,35,1.8
6,22,28079055,35,1
6,22,28079024,42,1.71
6,22,28079027,42,2.12
6,22,28079055,42,2.81
6,22,28079024,44,0.35
6,22,28079027,44,0.32
6,22,28079055,44,0.47
6,23,28079004,01,9
6,23,28079008,01,14
6,23,28079017,01,10
6,23,28079018,01,10
6,23,28079024,01,2
6,23,28079035,01,16
6,23,28079036,01,10
6,23,28079038,01,14
6,23,28079040,01,8
6,23,28079057,01,11
6,23,28079004,06,1.1
6,23,28079008,06,0.9
6,23,28079016,06,1.2
6,23,28079018,06,0.8
6,23,28079024,06,0.4
6,23,28079035,06,1.3
6,23,28079036,06,1.6
6,23,28079039,06,2.2
6,23,28079056,06,0.9
6,23,28079057,06,1.2
6,23,28079004,07,249
6,23,28079008,07,156
6,23,28079011,07,289
6,23,28079016,07,180
6,23,28079017,07,351
6,23,28079018,07,116
6,23,28079024,07,33
6,23,28079027,07,119
6,23,28079035,07,222
6,23,28079036,07,291
6,23,28079038,07,311
6,23,28079039,07,434
6,23,28079040,07,124
6,23,28079047,07,229
6,23,28079048,07,174
6,23,28079049,07,95
6,23,28079050,07,253
6,23,28079054,07,175
6,23,28079055,07,191
6,23,28079056,07,153
6,23,28079057,07,154
6,23,28079058,07,37
6,23,28079059,07,105
6,23,28079060,07,117
6,23,28079004,08,106
6,23,28079008,08,95
6,23,28079011,08,149
6,23,28079016,08,110
6,23,28079017,08,142
6,23,28079018,08,83
6,23,28079024,08,51
6,23,28079027,08,91
6,23,28079035,08,107
6,23,28079036,08,106
6,23,28079038,08,155
6,23,28079039,08,178
6,23,28079040,08,100
6,23,28079047,08,102
6,23,28079048,08,106
6,23,28079049,08,62
6,23,28079050,08,136
6,23,28079054,08,85
6,23,28079055,08,109
6,23,28079056,08,101
6,23,28079057,08,111
6,23,28079058,08,39
6,23,28079059,08,57
6,23,28079060,08,95
6,23,28079008,09,29
6,23,28079024,09,17
6,23,28079038,09,40
6,23,28079047,09,35
6,23,28079048,09,27
6,23,28079050,09,42
6,23,28079008,10,16
6,23,28079018,10,28
6,23,28079024,10,17
6,23,28079036,10,38
6,23,28079038,10,49
6,23,28079040,10,33
6,23,28079047,10,41
6,23,28079048,10,26
6,23,28079050,10,58
6,23,28079055,10,37
6,23,28079057,10,28
6,23,28079060,10,30
6,23,28079008,14,4
6,23,28079016,14,3
6,23,28079017,14,3
6,23,28079018,14,1
6,23,28079024,14,3
6,23,28079027,14,9
6,23,28079035,14,2
6,23,28079039,14,3
6,23,28079049,14,1
6,23,28079054,14,3
6,23,28079056,14,3
6,23,28079058,14,1
6,23,28079059,14,3
6,23,28079060,14,1
6,23,28079008,20,7.2
6,23,28079011,20,14.5
6,23,28079018,20,5.5
6,23,28079024,20,2.6
6,23,28079038,20,24.1
6,23,28079055,20,6
6,23,28079008,30,3.3
6,23,28079011,30,5.4
6,23,28079018,30,1.5
6,23,28079024,30,1.3
6,23,28079038,30,6.1
6,23,28079055,30,3
6,23,28079008,35,2
6,23,28079011,35,4.1
6,23,28079018,35,0.5
6,23,28079024,35,0.6
6,23,28079038,35,4
6,23,28079055,35,1.3
6,23,28079024,42,1.68
6,23,28079027,42,2.15
6,23,28079055,42,2.66
6,23,28079024,44,0.34
6,23,28079027,44,0.33
6,23,28079055,44,0.4
6,24,28079004,01,7
6,24,28079008,01,17
6,24,28079017,01,11
6,24,28079018,01,9
6,24,28079024,01,3
6,24,28079035,01,14
6,24,28079036,01,11
6,24,28079038,01,13
6,24,28079040,01,9
6,24,28079057,01,9
6,24,28079004,06,0.8
6,24,28079008,06,1.2
6,24,28079016,06,1
6,24,28079018,06,0.8
6,24,28079024,06,0.6
6,24,28079035,06,1.1
6,24,28079036,06,1.5
6,24,28079039,06,2.5
6,24,28079056,06,0.9
6,24,28079057,06,1.2
6,24,28079004,07,166
6,24,28079008,07,255
6,24,28079011,07,275
6,24,28079016,07,146
6,24,28079017,07,406
6,24,28079018,07,96
6,24,28079024,07,71
6,24,28079027,07,113
6,24,28079035,07,188
6,24,28079036,07,274
6,24,28079038,07,306
6,24,28079039,07,490
6,24,28079040,07,190
6,24,28079047,07,120
6,24,28079048,07,274
6,24,28079049,07,174
6,24,28079050,07,205
6,24,28079054,07,137
6,24,28079055,07,206
6,24,28079056,07,178
6,24,28079057,07,133
6,24,28079058,07,29
6,24,28079059,07,69
6,24,28079060,07,130
6,24,28079004,08,74
6,24,28079008,08,108
6,24,28079011,08,139
6,24,28079016,08,93
6,24,28079017,08,140
6,24,28079018,08,67
6,24,28079024,08,58
6,24,28079027,08,84
6,24,28079035,08,96
6,24,28079036,08,115
6,24,28079038,08,136
6,24,28079039,08,187
6,24,28079040,08,118
6,24,28079047,08,67
6,24,28079048,08,134
6,24,28079049,08,61
6,24,28079050,08,122
6,24,28079054,08,72
6,24,28079055,08,108
6,24,28079056,08,100
6,24,28079057,08,101
6,24,28079058,08,31
6,24,28079059,08,48
6,24,28079060,08,103
6,24,28079008,09,36
6,24,28079024,09,24
6,24,28079038,09,38
6,24,28079047,09,25
6,24,28079048,09,39
6,24,28079050,09,42
6,24,28079008,10,19
6,24,28079018,10,24
6,24,28079024,10,22
6,24,28079036,10,37
6,24,28079038,10,45
6,24,28079040,10,38
6,24,28079047,10,26
6,24,28079048,10,42
6,24,28079050,10,51
6,24,28079055,10,35
6,24,28079057,10,21
6,24,28079060,10,38
6,24,28079008,14,4
6,24,28079016,14,3
6,24,28079017,14,3
6,24,28079018,14,1
6,24,28079024,14,3
6,24,28079027,14,9
6,24,28079035,14,2
6,24,28079039,14,2
6,24,28079049,14,1
6,24,28079054,14,3
6,24,28079056,14,3
6,24,28079058,14,2
6,24,28079059,14,3
6,24,28079060,14,3
6,24,28079008,20,8.7
6,24,28079011,20,14
6,24,28079018,20,3.4
6,24,28079024,20,2.6
6,24,28079038,20,23.9
6,24,28079055,20,7.5
6,24,28079008,30,3.9
6,24,28079011,30,5.6
6,24,28079018,30,1.1
6,24,28079024,30,1.3
6,24,28079038,30,5.7
6,24,28079055,30,3
6,24,28079008,35,2.8
6,24,28079011,35,4
6,24,28079018,35,0.3
6,24,28079024,35,0.5
6,24,28079038,35,4.1
6,24,28079055,35,1.3
6,24,28079024,42,1.71
6,24,28079027,42,2.24
6,24,28079055,42,2.75
6,24,28079024,44,0.37
6,24,28079027,44,0.31
6,24,28079055,44,0.44
6,3,28079004,01,8
6,3,28079008,01,16
6,3,28079017,01,10
6,3,28079018,01,10
6,3,28079024,01,3
6,3,28079035,01,10
6,3,28079036,01,4
6,3,28079038,01,10
6,3,28079040,01,6
6,3,28079057,01,6
6,3,28079004,06,0.9
6,3,28079008,06,1.1
6,3,28079016,06,0.8
6,3,28079018,06,0.8
6,3,28079024,06,0.6
6,3,28079035,06,1
6,3,28079036,06,0.8
6,3,28079039,06,0.8
6,3,28079056,06,0.8
6,3,28079057,06,0.5
6,3,28079004,07,191
6,3,28079008,07,217
6,3,28079011,07,94
6,3,28079016,07,125
6,3,28079017,07,350
6,3,28079018,07,112
6,3,28079024,07,64
6,3,28079027,07,48
6,3,28079035,07,156
6,3,28079036,07,127
6,3,28079038,07,259
6,3,28079039,07,147
6,3,28079040,07,59
6,3,28079047,07,133
6,3,28079048,07,103
6,3,28079049,07,231
6,3,28079050,07,72
6,3,28079054,07,85
6,3,28079055,07,105
6,3,28079056,07,152
6,3,28079057,07,42
6,3,28079058,07,42
6,3,28079059,07,24
6,3,28079060,07,67
6,3,28079004,08,60
6,3,28079008,08,92
6,3,28079011,08,79
6,3,28079016,08,77
6,3,28079017,08,117
6,3,28079018,08,60
6,3,28079024,08,45
6,3,28079027,08,46
6,3,28079035,08,78
6,3,28079036,08,86
6,3,28079038,08,108
6,3,28079039,08,75
6,3,28079040,08,72
6,3,28079047,08,58
6,3,28079048,08,81
6,3,28079049,08,71
6,3,28079050,08,71
6,3,28079054,08,50
6,3,28079055,08,62
6,3,28079056,08,72
6,3,28079057,08,61
6,3,28079058,08,29
6,3,28079059,08,33
6,3,28079060,08,69
6,3,28079008,09,32
6,3,28079024,09,20
6,3,28079038,09,32
6,3,28079047,09,20
6,3,28079048,09,18
6,3,28079050,09,21
6,3,28079008,10,18
6,3,28079018,10,24
6,3,28079024,10,20
6,3,28079036,10,24
6,3,28079038,10,43
6,3,28079040,10,23
6,3,28079047,10,24
6,3,28079048,10,20
6,3,28079050,10,27
6,3,28079055,10,23
6,3,28079057,10,17
6,3,28079060,10,16
6,3,28079008,14,3
6,3,28079016,14,3
6,3,28079017,14,3
6,3,28079018,14,1
6,3,28079024,14,3
6,3,28079027,14,6
6,3,28079035,14,1
6,3,28079039,14,2
6,3,28079049,14,1
6,3,28079054,14,3
6,3,28079056,14,3
6,3,28079058,14,2
6,3,28079059,14,3
6,3,28079060,14,1
6,3,28079008,20,12.4
6,3,28079011,20,10.1
6,3,28079018,20,4.7
6,3,28079024,20,4.6
6,3,28079038,20,19
6,3,28079055,20,6.5
6,3,28079008,30,4.6
6,3,28079011,30,4.4
6,3,28079018,30,1.2
6,3,28079024,30,2
6,3,28079038,30,4
6,3,28079055,30,2.1
6,3,28079008,35,4.5
6,3,28079011,35,2.4
6,3,28079018,35,0.3
6,3,28079024,35,0.8
6,3,28079038,35,3.1
6,3,28079055,35,1.4
6,3,28079024,42,1.65
6,3,28079027,42,1.94
6,3,28079055,42,2.42
6,3,28079024,44,0.36
6,3,28079027,44,0.25
6,3,28079055,44,0.44
6,4,28079004,01,6
6,4,28079008,01,12
6,4,28079017,01,9
6,4,28079018,01,9
6,4,28079024,01,3
6,4,28079035,01,8
6,4,28079036,01,3
6,4,28079038,01,7
6,4,28079040,01,6
6,4,28079057,01,5
6,4,28079004,06,0.7
6,4,28079008,06,0.7
6,4,28079016,06,0.5
6,4,28079018,06,0.8
6,4,28079024,06,0.6
6,4,28079035,06,0.8
6,4,28079036,06,0.6
6,4,28079039,06,0.9
6,4,28079056,06,0.7
6,4,28079057,06,0.5
6,4,28079004,07,164
6,4,28079008,07,108
6,4,28079011,07,49
6,4,28079016,07,47
6,4,28079017,07,310
6,4,28079018,07,101
6,4,28079024,07,76
6,4,28079027,07,48
6,4,28079035,07,119
6,4,28079036,07,86
6,4,28079038,07,141
6,4,28079039,07,169
6,4,28079040,07,72
6,4,28079047,07,120
6,4,28079048,07,71
6,4,28079049,07,175
6,4,28079050,07,29
6,4,28079054,07,42
6,4,28079055,07,66
6,4,28079056,07,132
6,4,28079057,07,28
6,4,28079058,07,45
6,4,28079059,07,17
6,4,28079060,07,55
6,4,28079004,08,51
6,4,28079008,08,69
6,4,28079011,08,58
6,4,28079016,08,53
6,4,28079017,08,102
6,4,28079018,08,56
6,4,28079024,08,48
6,4,28079027,08,44
6,4,28079035,08,64
6,4,28079036,08,66
6,4,28079038,08,82
6,4,28079039,08,80
6,4,28079040,08,69
6,4,28079047,08,52
6,4,28079048,08,68
6,4,28079049,08,52
6,4,28079050,08,52
6,4,28079054,08,41
6,4,28079055,08,51
6,4,28079056,08,64
6,4,28079057,08,52
6,4,28079058,08,26
6,4,28079059,08,26
6,4,28079060,08,61
6,4,28079008,09,24
6,4,28079024,09,21
6,4,28079038,09,23
6,4,28079047,09,20
6,4,28079048,09,16
6,4,28079050,09,14
6,4,28079008,10,17
6,4,28079018,10,24
6,4,28079024,10,19
6,4,28079036,10,16
6,4,28079038,10,30
6,4,28079040,10,22
6,4,28079047,10,22
6,4,28079048,10,17
6,4,28079050,10,19
6,4,28079055,10,19
6,4,28079057,10,9
6,4,28079060,10,15
6,4,28079008,14,3
6,4,28079016,14,3
6,4,28079017,14,3
6,4,28079018,14,1
6,4,28079024,14,3
6,4,28079027,14,6
6,4,28079035,14,1
6,4,28079039,14,2
6,4,28079049,14,1
6,4,28079054,14,3
6,4,28079056,14,3
6,4,28079058,14,2
6,4,28079059,14,3
6,4,28079060,14,1
6,4,28079008,20,10.4
6,4,28079011,20,9
6,4,28079018,20,3.9
6,4,28079024,20,3.8
6,4,28079038,20,11.1
6,4,28079055,20,5.9
6,4,28079008,30,3.8
6,4,28079011,30,4.1
6,4,28079018,30,1
6,4,28079024,30,1.6
6,4,28079038,30,2.6
6,4,28079055,30,1.9
6,4,28079008,35,3.3
6,4,28079011,35,1.9
6,4,28079018,35,0.3
6,4,28079024,35,0.7
6,4,28079038,35,2
6,4,28079055,35,1.6
6,4,28079024,42,1.66
6,4,28079027,42,2.05
6,4,28079055,42,2.41
6,4,28079024,44,0.38
6,4,28079027,44,0.26
6,4,28079055,44,0.37
6,5,28079004,01,6
6,5,28079008,01,11
6,5,28079017,01,9
6,5,28079018,01,9
6,5,28079024,01,4
6,5,28079035,01,8
6,5,28079036,01,2
6,5,28079038,01,7
6,5,28079040,01,6
6,5,28079057,01,4
6,5,28079004,06,0.7
6,5,28079008,06,0.6
6,5,28079016,06,0.4
6,5,28079018,06,0.7
6,5,28079024,06,0.7
6,5,28079035,06,0.8
6,5,28079036,06,0.5
6,5,28079039,06,0.8
6,5,28079056,06,0.7
6,5,28079057,06,0.4
6,5,28079004,07,143
6,5,28079008,07,88
6,5,28079011,07,26
6,5,28079016,07,19
6,5,28079017,07,293
6,5,28079018,07,74
6,5,28079024,07,97
6,5,28079027,07,37
6,5,28079035,07,116
6,5,28079036,07,49
6,5,28079038,07,150
6,5,28079039,07,124
6,5,28079040,07,77
6,5,28079047,07,102
6,5,28079048,07,24
6,5,28079049,07,103
6,5,28079050,07,19
6,5,28079054,07,62
6,5,28079055,07,89
6,5,28079056,07,133
6,5,28079057,07,12
6,5,28079058,07,42
6,5,28079059,07,6
6,5,28079060,07,30
6,5,28079004,08,46
6,5,28079008,08,58
6,5,28079011,08,49
6,5,28079016,08,42
6,5,28079017,08,95
6,5,28079018,08,44
6,5,28079024,08,51
6,5,28079027,08,40
6,5,28079035,08,62
6,5,28079036,08,44
6,5,28079038,08,84
6,5,28079039,08,61
6,5,28079040,08,66
6,5,28079047,08,47
6,5,28079048,08,51
6,5,28079049,08,39
6,5,28079050,08,47
6,5,28079054,08,40
6,5,28079055,08,51
6,5,28079056,08,62
6,5,28079057,08,43
6,5,28079058,08,27
6,5,28079059,08,22
6,5,28079060,08,49
6,5,28079008,09,19
6,5,28079024,09,25
6,5,28079038,09,21
6,5,28079047,09,18
6,5,28079048,09,9
6,5,28079050,09,11
6,5,28079008,10,10
6,5,28079018,10,18
6,5,28079024,10,23
6,5,28079036,10,7
6,5,28079038,10,29
6,5,28079040,10,20
6,5,28079047,10,20
6,5,28079048,10,12
6,5,28079050,10,15
6,5,28079055,10,17
6,5,28079057,10,4
6,5,28079060,10,4
6,5,28079008,14,3
6,5,28079016,14,3
6,5,28079017,14,3
6,5,28079018,14,1
6,5,28079024,14,3
6,5,28079027,14,6
6,5,28079035,14,1
6,5,28079039,14,2
6,5,28079049,14,1
6,5,28079054,14,3
6,5,28079056,14,3
6,5,28079058,14,2
6,5,28079059,14,3
6,5,28079060,14,1
6,5,28079008,20,7.4
6,5,28079011,20,6.6
6,5,28079018,20,3.3
6,5,28079024,20,4.5
6,5,28079038,20,8.7
6,5,28079055,20,4.4
6,5,28079008,30,2.7
6,5,28079011,30,3.3
6,5,28079018,30,0.9
6,5,28079024,30,2.1
6,5,28079038,30,2.2
6,5,28079055,30,1.6
6,5,28079008,35,1.7
6,5,28079011,35,1.1
6,5,28079018,35,0.2
6,5,28079024,35,0.7
6,5,28079038,35,1.5
6,5,28079055,35,1.1
6,5,28079024,42,1.72
6,5,28079027,42,1.83
6,5,28079055,42,2.44
6,5,28079024,44,0.41
6,5,28079027,44,0.24
6,5,28079055,44,0.39
6,6,28079004,01,6
6,6,28079008,01,10
6,6,28079017,01,9
6,6,28079018,01,9
6,6,28079024,01,3
6,6,28079035,01,7
6,6,28079036,01,2
6,6,28079038,01,8
6,6,28079040,01,5
6,6,28079057,01,4
6,6,28079004,06,0.7
6,6,28079008,06,0.5
6,6,28079016,06,0.4
6,6,28079018,06,0.7
6,6,28079024,06,0.5
6,6,28079035,06,0.7
6,6,28079036,06,0.5
6,6,28079039,06,0.7
6,6,28079056,06,0.6
6,6,28079057,06,0.4
6,6,28079004,07,146
6,6,28079008,07,73
6,6,28079011,07,35
6,6,28079016,07,27
6,6,28079017,07,292
6,6,28079018,07,83
6,6,28079024,07,61
6,6,28079027,07,43
6,6,28079035,07,118
6,6,28079036,07,63
6,6,28079038,07,185
6,6,28079039,07,126
6,6,28079040,07,36
6,6,28079047,07,102
6,6,28079048,07,22
6,6,28079049,07,67
6,6,28079050,07,10
6,6,28079054,07,48
6,6,28079055,07,90
6,6,28079056,07,125
6,6,28079057,07,10
6,6,28079058,07,38
6,6,28079059,07,7
6,6,28079060,07,20
6,6,28079004,08,42
6,6,28079008,08,54
6,6,28079011,08,49
6,6,28079016,08,43
6,6,28079017,08,91
6,6,28079018,08,49
6,6,28079024,08,38
6,6,28079027,08,41
6,6,28079035,08,59
6,6,28079036,08,47
6,6,28079038,08,89
6,6,28079039,08,55
6,6,28079040,08,53
6,6,28079047,08,45
6,6,28079048,08,50
6,6,28079049,08,35
6,6,28079050,08,49
6,6,28079054,08,35
6,6,28079055,08,54
6,6,28079056,08,59
6,6,28079057,08,42
6,6,28079058,08,26
6,6,28079059,08,21
6,6,28079060,08,44
6,6,28079008,09,16
6,6,28079024,09,18
6,6,28079038,09,25
6,6,28079047,09,19
6,6,28079048,09,8
6,6,28079050,09,12
6,6,28079008,10,9
6,6,28079018,10,20
6,6,28079024,10,17
6,6,28079036,10,10
6,6,28079038,10,32
6,6,28079040,10,15
6,6,28079047,10,21
6,6,28079048,10,9
6,6,28079050,10,14
6,6,28079055,10,18
6,6,28079057,10,11
6,6,28079060,10,3
6,6,28079008,14,3
6,6,28079016,14,3
6,6,28079017,14,3
6,6,28079018,14,1
6,6,28079024,14,3
6,6,28079027,14,6
6,6,28079035,14,1
6,6,28079039,14,2
6,6,28079049,14,1
6,6,28079054,14,3
6,6,28079056,14,3
6,6,28079058,14,2
6,6,28079059,14,3
6,6,28079060,14,1
6,6,28079008,20,7
6,6,28079011,20,6.1
6,6,28079018,20,3.1
6,6,28079024,20,5
6,6,28079038,20,10
6,6,28079055,20,4.8
6,6,28079008,30,2.3
6,6,28079011,30,3.1
6,6,28079018,30,0.8
6,6,28079024,30,2.1
6,6,28079038,30,2.2
6,6,28079055,30,1.6
6,6,28079008,35,1.5
6,6,28079011,35,0.8
6,6,28079018,35,0.2
6,6,28079024,35,0.8
6,6,28079038,35,1.6
6,6,28079055,35,1
6,6,28079024,42,1.71
6,6,28079027,42,1.77
6,6,28079055,42,1.97
6,6,28079024,44,0.38
6,6,28079027,44,0.22
6,6,28079055,44,0.26
6,7,28079004,01,5
6,7,28079008,01,11
6,7,28079017,01,9
6,7,28079018,01,8
6,7,28079024,01,4
6,7,28079035,01,8
6,7,28079036,01,3
6,7,28079038,01,8
6,7,28079040,01,5
6,7,28079057,01,4
6,7,28079004,06,0.6
6,7,28079008,06,0.5
6,7,28079016,06,0.4
6,7,28079018,06,0.6
6,7,28079024,06,0.7
6,7,28079035,06,0.9
6,7,28079036,06,0.4
6,7,28079039,06,0.8
6,7,28079056,06,0.6
6,7,28079057,06,0.3
6,7,28079004,07,104
6,7,28079008,07,75
6,7,28079011,07,57
6,7,28079016,07,32
6,7,28079017,07,314
6,7,28079018,07,60
6,7,28079024,07,84
6,7,28079027,07,56
6,7,28079035,07,126
6,7,28079036,07,55
6,7,28079038,07,164
6,7,28079039,07,145
6,7,28079040,07,33
6,7,28079047,07,97
6,7,28079048,07,25
6,7,28079049,07,52
6,7,28079050,07,32
6,7,28079054,07,48
6,7,28079055,07,136
6,7,28079056,07,107
6,7,28079057,07,7
6,7,28079058,07,38
6,7,28079059,07,11
6,7,28079060,07,23
6,7,28079004,08,37
6,7,28079008,08,52
6,7,28079011,08,53
6,7,28079016,08,43
6,7,28079017,08,91
6,7,28079018,08,43
6,7,28079024,08,40
6,7,28079027,08,44
6,7,28079035,08,57
6,7,28079036,08,43
6,7,28079038,08,83
6,7,28079039,08,59
6,7,28079040,08,48
6,7,28079047,08,40
6,7,28079048,08,48
6,7,28079049,08,31
6,7,28079050,08,51
6,7,28079054,08,34
6,7,28079055,08,65
6,7,28079056,08,61
6,7,28079057,08,38
6,7,28079058,08,26
6,7,28079059,08,22
6,7,28079060,08,44
6,7,28079008,09,16
6,7,28079024,09,20
6,7,28079038,09,23
6,7,28079047,09,19
6,7,28079048,09,8
6,7,28079050,09,13
6,7,28079008,10,10
6,7,28079018,10,18
6,7,28079024,10,19
6,7,28079036,10,9
6,7,28079038,10,30
6,7,28079040,10,14
6,7,28079047,10,21
6,7,28079048,10,11
6,7,28079050,10,16
6,7,28079055,10,19
6,7,28079057,10,8
6,7,28079060,10,7
6,7,28079008,14,3
6,7,28079016,14,3
6,7,28079017,14,6
6,7,28079018,14,1
6,7,28079024,14,3
6,7,28079027,14,6
6,7,28079035,14,1
6,7,28079039,14,2
6,7,28079049,14,1
6,7,28079054,14,3
6,7,28079056,14,3
6,7,28079058,14,2
6,7,28079059,14,3
6,7,28079060,14,1
6,7,28079008,20,6.9
6,7,28079011,20,6.5
6,7,28079018,20,3.2
6,7,28079024,20,4.1
6,7,28079038,20,10.5
6,7,28079055,20,4.1
6,7,28079008,30,2.1
6,7,28079011,30,3.3
6,7,28079018,30,0.8
6,7,28079024,30,1.7
6,7,28079038,30,2.5
6,7,28079055,30,1.5
6,7,28079008,35,1.5
6,7,28079011,35,1
6,7,28079018,35,0.2
6,7,28079024,35,0.7
6,7,28079038,35,1.7
6,7,28079055,35,0.9
6,7,28079024,42,1.76
6,7,28079027,42,1.64
6,7,28079055,42,2.31
6,7,28079024,44,0.41
6,7,28079027,44,0.21
6,7,28079055,44,0.43
6,8,28079004,01,5
6,8,28079008,01,10
6,8,28079017,01,9
6,8,28079018,01,8
6,8,28079024,01,3
6,8,28079035,01,8
6,8,28079036,01,2
6,8,28079038,01,5
6,8,28079040,01,4
6,8,28079057,01,3
6,8,28079004,06,0.7
6,8,28079008,06,0.5
6,8,28079016,06,0.5
6,8,28079018,06,0.7
6,8,28079024,06,0.5
6,8,28079035,06,0.8
6,8,28079036,06,0.3
6,8,28079039,06,0.7
6,8,28079056,06,0.7
6,8,28079057,06,0.3
6,8,28079004,07,119
6,8,28079008,07,72
6,8,28079011,07,57
6,8,28079016,07,54
6,8,28079017,07,288
6,8,28079018,07,73
6,8,28079024,07,62
6,8,28079027,07,84
6,8,28079035,07,125
6,8,28079036,07,35
6,8,28079038,07,42
6,8,28079039,07,148
6,8,28079040,07,24
6,8,28079047,07,88
6,8,28079048,07,31
6,8,28079049,07,36
6,8,28079050,07,21
6,8,28079054,07,34
6,8,28079055,07,208
6,8,28079056,07,134
6,8,28079057,07,5
6,8,28079058,07,61
6,8,28079059,07,37
6,8,28079060,07,20
6,8,28079004,08,39
6,8,28079008,08,48
6,8,28079011,08,53
6,8,28079016,08,46
6,8,28079017,08,82
6,8,28079018,08,42
6,8,28079024,08,34
6,8,28079027,08,53
6,8,28079035,08,58
6,8,28079036,08,35
6,8,28079038,08,54
6,8,28079039,08,62
6,8,28079040,08,41
6,8,28079047,08,41
6,8,28079048,08,47
6,8,28079049,08,30
6,8,28079050,08,46
6,8,28079054,08,30
6,8,28079055,08,77
6,8,28079056,08,63
6,8,28079057,08,34
6,8,28079058,08,34
6,8,28079059,08,20
6,8,28079060,08,42
6,8,28079008,09,15
6,8,28079024,09,18
6,8,28079038,09,14
6,8,28079047,09,18
6,8,28079048,09,10
6,8,28079050,09,14
6,8,28079008,10,8
6,8,28079018,10,18
6,8,28079024,10,17
6,8,28079036,10,6
6,8,28079038,10,15
6,8,28079040,10,12
6,8,28079047,10,20
6,8,28079048,10,8
6,8,28079050,10,20
6,8,28079055,10,28
6,8,28079057,10,5
6,8,28079060,10,5
6,8,28079008,14,3
6,8,28079016,14,3
6,8,28079017,14,3
6,8,28079018,14,1
6,8,28079024,14,3
6,8,28079027,14,5
6,8,28079035,14,1
6,8,28079039,14,1
6,8,28079049,14,1
6,8,28079054,14,3
6,8,28079056,14,3
6,8,28079058,14,2
6,8,28079059,14,3
6,8,28079060,14,1
6,8,28079008,20,6.9
6,8,28079011,20,6.8
6,8,28079018,20,3.1
6,8,28079024,20,4.4
6,8,28079038,20,6.3
6,8,28079055,20,5.5
6,8,28079008,30,2
6,8,28079011,30,3.3
6,8,28079018,30,0.9
6,8,28079024,30,1.8
6,8,28079038,30,1.4
6,8,28079055,30,2.1
6,8,28079008,35,1.3
6,8,28079011,35,1
6,8,28079018,35,0.2
6,8,28079024,35,0.8
6,8,28079038,35,1.1
6,8,28079055,35,1.4
6,8,28079024,42,1.72
6,8,28079027,42,1.6
6,8,28079055,42,2.61
6,8,28079024,44,0.39
6,8,28079027,44,0.22
6,8,28079055,44,0.48
6,9,28079004,01,5
6,9,28079008,01,11
6,9,28079017,01,9
6,9,28079018,01,8
6,9,28079024,01,3
6,9,28079035,01,9
6,9,28079036,01,2
6,9,28079038,01,8
6,9,28079040,01,4
6,9,28079057,01,3
6,9,28079004,06,0.8
6,9,28079008,06,0.6
6,9,28079016,06,0.5
6,9,28079018,06,0.7
6,9,28079024,06,0.5
6,9,28079035,06,0.8
6,9,28079036,06,0.4
6,9,28079039,06,0.7
6,9,28079056,06,0.6
6,9,28079057,06,0.4
6,9,28079004,07,125
6,9,28079008,07,78
6,9,28079011,07,38
6,9,28079016,07,73
6,9,28079017,07,297
6,9,28079018,07,75
6,9,28079024,07,61
6,9,28079027,07,77
6,9,28079035,07,116
6,9,28079036,07,45
6,9,28079038,07,148
6,9,28079039,07,153
6,9,28079040,07,24
6,9,28079047,07,95
6,9,28079048,07,35
6,9,28079049,07,38
6,9,28079050,07,28
6,9,28079054,07,37
6,9,28079055,07,201
6,9,28079056,07,125
6,9,28079057,07,11
6,9,28079058,07,72
6,9,28079059,07,36
6,9,28079060,07,39
6,9,28079004,08,43
6,9,28079008,08,49
6,9,28079011,08,50
6,9,28079016,08,51
6,9,28079017,08,79
6,9,28079018,08,45
6,9,28079024,08,34
6,9,28079027,08,55
6,9,28079035,08,53
6,9,28079036,08,36
6,9,28079038,08,71
6,9,28079039,08,58
6,9,28079040,08,41
6,9,28079047,08,42
6,9,28079048,08,48
6,9,28079049,08,30
6,9,28079050,08,46
6,9,28079054,08,31
6,9,28079055,08,75
6,9,28079056,08,60
6,9,28079057,08,36
6,9,28079058,08,32
6,9,28079059,08,20
6,9,28079060,08,47
6,9,28079008,09,17
6,9,28079024,09,17
6,9,28079038,09,18
6,9,28079047,09,19
6,9,28079048,09,9
6,9,28079050,09,14
6,9,28079008,10,11
6,9,28079018,10,22
6,9,28079024,10,16
6,9,28079036,10,13
6,9,28079038,10,24
6,9,28079040,10,13
6,9,28079047,10,21
6,9,28079048,10,11
6,9,28079050,10,21
6,9,28079055,10,27
6,9,28079057,10,6
6,9,28079060,10,6
6,9,28079008,14,4
6,9,28079016,14,3
6,9,28079017,14,3
6,9,28079018,14,2
6,9,28079024,14,3
6,9,28079027,14,5
6,9,28079035,14,1
6,9,28079039,14,1
6,9,28079049,14,1
6,9,28079054,14,3
6,9,28079056,14,2
6,9,28079058,14,1
6,9,28079059,14,3
6,9,28079060,14,1
6,9,28079008,20,7.2
6,9,28079011,20,6
6,9,28079018,20,2.3
6,9,28079024,20,3.8
6,9,28079038,20,5.8
6,9,28079055,20,5.4
6,9,28079008,30,3.3
6,9,28079011,30,2.9
6,9,28079018,30,0.6
6,9,28079024,30,1.6
6,9,28079038,30,1.3
6,9,28079055,30,2.1
6,9,28079008,35,1.6
6,9,28079011,35,0.8
6,9,28079018,35,0.3
6,9,28079024,35,0.7
6,9,28079038,35,0.9
6,9,28079055,35,1.3
6,9,28079024,42,1.75
6,9,28079027,42,1.61
6,9,28079055,42,2.57
6,9,28079024,44,0.4
6,9,28079027,44,0.21
6,9,28079055,44,0.5
7,1,28079004,01,7
7,1,28079008,01,18
7,1,28079017,01,11
7,1,28079018,01,9
7,1,28079024,01,2
7,1,28079035,01,10
7,1,28079036,01,6
7,1,28079038,01,14
7,1,28079040,01,7
7,1,28079057,01,7
7,1,28079004,06,0.9
7,1,28079008,06,1.3
7,1,28079016,06,1
7,1,28079018,06,0.8
7,1,28079024,06,0.5
7,1,28079035,06,0.9
7,1,28079036,06,1
7,1,28079039,06,1.7
7,1,28079056,06,0.8
7,1,28079057,06,0.8
7,1,28079004,07,179
7,1,28079008,07,273
7,1,28079011,07,127
7,1,28079016,07,155
7,1,28079017,07,396
7,1,28079018,07,105
7,1,28079024,07,43
7,1,28079027,07,96
7,1,28079035,07,146
7,1,28079036,07,175
7,1,28079038,07,336
7,1,28079039,07,317
7,1,28079040,07,124
7,1,28079047,07,137
7,1,28079048,07,197
7,1,28079049,07,285
7,1,28079050,07,131
7,1,28079054,07,126
7,1,28079055,07,138
7,1,28079056,07,150
7,1,28079057,07,73
7,1,28079058,07,27
7,1,28079059,07,73
7,1,28079060,07,85
7,1,28079004,08,67
7,1,28079008,08,111
7,1,28079011,08,91
7,1,28079016,08,96
7,1,28079017,08,131
7,1,28079018,08,69
7,1,28079024,08,43
7,1,28079027,08,68
7,1,28079035,08,81
7,1,28079036,08,99
7,1,28079038,08,136
7,1,28079039,08,129
7,1,28079040,08,93
7,1,28079047,08,70
7,1,28079048,08,110
7,1,28079049,08,72
7,1,28079050,08,95
7,1,28079054,08,70
7,1,28079055,08,86
7,1,28079056,08,89
7,1,28079057,08,79
7,1,28079058,08,29
7,1,28079059,08,45
7,1,28079060,08,80
7,1,28079008,09,40
7,1,28079024,09,20
7,1,28079038,09,37
7,1,28079047,09,23
7,1,28079048,09,33
7,1,28079050,09,35
7,1,28079008,10,21
7,1,28079018,10,26
7,1,28079024,10,18
7,1,28079036,10,32
7,1,28079038,10,46
7,1,28079040,10,32
7,1,28079047,10,26
7,1,28079048,10,37
7,1,28079050,10,38
7,1,28079055,10,31
7,1,28079057,10,25
7,1,28079060,10,26
7,1,28079008,14,4
7,1,28079016,14,3
7,1,28079017,14,3
7,1,28079018,14,1
7,1,28079024,14,3
7,1,28079027,14,8
7,1,28079035,14,2
7,1,28079039,14,2
7,1,28079049,14,1
7,1,28079054,14,3
7,1,28079056,14,3
7,1,28079058,14,2
7,1,28079059,14,3
7,1,28079060,14,1
7,1,28079008,20,11.5
7,1,28079011,20,11.9
7,1,28079018,20,3.6
7,1,28079024,20,3
7,1,28079038,20,22.8
7,1,28079055,20,5.2
7,1,28079008,30,4.7
7,1,28079011,30,5.2
7,1,28079018,30,1.1
7,1,28079024,30,1.6
7,1,28079038,30,5.1
7,1,28079055,30,2.5
7,1,28079008,35,4.1
7,1,28079011,35,3.3
7,1,28079018,35,0.3
7,1,28079024,35,0.6
7,1,28079038,35,4.1
7,1,28079055,35,1.3
7,1,28079024,42,1.76
7,1,28079027,42,2.11
7,1,28079055,42,2.64
7,1,28079024,44,0.37
7,1,28079027,44,0.29
7,1,28079055,44,0.41
7,10,28079004,01,6
7,10,28079008,01,8
7,10,28079017,01,3
7,10,28079018,01,8
7,10,28079024,01,3
7,10,28079035,01,4
7,10,28079036,01,10
7,10,28079038,01,6
7,10,28079040,01,3
7,10,28079057,01,3
7,10,28079004,06,0.9
7,10,28079008,06,0.4
7,10,28079016,06,0.4
7,10,28079018,06,0.8
7,10,28079024,06,0.5
7,10,28079035,06,0.6
7,10,28079036,06,0.9
7,10,28079039,06,0.6
7,10,28079056,06,0.4
7,10,28079057,06,0.4
7,10,28079004,07,150
7,10,28079008,07,40
7,10,28079011,07,35
7,10,28079016,07,23
7,10,28079017,07,11
7,10,28079018,07,73
7,10,28079024,07,49
7,10,28079027,07,49
7,10,28079035,07,65
7,10,28079036,07,23
7,10,28079038,07,104
7,10,28079039,07,82
7,10,28079040,07,21
7,10,28079047,07,19
7,10,28079048,07,51
7,10,28079049,07,30
7,10,28079050,07,36
7,10,28079054,07,13
7,10,28079055,07,73
7,10,28079056,07,64
7,10,28079057,07,12
7,10,28079058,07,40
7,10,28079059,07,56
7,10,28079060,07,9
7,10,28079004,08,46
7,10,28079008,08,46
7,10,28079011,08,50
7,10,28079016,08,40
7,10,28079017,08,44
7,10,28079018,08,43
7,10,28079024,08,29
7,10,28079027,08,47
7,10,28079035,08,52
7,10,28079036,08,33
7,10,28079038,08,63
7,10,28079039,08,60
7,10,28079040,08,45
7,10,28079047,08,43
7,10,28079048,08,52
7,10,28079049,08,46
7,10,28079050,08,52
7,10,28079054,08,33
7,10,28079055,08,55
7,10,28079056,08,61
7,10,28079057,08,41
7,10,28079058,08,29
7,10,28079059,08,21
7,10,28079060,08,42
7,10,28079008,09,12
7,10,28079024,09,23
7,10,28079038,09,33
7,10,28079047,09,11
7,10,28079048,09,22
7,10,28079050,09,15
7,10,28079008,10,6
7,10,28079018,10,35
7,10,28079024,10,23
7,10,28079036,10,14
7,10,28079038,10,45
7,10,28079040,10,13
7,10,28079047,10,12
7,10,28079048,10,32
7,10,28079050,10,17
7,10,28079055,10,31
7,10,28079057,10,18
7,10,28079060,10,14
7,10,28079008,14,4
7,10,28079016,14,5
7,10,28079017,14,6
7,10,28079018,14,2
7,10,28079024,14,3
7,10,28079027,14,7
7,10,28079035,14,2
7,10,28079039,14,2
7,10,28079049,14,1
7,10,28079054,14,11
7,10,28079056,14,3
7,10,28079058,14,2
7,10,28079059,14,4
7,10,28079060,14,5
7,10,28079008,20,4.2
7,10,28079011,20,5.1
7,10,28079018,20,2.1
7,10,28079024,20,3.1
7,10,28079038,20,5.2
7,10,28079055,20,3.2
7,10,28079008,30,1.8
7,10,28079011,30,2.9
7,10,28079018,30,0.9
7,10,28079024,30,1.4
7,10,28079038,30,1.8
7,10,28079055,30,2.2
7,10,28079008,35,1
7,10,28079011,35,0.5
7,10,28079018,35,0.1
7,10,28079024,35,0.6
7,10,28079038,35,1
7,10,28079055,35,0.7
7,10,28079024,42,1.92
7,10,28079027,42,1.85
7,10,28079055,42,2.39
7,10,28079024,44,0.41
7,10,28079027,44,0.23
7,10,28079055,44,0.31
7,11,28079004,01,5
7,11,28079008,01,8
7,11,28079017,01,3
7,11,28079018,01,9
7,11,28079024,01,3
7,11,28079035,01,5
7,11,28079036,01,4
7,11,28079038,01,7
7,11,28079040,01,3
7,11,28079057,01,4
7,11,28079004,06,0.7
7,11,28079008,06,0.5
7,11,28079016,06,0.5
7,11,28079018,06,1
7,11,28079024,06,0.4
7,11,28079035,06,0.6
7,11,28079036,06,0.5
7,11,28079039,06,0.7
7,11,28079056,06,0.7
7,11,28079057,06,0.5
7,11,28079004,07,114
7,11,28079008,07,57
7,11,28079011,07,44
7,11,28079016,07,27
7,11,28079017,07,27
7,11,28079018,07,76
7,11,28079024,07,46
7,11,28079027,07,86
7,11,28079035,07,91
7,11,28079036,07,37
7,11,28079038,07,106
7,11,28079039,07,101
7,11,28079040,07,37
7,11,28079047,07,61
7,11,28079048,07,69
7,11,28079049,07,40
7,11,28079050,07,119
7,11,28079054,07,40
7,11,28079055,07,68
7,11,28079056,07,114
7,11,28079057,07,37
7,11,28079058,07,31
7,11,28079059,07,54
7,11,28079060,07,20
7,11,28079004,08,41
7,11,28079008,08,46
7,11,28079011,08,50
7,11,28079016,08,43
7,11,28079017,08,47
7,11,28079018,08,48
7,11,28079024,08,35
7,11,28079027,08,61
7,11,28079035,08,54
7,11,28079036,08,38
7,11,28079038,08,62
7,11,28079039,08,63
7,11,28079040,08,51
7,11,28079047,08,46
7,11,28079048,08,59
7,11,28079049,08,46
7,11,28079050,08,66
7,11,28079054,08,37
7,11,28079055,08,54
7,11,28079056,08,62
7,11,28079057,08,43
7,11,28079058,08,29
7,11,28079059,08,24
7,11,28079060,08,44
7,11,28079008,09,17
7,11,28079024,09,19
7,11,28079038,09,33
7,11,28079047,09,16
7,11,28079048,09,22
7,11,28079050,09,27
7,11,28079008,10,10
7,11,28079018,10,31
7,11,28079024,10,19
7,11,28079036,10,19
7,11,28079038,10,38
7,11,28079040,10,17
7,11,28079047,10,25
7,11,28079048,10,35
7,11,28079050,10,46
7,11,28079055,10,23
7,11,28079057,10,21
7,11,28079060,10,17
7,11,28079008,14,5
7,11,28079016,14,6
7,11,28079017,14,6
7,11,28079018,14,3
7,11,28079024,14,4
7,11,28079027,14,7
7,11,28079035,14,2
7,11,28079039,14,2
7,11,28079049,14,1
7,11,28079054,14,8
7,11,28079056,14,4
7,11,28079058,14,4
7,11,28079059,14,5
7,11,28079060,14,6
7,11,28079008,20,4.5
7,11,28079011,20,5.2
7,11,28079018,20,3.4
7,11,28079024,20,2.9
7,11,28079038,20,6.1
7,11,28079055,20,3
7,11,28079008,30,2
7,11,28079011,30,3.1
7,11,28079018,30,1.4
7,11,28079024,30,1.4
7,11,28079038,30,2
7,11,28079055,30,1.7
7,11,28079008,35,1.2
7,11,28079011,35,0.6
7,11,28079018,35,0.5
7,11,28079024,35,0.6
7,11,28079038,35,1.1
7,11,28079055,35,0.6
7,11,28079024,42,1.87
7,11,28079027,42,1.74
7,11,28079055,42,2.05
7,11,28079024,44,0.4
7,11,28079027,44,0.24
7,11,28079055,44,0.26
7,12,28079004,01,4
7,12,28079008,01,8
7,12,28079017,01,3
7,12,28079018,01,8
7,12,28079024,01,2
7,12,28079035,01,5
7,12,28079036,01,5
7,12,28079038,01,8
7,12,28079040,01,3
7,12,28079057,01,4
7,12,28079004,06,0.5
7,12,28079008,06,0.5
7,12,28079016,06,0.7
7,12,28079018,06,0.7
7,12,28079024,06,0.4
7,12,28079035,06,0.6
7,12,28079036,06,0.6
7,12,28079039,06,0.7
7,12,28079056,06,0.6
7,12,28079057,06,0.5
7,12,28079004,07,81
7,12,28079008,07,50
7,12,28079011,07,63
7,12,28079016,07,74
7,12,28079017,07,28
7,12,28079018,07,54
7,12,28079024,07,43
7,12,28079027,07,51
7,12,28079035,07,64
7,12,28079036,07,48
7,12,28079038,07,91
7,12,28079039,07,102
7,12,28079040,07,25
7,12,28079047,07,85
7,12,28079048,07,71
7,12,28079049,07,35
7,12,28079050,07,61
7,12,28079054,07,69
7,12,28079055,07,52
7,12,28079056,07,84
7,12,28079057,07,35
7,12,28079058,07,27
7,12,28079059,07,48
7,12,28079060,07,32
7,12,28079004,08,40
7,12,28079008,08,50
7,12,28079011,08,56
7,12,28079016,08,56
7,12,28079017,08,45
7,12,28079018,08,48
7,12,28079024,08,36
7,12,28079027,08,50
7,12,28079035,08,50
7,12,28079036,08,41
7,12,28079038,08,63
7,12,28079039,08,65
7,12,28079040,08,46
7,12,28079047,08,52
7,12,28079048,08,61
7,12,28079049,08,43
7,12,28079050,08,58
7,12,28079054,08,35
7,12,28079055,08,51
7,12,28079056,08,59
7,12,28079057,08,46
7,12,28079058,08,27
7,12,28079059,08,21
7,12,28079060,08,50
7,12,28079008,09,18
7,12,28079024,09,17
7,12,28079038,09,29
7,12,28079047,09,27
7,12,28079048,09,25
7,12,28079050,09,25
7,12,28079008,10,12
7,12,28079018,10,24
7,12,28079024,10,21
7,12,28079036,10,17
7,12,28079038,10,31
7,12,28079040,10,13
7,12,28079047,10,35
7,12,28079048,10,40
7,12,28079050,10,33
7,12,28079055,10,23
7,12,28079057,10,14
7,12,28079060,10,21
7,12,28079008,14,7
7,12,28079016,14,4
7,12,28079017,14,7
7,12,28079018,14,3
7,12,28079024,14,5
7,12,28079027,14,8
7,12,28079035,14,5
7,12,28079039,14,2
7,12,28079049,14,9
7,12,28079054,14,6
7,12,28079056,14,3
7,12,28079058,14,6
7,12,28079059,14,6
7,12,28079060,14,6
7,12,28079008,20,4.8
7,12,28079011,20,5.6
7,12,28079018,20,2.8
7,12,28079024,20,2.9
7,12,28079038,20,5.7
7,12,28079055,20,2.9
7,12,28079008,30,2.2
7,12,28079011,30,3.3
7,12,28079018,30,1.7
7,12,28079024,30,1.3
7,12,28079038,30,1.8
7,12,28079055,30,1.8
7,12,28079008,35,1.2
7,12,28079011,35,0.8
7,12,28079018,35,0.3
7,12,28079024,35,0.6
7,12,28079038,35,1
7,12,28079055,35,0.5
7,12,28079024,42,1.85
7,12,28079027,42,1.61
7,12,28079055,42,2.01
7,12,28079024,44,0.39
7,12,28079027,44,0.21
7,12,28079055,44,0.27
7,13,28079004,01,6
7,13,28079008,01,7
7,13,28079017,01,3
7,13,28079018,01,8
7,13,28079024,01,2
7,13,28079035,01,3
7,13,28079036,01,13
7,13,28079038,01,7
7,13,28079040,01,3
7,13,28079057,01,5
7,13,28079004,06,0.7
7,13,28079008,06,0.4
7,13,28079016,06,0.5
7,13,28079018,06,0.6
7,13,28079024,06,0.4
7,13,28079035,06,0.3
7,13,28079036,06,0.6
7,13,28079039,06,0.6
7,13,28079056,06,0.6
7,13,28079057,06,0.5
7,13,28079004,07,137
7,13,28079008,07,13
7,13,28079011,07,85
7,13,28079016,07,35
7,13,28079017,07,30
7,13,28079018,07,58
7,13,28079024,07,33
7,13,28079027,07,17
7,13,28079035,07,10
7,13,28079036,07,48
7,13,28079038,07,53
7,13,28079039,07,88
7,13,28079040,07,27
7,13,28079047,07,107
7,13,28079048,07,34
7,13,28079049,07,5
7,13,28079050,07,82
7,13,28079054,07,45
7,13,28079055,07,41
7,13,28079056,07,68
7,13,28079057,07,47
7,13,28079058,07,22
7,13,28079059,07,24
7,13,28079060,07,40
7,13,28079004,08,61
7,13,28079008,08,35
7,13,28079011,08,66
7,13,28079016,08,48
7,13,28079017,08,41
7,13,28079018,08,55
7,13,28079024,08,36
7,13,28079027,08,36
7,13,28079035,08,30
7,13,28079036,08,42
7,13,28079038,08,59
7,13,28079039,08,63
7,13,28079040,08,52
7,13,28079047,08,59
7,13,28079048,08,55
7,13,28079049,08,35
7,13,28079050,08,67
7,13,28079054,08,33
7,13,28079055,08,51
7,13,28079056,08,62
7,13,28079057,08,52
7,13,28079058,08,32
7,13,28079059,08,24
7,13,28079060,08,53
7,13,28079008,09,9
7,13,28079024,09,16
7,13,28079038,09,12
7,13,28079047,09,26
7,13,28079048,09,9
7,13,28079050,09,27
7,13,28079008,10,4
7,13,28079018,10,17
7,13,28079024,10,15
7,13,28079036,10,11
7,13,28079038,10,15
7,13,28079040,10,12
7,13,28079047,10,27
7,13,28079048,10,16
7,13,28079050,10,34
7,13,28079055,10,15
7,13,28079057,10,17
7,13,28079060,10,16
7,13,28079008,14,21
7,13,28079016,14,6
7,13,28079017,14,7
7,13,28079018,14,4
7,13,28079024,14,7
7,13,28079027,14,16
7,13,28079035,14,20
7,13,28079039,14,3
7,13,28079049,14,19
7,13,28079054,14,11
7,13,28079056,14,6
7,13,28079058,14,8
7,13,28079059,14,9
7,13,28079060,14,5
7,13,28079008,20,3.1
7,13,28079011,20,6.2
7,13,28079018,20,2.5
7,13,28079024,20,2.7
7,13,28079038,20,4.5
7,13,28079055,20,4.7
7,13,28079008,30,1.5
7,13,28079011,30,3.7
7,13,28079018,30,0.8
7,13,28079024,30,1.2
7,13,28079038,30,1.4
7,13,28079055,30,1.6
7,13,28079008,35,0.9
7,13,28079011,35,0.9
7,13,28079018,35,0.2
7,13,28079024,35,0.6
7,13,28079038,35,1
7,13,28079055,35,0.6
7,13,28079024,42,1.82
7,13,28079027,42,1.48
7,13,28079055,42,1.93
7,13,28079024,44,0.37
7,13,28079027,44,0.18
7,13,28079055,44,0.26
7,14,28079004,01,4
7,14,28079008,01,7
7,14,28079017,01,4
7,14,28079018,01,8
7,14,28079024,01,2
7,14,28079035,01,4
7,14,28079036,01,11
7,14,28079038,01,5
7,14,28079040,01,3
7,14,28079057,01,6
7,14,28079004,06,0.4
7,14,28079008,06,0.4
7,14,28079016,06,0.6
7,14,28079018,06,0.6
7,14,28079024,06,0.4
7,14,28079035,06,0.4
7,14,28079036,06,0.6
7,14,28079039,06,0.4
7,14,28079056,06,0.5
7,14,28079057,06,0.7
7,14,28079004,07,18
7,14,28079008,07,17
7,14,28079011,07,87
7,14,28079016,07,44
7,14,28079017,07,42
7,14,28079018,07,36
7,14,28079024,07,27
7,14,28079027,07,15
7,14,28079035,07,18
7,14,28079036,07,54
7,14,28079038,07,32
7,14,28079039,07,26
7,14,28079040,07,14
7,14,28079047,07,14
7,14,28079048,07,30
7,14,28079049,07,11
7,14,28079050,07,65
7,14,28079054,07,43
7,14,28079055,07,34
7,14,28079056,07,66
7,14,28079057,07,69
7,14,28079058,07,21
7,14,28079059,07,30
7,14,28079060,07,46
7,14,28079004,08,46
7,14,28079008,08,42
7,14,28079011,08,69
7,14,28079016,08,56
7,14,28079017,08,52
7,14,28079018,08,57
7,14,28079024,08,39
7,14,28079027,08,44
7,14,28079035,08,43
7,14,28079036,08,51
7,14,28079038,08,52
7,14,28079039,08,55
7,14,28079040,08,43
7,14,28079047,08,41
7,14,28079048,08,57
7,14,28079049,08,46
7,14,28079050,08,68
7,14,28079054,08,42
7,14,28079055,08,56
7,14,28079056,08,73
7,14,28079057,08,64
7,14,28079058,08,39
7,14,28079059,08,28
7,14,28079060,08,57
7,14,28079008,09,12
7,14,28079024,09,14
7,14,28079038,09,6
7,14,28079047,09,10
7,14,28079048,09,3
7,14,28079050,09,20
7,14,28079008,10,5
7,14,28079018,10,14
7,14,28079024,10,14
7,14,28079036,10,22
7,14,28079038,10,9
7,14,28079040,10,9
7,14,28079047,10,8
7,14,28079048,10,8
7,14,28079050,10,22
7,14,28079055,10,10
7,14,28079057,10,25
7,14,28079060,10,14
7,14,28079008,14,17
7,14,28079016,14,6
7,14,28079017,14,6
7,14,28079018,14,6
7,14,28079024,14,9
7,14,28079027,14,17
7,14,28079035,14,16
7,14,28079039,14,9
7,14,28079049,14,14
7,14,28079054,14,11
7,14,28079056,14,7
7,14,28079058,14,10
7,14,28079059,14,8
7,14,28079060,14,5
7,14,28079008,20,3.3
7,14,28079011,20,6.3
7,14,28079018,20,2.1
7,14,28079024,20,2.3
7,14,28079038,20,2.3
7,14,28079055,20,3.7
7,14,28079008,30,1.6
7,14,28079011,30,3.8
7,14,28079018,30,0.8
7,14,28079024,30,1.1
7,14,28079038,30,0.9
7,14,28079055,30,1.4
7,14,28079008,35,1
7,14,28079011,35,0.7
7,14,28079018,35,0.2
7,14,28079024,35,0.5
7,14,28079038,35,0.7
7,14,28079055,35,0.6
7,14,28079024,42,1.7
7,14,28079027,42,1.46
7,14,28079055,42,1.79
7,14,28079024,44,0.34
7,14,28079027,44,0.18
7,14,28079055,44,0.21
7,15,28079004,01,4
7,15,28079008,01,7
7,15,28079017,01,4
7,15,28079018,01,8
7,15,28079024,01,2
7,15,28079035,01,4
7,15,28079036,01,7
7,15,28079038,01,5
7,15,28079040,01,4
7,15,28079057,01,6
7,15,28079004,06,0.4
7,15,28079008,06,0.4
7,15,28079016,06,0.6
7,15,28079018,06,0.4
7,15,28079024,06,0.3
7,15,28079035,06,0.4
7,15,28079036,06,0.6
7,15,28079039,06,0.3
7,15,28079056,06,0.4
7,15,28079057,06,0.7
7,15,28079004,07,18
7,15,28079008,07,19
7,15,28079011,07,89
7,15,28079016,07,53
7,15,28079017,07,32
7,15,28079018,07,17
7,15,28079024,07,10
7,15,28079027,07,48
7,15,28079035,07,15
7,15,28079036,07,45
7,15,28079038,07,24
7,15,28079039,07,9
7,15,28079040,07,22
7,15,28079047,07,13
7,15,28079048,07,21
7,15,28079049,07,10
7,15,28079050,07,49
7,15,28079054,07,47
7,15,28079055,07,47
7,15,28079056,07,35
7,15,28079057,07,82
7,15,28079058,07,21
7,15,28079059,07,48
7,15,28079060,07,36
7,15,28079004,08,48
7,15,28079008,08,48
7,15,28079011,08,78
7,15,28079016,08,63
7,15,28079017,08,56
7,15,28079018,08,53
7,15,28079024,08,36
7,15,28079027,08,65
7,15,28079035,08,43
7,15,28079036,08,49
7,15,28079038,08,55
7,15,28079039,08,45
7,15,28079040,08,57
7,15,28079047,08,45
7,15,28079048,08,57
7,15,28079049,08,50
7,15,28079050,08,67
7,15,28079054,08,49
7,15,28079055,08,65
7,15,28079056,08,65
7,15,28079057,08,71
7,15,28079058,08,44
7,15,28079059,08,27
7,15,28079060,08,59
7,15,28079008,09,14
7,15,28079024,09,12
7,15,28079038,09,10
7,15,28079047,09,12
7,15,28079048,09,9
7,15,28079050,09,16
7,15,28079008,10,7
7,15,28079018,10,12
7,15,28079024,10,10
7,15,28079036,10,15
7,15,28079038,10,11
7,15,28079040,10,15
7,15,28079047,10,11
7,15,28079048,10,12
7,15,28079050,10,22
7,15,28079055,10,17
7,15,28079057,10,31
7,15,28079060,10,21
7,15,28079008,14,15
7,15,28079016,14,5
7,15,28079017,14,7
7,15,28079018,14,10
7,15,28079024,14,18
7,15,28079027,14,10
7,15,28079039,14,17
7,15,28079049,14,13
7,15,28079054,14,9
7,15,28079056,14,9
7,15,28079058,14,14
7,15,28079059,14,6
7,15,28079060,14,7
7,15,28079008,20,3.7
7,15,28079011,20,6.5
7,15,28079018,20,1.1
7,15,28079024,20,1.9
7,15,28079038,20,3
7,15,28079055,20,2.7
7,15,28079008,30,1.6
7,15,28079011,30,3.8
7,15,28079018,30,0.5
7,15,28079024,30,1.1
7,15,28079038,30,1.1
7,15,28079055,30,1.4
7,15,28079008,35,0.8
7,15,28079011,35,0.9
7,15,28079018,35,0.9
7,15,28079024,35,0.5
7,15,28079038,35,0.7
7,15,28079055,35,0.5
7,15,28079024,42,1.57
7,15,28079027,42,1.55
7,15,28079055,42,1.82
7,15,28079024,44,0.3
7,15,28079027,44,0.22
7,15,28079055,44,0.22
7,16,28079004,01,4
7,16,28079008,01,8
7,16,28079017,01,3
7,16,28079018,01,7
7,16,28079024,01,2
7,16,28079035,01,4
7,16,28079036,01,9
7,16,28079038,01,4
7,16,28079040,01,4
7,16,28079057,01,6
7,16,28079004,06,0.4
7,16,28079008,06,0.4
7,16,28079016,06,0.7
7,16,28079018,06,0.4
7,16,28079024,06,0.3
7,16,28079035,06,0.4
7,16,28079036,06,0.6
7,16,28079039,06,0.3
7,16,28079056,06,0.5
7,16,28079057,06,0.6
7,16,28079004,07,14
7,16,28079008,07,26
7,16,28079011,07,30
7,16,28079016,07,68
7,16,28079017,07,25
7,16,28079018,07,16
7,16,28079024,07,7
7,16,28079027,07,55
7,16,28079035,07,14
7,16,28079036,07,46
7,16,28079038,07,20
7,16,28079039,07,16
7,16,28079040,07,21
7,16,28079047,07,20
7,16,28079048,07,18
7,16,28079049,07,11
7,16,28079050,07,40
7,16,28079054,07,54
7,16,28079055,07,60
7,16,28079056,07,48
7,16,28079057,07,73
7,16,28079058,07,8
7,16,28079059,07,43
7,16,28079060,07,17
7,16,28079004,08,47
7,16,28079008,08,52
7,16,28079011,08,61
7,16,28079016,08,69
7,16,28079017,08,58
7,16,28079018,08,55
7,16,28079024,08,38
7,16,28079027,08,68
7,16,28079035,08,41
7,16,28079036,08,53
7,16,28079038,08,51
7,16,28079039,08,54
7,16,28079040,08,64
7,16,28079047,08,55
7,16,28079048,08,51
7,16,28079049,08,53
7,16,28079050,08,62
7,16,28079054,08,54
7,16,28079055,08,71
7,16,28079056,08,72
7,16,28079057,08,73
7,16,28079058,08,41
7,16,28079059,08,32
7,16,28079060,08,56
7,16,28079008,09,18
7,16,28079024,09,14
7,16,28079038,09,14
7,16,28079047,09,17
7,16,28079048,09,12
7,16,28079050,09,17
7,16,28079008,10,9
7,16,28079018,10,14
7,16,28079024,10,11
7,16,28079036,10,17
7,16,28079038,10,13
7,16,28079040,10,20
7,16,28079047,10,18
7,16,28079048,10,9
7,16,28079050,10,23
7,16,28079055,10,29
7,16,28079057,10,22
7,16,28079060,10,10
7,16,28079008,14,13
7,16,28079016,14,4
7,16,28079017,14,7
7,16,28079018,14,9
7,16,28079024,14,11
7,16,28079027,14,9
7,16,28079035,14,18
7,16,28079039,14,13
7,16,28079049,14,10
7,16,28079054,14,7
7,16,28079056,14,7
7,16,28079058,14,21
7,16,28079059,14,5
7,16,28079060,14,10
7,16,28079008,20,3.7
7,16,28079011,20,6.2
7,16,28079018,20,1.1
7,16,28079024,20,1.5
7,16,28079038,20,2.9
7,16,28079055,20,3.1
7,16,28079008,30,1.6
7,16,28079011,30,3.4
7,16,28079018,30,0.4
7,16,28079024,30,1
7,16,28079038,30,1
7,16,28079055,30,1.6
7,16,28079008,35,1
7,16,28079011,35,1
7,16,28079018,35,0.6
7,16,28079024,35,0.5
7,16,28079038,35,0.6
7,16,28079055,35,0.5
7,16,28079024,42,1.55
7,16,28079027,42,1.57
7,16,28079055,42,1.87
7,16,28079024,44,0.3
7,16,28079027,44,0.22
7,16,28079055,44,0.24
7,17,28079004,01,4
7,17,28079008,01,7
7,17,28079017,01,3
7,17,28079018,01,7
7,17,28079024,01,2
7,17,28079035,01,4
7,17,28079036,01,13
7,17,28079038,01,4
7,17,28079040,01,3
7,17,28079057,01,5
7,17,28079004,06,0.4
7,17,28079008,06,0.4
7,17,28079016,06,0.6
7,17,28079018,06,0.6
7,17,28079024,06,0.4
7,17,28079035,06,0.4
7,17,28079036,06,0.6
7,17,28079039,06,0.3
7,17,28079056,06,0.4
7,17,28079057,06,0.6
7,17,28079004,07,15
7,17,28079008,07,21
7,17,28079011,07,33
7,17,28079016,07,66
7,17,28079017,07,20
7,17,28079018,07,17
7,17,28079024,07,8
7,17,28079027,07,47
7,17,28079035,07,16
7,17,28079036,07,49
7,17,28079038,07,15
7,17,28079039,07,11
7,17,28079040,07,24
7,17,28079047,07,15
7,17,28079048,07,21
7,17,28079049,07,8
7,17,28079050,07,43
7,17,28079054,07,58
7,17,28079055,07,53
7,17,28079056,07,32
7,17,28079057,07,48
7,17,28079058,07,8
7,17,28079059,07,51
7,17,28079060,07,11
7,17,28079004,08,50
7,17,28079008,08,50
7,17,28079011,08,63
7,17,28079016,08,70
7,17,28079017,08,59
7,17,28079018,08,59
7,17,28079024,08,44
7,17,28079027,08,67
7,17,28079035,08,48
7,17,28079036,08,57
7,17,28079038,08,53
7,17,28079039,08,54
7,17,28079040,08,67
7,17,28079047,08,54
7,17,28079048,08,55
7,17,28079049,08,50
7,17,28079050,08,65
7,17,28079054,08,60
7,17,28079055,08,72
7,17,28079056,08,69
7,17,28079057,08,67
7,17,28079058,08,44
7,17,28079059,08,35
7,17,28079060,08,50
7,17,28079008,09,19
7,17,28079024,09,16
7,17,28079038,09,18
7,17,28079047,09,18
7,17,28079048,09,18
7,17,28079050,09,21
7,17,28079008,10,10
7,17,28079018,10,18
7,17,28079024,10,15
7,17,28079036,10,20
7,17,28079038,10,16
7,17,28079040,10,21
7,17,28079047,10,18
7,17,28079048,10,21
7,17,28079050,10,25
7,17,28079055,10,26
7,17,28079057,10,23
7,17,28079060,10,7
7,17,28079008,14,12
7,17,28079016,14,4
7,17,28079017,14,7
7,17,28079018,14,6
7,17,28079024,14,10
7,17,28079027,14,7
7,17,28079035,14,13
7,17,28079039,14,12
7,17,28079049,14,11
7,17,28079054,14,5
7,17,28079056,14,8
7,17,28079058,14,15
7,17,28079059,14,4
7,17,28079060,14,13
7,17,28079008,20,2.9
7,17,28079011,20,4.8
7,17,28079018,20,1
7,17,28079024,20,1.5
7,17,28079038,20,2.3
7,17,28079055,20,3.2
7,17,28079008,30,1.4
7,17,28079011,30,2.7
7,17,28079018,30,0.5
7,17,28079024,30,1
7,17,28079038,30,0.9
7,17,28079055,30,1.5
7,17,28079008,35,1.2
7,17,28079011,35,0.5
7,17,28079018,35,0.9
7,17,28079024,35,0.5
7,17,28079038,35,0.5
7,17,28079055,35,0.6
7,17,28079024,42,1.56
7,17,28079027,42,1.52
7,17,28079055,42,1.85
7,17,28079024,44,0.3
7,17,28079027,44,0.2
7,17,28079055,44,0.24
7,18,28079004,01,4
7,18,28079008,01,7
7,18,28079017,01,3
7,18,28079018,01,7
7,18,28079024,01,1
7,18,28079035,01,4
7,18,28079036,01,8
7,18,28079038,01,4
7,18,28079040,01,4
7,18,28079057,01,6
7,18,28079004,06,0.4
7,18,28079008,06,0.4
7,18,28079016,06,0.6
7,18,28079018,06,0.5
7,18,28079024,06,0.3
7,18,28079035,06,0.4
7,18,28079036,06,0.6
7,18,28079039,06,0.3
7,18,28079056,06,0.5
7,18,28079057,06,0.6
7,18,28079004,07,13
7,18,28079008,07,19
7,18,28079011,07,32
7,18,28079016,07,68
7,18,28079017,07,10
7,18,28079018,07,17
7,18,28079024,07,6
7,18,28079027,07,51
7,18,28079035,07,14
7,18,28079036,07,66
7,18,28079038,07,22
7,18,28079039,07,12
7,18,28079040,07,23
7,18,28079047,07,8
7,18,28079048,07,18
7,18,28079049,07,4
7,18,28079050,07,42
7,18,28079054,07,65
7,18,28079055,07,60
7,18,28079056,07,41
7,18,28079057,07,44
7,18,28079058,07,8
7,18,28079059,07,44
7,18,28079060,07,8
7,18,28079004,08,51
7,18,28079008,08,48
7,18,28079011,08,65
7,18,28079016,08,72
7,18,28079017,08,51
7,18,28079018,08,63
7,18,28079024,08,47
7,18,28079027,08,69
7,18,28079035,08,46
7,18,28079036,08,62
7,18,28079038,08,59
7,18,28079039,08,55
7,18,28079040,08,69
7,18,28079047,08,51
7,18,28079048,08,53
7,18,28079049,08,43
7,18,28079050,08,63
7,18,28079054,08,64
7,18,28079055,08,78
7,18,28079056,08,75
7,18,28079057,08,65
7,18,28079058,08,47
7,18,28079059,08,35
7,18,28079060,08,51
7,18,28079008,09,19
7,18,28079024,09,16
7,18,28079038,09,17
7,18,28079047,09,16
7,18,28079048,09,15
7,18,28079050,09,20
7,18,28079008,10,10
7,18,28079018,10,18
7,18,28079024,10,14
7,18,28079036,10,31
7,18,28079038,10,16
7,18,28079040,10,22
7,18,28079047,10,16
7,18,28079048,10,18
7,18,28079050,10,24
7,18,28079055,10,30
7,18,28079057,10,25
7,18,28079060,10,14
7,18,28079008,14,14
7,18,28079016,14,3
7,18,28079017,14,16
7,18,28079018,14,4
7,18,28079024,14,7
7,18,28079027,14,6
7,18,28079035,14,16
7,18,28079039,14,13
7,18,28079049,14,16
7,18,28079054,14,4
7,18,28079056,14,6
7,18,28079058,14,11
7,18,28079059,14,3
7,18,28079060,14,13
7,18,28079008,20,3.2
7,18,28079011,20,5.5
7,18,28079018,20,1.2
7,18,28079024,20,1.5
7,18,28079038,20,2.5
7,18,28079055,20,4.1
7,18,28079008,30,1.5
7,18,28079011,30,3.2
7,18,28079018,30,0.6
7,18,28079024,30,1
7,18,28079038,30,1.1
7,18,28079055,30,1.9
7,18,28079008,35,0.9
7,18,28079011,35,0.6
7,18,28079018,35,0.4
7,18,28079024,35,0.4
7,18,28079038,35,0.5
7,18,28079055,35,0.7
7,18,28079024,42,1.55
7,18,28079027,42,1.51
7,18,28079055,42,1.83
7,18,28079024,44,0.3
7,18,28079027,44,0.2
7,18,28079055,44,0.23
7,19,28079004,01,4
7,19,28079008,01,7
7,19,28079017,01,3
7,19,28079018,01,8
7,19,28079024,01,1
7,19,28079035,01,4
7,19,28079036,01,8
7,19,28079038,01,4
7,19,28079040,01,4
7,19,28079057,01,5
7,19,28079004,06,0.4
7,19,28079008,06,0.3
7,19,28079016,06,0.7
7,19,28079018,06,0.5
7,19,28079024,06,0.3
7,19,28079035,06,0.4
7,19,28079036,06,0.6
7,19,28079039,06,0.3
7,19,28079056,06,0.5
7,19,28079057,06,0.5
7,19,28079004,07,12
7,19,28079008,07,15
7,19,28079011,07,40
7,19,28079016,07,69
7,19,28079017,07,10
7,19,28079018,07,35
7,19,28079024,07,4
7,19,28079027,07,49
7,19,28079035,07,9
7,19,28079036,07,55
7,19,28079038,07,18
7,19,28079039,07,10
7,19,28079040,07,10
7,19,28079047,07,3
7,19,28079048,07,14
7,19,28079049,07,1
7,19,28079050,07,38
7,19,28079054,07,105
7,19,28079055,07,58
7,19,28079056,07,47
7,19,28079057,07,38
7,19,28079058,07,7
7,19,28079059,07,31
7,19,28079060,07,5
7,19,28079004,08,49
7,19,28079008,08,37
7,19,28079011,08,67
7,19,28079016,08,74
7,19,28079017,08,45
7,19,28079018,08,71
7,19,28079024,08,47
7,19,28079027,08,65
7,19,28079035,08,36
7,19,28079036,08,55
7,19,28079038,08,49
7,19,28079039,08,48
7,19,28079040,08,53
7,19,28079047,08,35
7,19,28079048,08,47
7,19,28079049,08,22
7,19,28079050,08,59
7,19,28079054,08,68
7,19,28079055,08,72
7,19,28079056,08,75
7,19,28079057,08,62
7,19,28079058,08,48
7,19,28079059,08,33
7,19,28079060,08,45
7,19,28079008,09,14
7,19,28079024,09,16
7,19,28079038,09,15
7,19,28079047,09,12
7,19,28079048,09,13
7,19,28079050,09,18
7,19,28079008,10,8
7,19,28079018,10,20
7,19,28079024,10,14
7,19,28079036,10,25
7,19,28079038,10,15
7,19,28079040,10,16
7,19,28079047,10,12
7,19,28079048,10,16
7,19,28079050,10,22
7,19,28079055,10,30
7,19,28079057,10,20
7,19,28079060,10,14
7,19,28079008,14,25
7,19,28079016,14,3
7,19,28079017,14,19
7,19,28079018,14,2
7,19,28079024,14,4
7,19,28079027,14,6
7,19,28079035,14,25
7,19,28079039,14,20
7,19,28079049,14,33
7,19,28079054,14,3
7,19,28079056,14,4
7,19,28079058,14,8
7,19,28079059,14,3
7,19,28079060,14,18
7,19,28079008,20,2.9
7,19,28079011,20,6
7,19,28079018,20,1.2
7,19,28079024,20,1.5
7,19,28079038,20,2.9
7,19,28079055,20,2.7
7,19,28079008,30,1.4
7,19,28079011,30,3.5
7,19,28079018,30,0.5
7,19,28079024,30,1
7,19,28079038,30,1
7,19,28079055,30,1.5
7,19,28079008,35,0.9
7,19,28079011,35,0.8
7,19,28079018,35,0.9
7,19,28079024,35,0.5
7,19,28079038,35,0.5
7,19,28079055,35,0.5
7,19,28079024,42,1.56
7,19,28079027,42,1.48
7,19,28079055,42,1.77
7,19,28079024,44,0.3
7,19,28079027,44,0.19
7,19,28079055,44,0.2
7,2,28079004,01,6
7,2,28079008,01,14
7,2,28079017,01,10
7,2,28079018,01,9
7,2,28079024,01,3
7,2,28079035,01,9
7,2,28079036,01,5
7,2,28079038,01,7
7,2,28079040,01,6
7,2,28079057,01,6
7,2,28079004,06,0.8
7,2,28079008,06,0.9
7,2,28079016,06,0.7
7,2,28079018,06,0.7
7,2,28079024,06,0.6
7,2,28079035,06,0.8
7,2,28079036,06,1
7,2,28079039,06,0.8
7,2,28079056,06,0.7
7,2,28079057,06,0.6
7,2,28079004,07,156
7,2,28079008,07,150
7,2,28079011,07,73
7,2,28079016,07,85
7,2,28079017,07,348
7,2,28079018,07,79
7,2,28079024,07,66
7,2,28079027,07,57
7,2,28079035,07,106
7,2,28079036,07,153
7,2,28079038,07,141
7,2,28079039,07,132
7,2,28079040,07,85
7,2,28079047,07,124
7,2,28079048,07,63
7,2,28079049,07,192
7,2,28079050,07,34
7,2,28079054,07,158
7,2,28079055,07,94
7,2,28079056,07,112
7,2,28079057,07,33
7,2,28079058,07,34
7,2,28079059,07,26
7,2,28079060,07,51
7,2,28079004,08,57
7,2,28079008,08,81
7,2,28079011,08,72
7,2,28079016,08,68
7,2,28079017,08,120
7,2,28079018,08,54
7,2,28079024,08,45
7,2,28079027,08,56
7,2,28079035,08,64
7,2,28079036,08,82
7,2,28079038,08,89
7,2,28079039,08,90
7,2,28079040,08,78
7,2,28079047,08,59
7,2,28079048,08,69
7,2,28079049,08,56
7,2,28079050,08,64
7,2,28079054,08,62
7,2,28079055,08,69
7,2,28079056,08,70
7,2,28079057,08,59
7,2,28079058,08,30
7,2,28079059,08,32
7,2,28079060,08,65
7,2,28079008,09,32
7,2,28079024,09,22
7,2,28079038,09,24
7,2,28079047,09,23
7,2,28079048,09,15
7,2,28079050,09,22
7,2,28079008,10,16
7,2,28079018,10,21
7,2,28079024,10,19
7,2,28079036,10,25
7,2,28079038,10,29
7,2,28079040,10,26
7,2,28079047,10,25
7,2,28079048,10,14
7,2,28079050,10,24
7,2,28079055,10,24
7,2,28079057,10,13
7,2,28079060,10,15
7,2,28079008,14,4
7,2,28079016,14,3
7,2,28079017,14,3
7,2,28079018,14,1
7,2,28079024,14,3
7,2,28079027,14,7
7,2,28079035,14,1
7,2,28079039,14,2
7,2,28079049,14,1
7,2,28079054,14,3
7,2,28079056,14,3
7,2,28079058,14,2
7,2,28079059,14,3
7,2,28079060,14,1
7,2,28079008,20,9.7
7,2,28079011,20,7.9
7,2,28079018,20,3.4
7,2,28079024,20,2.8
7,2,28079038,20,10.7
7,2,28079055,20,4.2
7,2,28079008,30,4.2
7,2,28079011,30,4.2
7,2,28079018,30,1
7,2,28079024,30,1.6
7,2,28079038,30,3.1
7,2,28079055,30,2.1
7,2,28079008,35,3.4
7,2,28079011,35,1.7
7,2,28079018,35,0.3
7,2,28079024,35,0.6
7,2,28079038,35,2.1
7,2,28079055,35,0.8
7,2,28079024,42,1.74
7,2,28079027,42,1.84
7,2,28079055,42,2.31
7,2,28079024,44,0.38
7,2,28079027,44,0.24
7,2,28079055,44,0.3
7,20,28079004,01,4
7,20,28079008,01,7
7,20,28079017,01,3
7,20,28079018,01,8
7,20,28079024,01,1
7,20,28079035,01,4
7,20,28079036,01,24
7,20,28079038,01,4
7,20,28079040,01,4
7,20,28079057,01,5
7,20,28079004,06,0.5
7,20,28079008,06,0.4
7,20,28079016,06,0.6
7,20,28079018,06,0.5
7,20,28079024,06,0.4
7,20,28079035,06,0.3
7,20,28079036,06,0.8
7,20,28079039,06,0.3
7,20,28079056,06,0.5
7,20,28079057,06,0.5
7,20,28079004,07,41
7,20,28079008,07,13
7,20,28079011,07,49
7,20,28079016,07,71
7,20,28079017,07,19
7,20,28079018,07,40
7,20,28079024,07,4
7,20,28079027,07,24
7,20,28079035,07,11
7,20,28079036,07,101
7,20,28079038,07,14
7,20,28079039,07,8
7,20,28079040,07,42
7,20,28079047,07,4
7,20,28079048,07,11
7,20,28079049,07,1
7,20,28079050,07,54
7,20,28079054,07,105
7,20,28079055,07,41
7,20,28079056,07,60
7,20,28079057,07,29
7,20,28079058,07,11
7,20,28079059,07,31
7,20,28079060,07,5
7,20,28079004,08,59
7,20,28079008,08,34
7,20,28079011,08,66
7,20,28079016,08,71
7,20,28079017,08,62
7,20,28079018,08,71
7,20,28079024,08,46
7,20,28079027,08,64
7,20,28079035,08,42
7,20,28079036,08,68
7,20,28079038,08,45
7,20,28079039,08,47
7,20,28079040,08,73
7,20,28079047,08,39
7,20,28079048,08,45
7,20,28079049,08,23
7,20,28079050,08,63
7,20,28079054,08,68
7,20,28079055,08,69
7,20,28079056,08,82
7,20,28079057,08,61
7,20,28079058,08,46
7,20,28079059,08,34
7,20,28079060,08,45
7,20,28079008,09,15
7,20,28079024,09,16
7,20,28079038,09,18
7,20,28079047,09,14
7,20,28079048,09,15
7,20,28079050,09,21
7,20,28079008,10,8
7,20,28079018,10,20
7,20,28079024,10,15
7,20,28079036,10,39
7,20,28079038,10,16
7,20,28079040,10,26
7,20,28079047,10,15
7,20,28079048,10,18
7,20,28079050,10,26
7,20,28079055,10,27
7,20,28079057,10,21
7,20,28079060,10,14
7,20,28079008,14,24
7,20,28079016,14,3
7,20,28079017,14,6
7,20,28079018,14,2
7,20,28079024,14,5
7,20,28079027,14,6
7,20,28079035,14,23
7,20,28079039,14,19
7,20,28079049,14,30
7,20,28079054,14,3
7,20,28079056,14,3
7,20,28079058,14,7
7,20,28079059,14,3
7,20,28079060,14,18
7,20,28079008,20,2.2
7,20,28079011,20,5.9
7,20,28079018,20,1.5
7,20,28079024,20,1.5
7,20,28079038,20,1.7
7,20,28079055,20,2.1
7,20,28079008,30,1.1
7,20,28079011,30,3.3
7,20,28079018,30,0.5
7,20,28079024,30,0.9
7,20,28079038,30,0.9
7,20,28079055,30,1.1
7,20,28079008,35,0.6
7,20,28079011,35,0.8
7,20,28079018,35,0.4
7,20,28079024,35,0.4
7,20,28079038,35,0.3
7,20,28079055,35,0.4
7,20,28079024,42,1.55
7,20,28079027,42,1.46
7,20,28079055,42,1.74
7,20,28079024,44,0.3
7,20,28079027,44,0.18
7,20,28079055,44,0.2
7,21,28079004,01,4
7,21,28079008,01,7
7,21,28079017,01,3
7,21,28079018,01,8
7,21,28079024,01,2
7,21,28079035,01,4
7,21,28079036,01,12
7,21,28079038,01,4
7,21,28079040,01,5
7,21,28079057,01,5
7,21,28079004,06,0.4
7,21,28079008,06,0.4
7,21,28079016,06,0.7
7,21,28079018,06,0.6
7,21,28079024,06,0.4
7,21,28079035,06,0.4
7,21,28079036,06,0.8
7,21,28079039,06,0.3
7,21,28079056,06,0.6
7,21,28079057,06,0.6
7,21,28079004,07,21
7,21,28079008,07,15
7,21,28079011,07,38
7,21,28079016,07,57
7,21,28079017,07,12
7,21,28079018,07,30
7,21,28079024,07,10
7,21,28079027,07,33
7,21,28079035,07,13
7,21,28079036,07,111
7,21,28079038,07,20
7,21,28079039,07,6
7,21,28079040,07,65
7,21,28079047,07,4
7,21,28079048,07,18
7,21,28079049,07,1
7,21,28079050,07,25
7,21,28079054,07,101
7,21,28079055,07,41
7,21,28079056,07,67
7,21,28079057,07,40
7,21,28079058,07,18
7,21,28079059,07,15
7,21,28079060,07,3
7,21,28079004,08,48
7,21,28079008,08,41
7,21,28079011,08,64
7,21,28079016,08,70
7,21,28079017,08,51
7,21,28079018,08,68
7,21,28079024,08,50
7,21,28079027,08,64
7,21,28079035,08,43
7,21,28079036,08,77
7,21,28079038,08,46
7,21,28079039,08,42
7,21,28079040,08,81
7,21,28079047,08,45
7,21,28079048,08,48
7,21,28079049,08,33
7,21,28079050,08,49
7,21,28079054,08,68
7,21,28079055,08,71
7,21,28079056,08,83
7,21,28079057,08,66
7,21,28079058,08,43
7,21,28079059,08,35
7,21,28079060,08,39
7,21,28079008,09,17
7,21,28079024,09,18
7,21,28079038,09,14
7,21,28079047,09,15
7,21,28079048,09,12
7,21,28079050,09,19
7,21,28079008,10,9
7,21,28079018,10,20
7,21,28079024,10,17
7,21,28079036,10,42
7,21,28079038,10,14
7,21,28079040,10,33
7,21,28079047,10,15
7,21,28079048,10,14
7,21,28079050,10,22
7,21,28079055,10,27
7,21,28079057,10,24
7,21,28079060,10,12
7,21,28079008,14,18
7,21,28079016,14,3
7,21,28079017,14,12
7,21,28079018,14,2
7,21,28079024,14,3
7,21,28079027,14,7
7,21,28079035,14,15
7,21,28079039,14,18
7,21,28079049,14,21
7,21,28079054,14,3
7,21,28079056,14,3
7,21,28079058,14,6
7,21,28079059,14,3
7,21,28079060,14,22
7,21,28079008,20,3.1
7,21,28079011,20,5.5
7,21,28079018,20,1.5
7,21,28079024,20,1.5
7,21,28079038,20,2.1
7,21,28079008,30,1.5
7,21,28079011,30,3.2
7,21,28079018,30,0.5
7,21,28079024,30,1
7,21,28079038,30,0.9
7,21,28079008,35,0.8
7,21,28079011,35,0.7
7,21,28079018,35,0.4
7,21,28079024,35,0.5
7,21,28079038,35,0.4
7,21,28079024,42,1.56
7,21,28079027,42,1.46
7,21,28079055,42,1.73
7,21,28079024,44,0.3
7,21,28079027,44,0.18
7,21,28079055,44,0.2
7,22,28079004,01,3
7,22,28079008,01,7
7,22,28079017,01,3
7,22,28079018,01,8
7,22,28079024,01,1
7,22,28079035,01,4
7,22,28079036,01,14
7,22,28079038,01,4
7,22,28079040,01,5
7,22,28079057,01,5
7,22,28079004,06,0.4
7,22,28079008,06,0.4
7,22,28079016,06,0.6
7,22,28079018,06,0.5
7,22,28079024,06,0.4
7,22,28079035,06,0.4
7,22,28079036,06,0.7
7,22,28079039,06,0.3
7,22,28079056,06,0.5
7,22,28079057,06,0.6
7,22,28079004,07,12
7,22,28079008,07,17
7,22,28079011,07,40
7,22,28079016,07,51
7,22,28079017,07,6
7,22,28079018,07,19
7,22,28079024,07,5
7,22,28079027,07,20
7,22,28079035,07,9
7,22,28079036,07,89
7,22,28079038,07,20
7,22,28079039,07,2
7,22,28079040,07,61
7,22,28079047,07,5
7,22,28079048,07,13
7,22,28079049,07,2
7,22,28079050,07,30
7,22,28079054,07,91
7,22,28079055,07,29
7,22,28079056,07,59
7,22,28079057,07,39
7,22,28079058,07,15
7,22,28079059,07,7
7,22,28079060,07,3
7,22,28079004,08,44
7,22,28079008,08,45
7,22,28079011,08,63
7,22,28079016,08,70
7,22,28079017,08,40
7,22,28079018,08,64
7,22,28079024,08,41
7,22,28079027,08,58
7,22,28079035,08,41
7,22,28079036,08,67
7,22,28079038,08,48
7,22,28079039,08,36
7,22,28079040,08,81
7,22,28079047,08,51
7,22,28079048,08,47
7,22,28079049,08,42
7,22,28079050,08,49
7,22,28079054,08,64
7,22,28079055,08,66
7,22,28079056,08,75
7,22,28079057,08,63
7,22,28079058,08,42
7,22,28079059,08,33
7,22,28079060,08,38
7,22,28079008,09,18
7,22,28079024,09,17
7,22,28079038,09,16
7,22,28079047,09,16
7,22,28079048,09,12
7,22,28079050,09,18
7,22,28079008,10,9
7,22,28079018,10,18
7,22,28079024,10,15
7,22,28079036,10,36
7,22,28079038,10,16
7,22,28079040,10,30
7,22,28079047,10,17
7,22,28079048,10,15
7,22,28079050,10,21
7,22,28079055,10,24
7,22,28079057,10,25
7,22,28079060,10,10
7,22,28079008,14,13
7,22,28079016,14,3
7,22,28079017,14,16
7,22,28079018,14,4
7,22,28079024,14,9
7,22,28079027,14,8
7,22,28079035,14,15
7,22,28079039,14,26
7,22,28079049,14,13
7,22,28079054,14,3
7,22,28079056,14,4
7,22,28079058,14,8
7,22,28079059,14,4
7,22,28079060,14,20
7,22,28079008,20,2
7,22,28079011,20,5.4
7,22,28079018,20,1.3
7,22,28079024,20,1.6
7,22,28079038,20,2.6
7,22,28079008,30,1.1
7,22,28079011,30,3.2
7,22,28079018,30,0.5
7,22,28079024,30,1
7,22,28079038,30,1
7,22,28079008,35,0.6
7,22,28079011,35,0.6
7,22,28079018,35,0.7
7,22,28079024,35,0.5
7,22,28079038,35,0.5
7,22,28079024,42,1.5
7,22,28079027,42,1.45
7,22,28079055,42,1.73
7,22,28079024,44,0.28
7,22,28079027,44,0.18
7,22,28079055,44,0.2
7,23,28079004,01,3
7,23,28079008,01,7
7,23,28079017,01,3
7,23,28079018,01,7
7,23,28079024,01,1
7,23,28079035,01,3
7,23,28079036,01,9
7,23,28079038,01,3
7,23,28079040,01,5
7,23,28079057,01,5
7,23,28079004,06,0.4
7,23,28079008,06,0.4
7,23,28079016,06,0.5
7,23,28079018,06,0.5
7,23,28079024,06,0.3
7,23,28079035,06,0.4
7,23,28079036,06,0.6
7,23,28079039,06,0.3
7,23,28079056,06,0.4
7,23,28079057,06,0.6
7,23,28079004,07,8
7,23,28079008,07,12
7,23,28079011,07,30
7,23,28079016,07,28
7,23,28079017,07,4
7,23,28079018,07,11
7,23,28079024,07,1
7,23,28079027,07,14
7,23,28079035,07,11
7,23,28079036,07,73
7,23,28079038,07,11
7,23,28079039,07,4
7,23,28079040,07,60
7,23,28079047,07,6
7,23,28079048,07,6
7,23,28079049,07,3
7,23,28079050,07,37
7,23,28079054,07,78
7,23,28079055,07,25
7,23,28079056,07,32
7,23,28079057,07,28
7,23,28079058,07,9
7,23,28079059,07,6
7,23,28079060,07,1
7,23,28079004,08,41
7,23,28079008,08,48
7,23,28079011,08,59
7,23,28079016,08,60
7,23,28079017,08,32
7,23,28079018,08,58
7,23,28079024,08,28
7,23,28079027,08,50
7,23,28079035,08,46
7,23,28079036,08,63
7,23,28079038,08,42
7,23,28079039,08,41
7,23,28079040,08,80
7,23,28079047,08,56
7,23,28079048,08,44
7,23,28079049,08,47
7,23,28079050,08,56
7,23,28079054,08,61
7,23,28079055,08,60
7,23,28079056,08,69
7,23,28079057,08,60
7,23,28079058,08,35
7,23,28079059,08,29
7,23,28079060,08,35
7,23,28079008,09,18
7,23,28079024,09,14
7,23,28079038,09,15
7,23,28079047,09,17
7,23,28079048,09,14
7,23,28079050,09,19
7,23,28079008,10,9
7,23,28079018,10,18
7,23,28079024,10,12
7,23,28079036,10,33
7,23,28079038,10,15
7,23,28079040,10,30
7,23,28079047,10,17
7,23,28079048,10,13
7,23,28079050,10,23
7,23,28079055,10,21
7,23,28079057,10,19
7,23,28079060,10,8
7,23,28079008,14,9
7,23,28079016,14,3
7,23,28079017,14,22
7,23,28079018,14,5
7,23,28079024,14,18
7,23,28079027,14,8
7,23,28079035,14,11
7,23,28079039,14,18
7,23,28079049,14,8
7,23,28079054,14,4
7,23,28079056,14,5
7,23,28079058,14,9
7,23,28079059,14,5
7,23,28079060,14,16
7,23,28079008,20,3.8
7,23,28079011,20,4.8
7,23,28079018,20,1.1
7,23,28079024,20,1.4
7,23,28079038,20,2.4
7,23,28079008,30,1.7
7,23,28079011,30,2.8
7,23,28079018,30,0.5
7,23,28079024,30,0.9
7,23,28079038,30,0.9
7,23,28079008,35,1.2
7,23,28079011,35,0.5
7,23,28079018,35,1
7,23,28079024,35,0.4
7,23,28079038,35,0.5
7,23,28079024,42,1.46
7,23,28079027,42,1.44
7,23,28079055,42,1.7
7,23,28079024,44,0.28
7,23,28079027,44,0.16
7,23,28079055,44,0.17
7,24,28079004,01,3
7,24,28079008,01,8
7,24,28079017,01,3
7,24,28079018,01,7
7,24,28079024,01,1
7,24,28079035,01,4
7,24,28079036,01,14
7,24,28079038,01,3
7,24,28079040,01,5
7,24,28079057,01,4
7,24,28079004,06,0.4
7,24,28079008,06,0.5
7,24,28079016,06,0.4
7,24,28079018,06,0.4
7,24,28079024,06,0.3
7,24,28079035,06,0.4
7,24,28079036,06,0.7
7,24,28079039,06,0.3
7,24,28079056,06,0.3
7,24,28079057,06,0.5
7,24,28079004,07,6
7,24,28079008,07,24
7,24,28079011,07,17
7,24,28079016,07,10
7,24,28079017,07,1
7,24,28079018,07,5
7,24,28079024,07,1
7,24,28079027,07,11
7,24,28079035,07,10
7,24,28079036,07,49
7,24,28079038,07,8
7,24,28079039,07,3
7,24,28079040,07,47
7,24,28079047,07,11
7,24,28079048,07,11
7,24,28079049,07,17
7,24,28079050,07,17
7,24,28079054,07,45
7,24,28079055,07,19
7,24,28079056,07,15
7,24,28079057,07,21
7,24,28079058,07,7
7,24,28079059,07,5
7,24,28079060,07,5
7,24,28079004,08,48
7,24,28079008,08,57
7,24,28079011,08,56
7,24,28079016,08,52
7,24,28079017,08,29
7,24,28079018,08,54
7,24,28079024,08,20
7,24,28079027,08,46
7,24,28079035,08,53
7,24,28079036,08,55
7,24,28079038,08,43
7,24,28079039,08,38
7,24,28079040,08,75
7,24,28079047,08,58
7,24,28079048,08,52
7,24,28079049,08,60
7,24,28079050,08,54
7,24,28079054,08,59
7,24,28079055,08,55
7,24,28079056,08,59
7,24,28079057,08,57
7,24,28079058,08,28
7,24,28079059,08,27
7,24,28079060,08,49
7,24,28079008,09,20
7,24,28079024,09,12
7,24,28079038,09,15
7,24,28079047,09,18
7,24,28079048,09,20
7,24,28079050,09,21
7,24,28079008,10,11
7,24,28079018,10,17
7,24,28079024,10,11
7,24,28079036,10,26
7,24,28079038,10,15
7,24,28079040,10,35
7,24,28079047,10,19
7,24,28079048,10,23
7,24,28079050,10,23
7,24,28079055,10,18
7,24,28079057,10,16
7,24,28079060,10,17
7,24,28079008,14,4
7,24,28079016,14,4
7,24,28079017,14,24
7,24,28079018,14,6
7,24,28079024,14,25
7,24,28079027,14,9
7,24,28079035,14,5
7,24,28079039,14,18
7,24,28079049,14,1
7,24,28079054,14,4
7,24,28079056,14,7
7,24,28079058,14,15
7,24,28079059,14,6
7,24,28079060,14,7
7,24,28079008,20,3.6
7,24,28079011,20,5.4
7,24,28079018,20,1.1
7,24,28079024,20,1.1
7,24,28079038,20,3.5
7,24,28079008,30,1.7
7,24,28079011,30,3.2
7,24,28079018,30,0.5
7,24,28079024,30,0.9
7,24,28079038,30,1.1
7,24,28079008,35,1
7,24,28079011,35,0.6
7,24,28079018,35,1
7,24,28079024,35,0.4
7,24,28079038,35,0.7
7,24,28079024,42,1.42
7,24,28079027,42,1.46
7,24,28079055,42,1.73
7,24,28079024,44,0.27
7,24,28079027,44,0.16
7,24,28079055,44,0.18
7,3,28079004,01,5
7,3,28079008,01,11
7,3,28079017,01,9
7,3,28079018,01,9
7,3,28079024,01,4
7,3,28079035,01,8
7,3,28079036,01,4
7,3,28079038,01,8
7,3,28079040,01,6
7,3,28079057,01,5
7,3,28079004,06,0.7
7,3,28079008,06,0.8
7,3,28079016,06,0.6
7,3,28079018,06,0.7
7,3,28079024,06,0.7
7,3,28079035,06,0.7
7,3,28079036,06,0.8
7,3,28079039,06,0.7
7,3,28079056,06,0.6
7,3,28079057,06,0.6
7,3,28079004,07,128
7,3,28079008,07,98
7,3,28079011,07,37
7,3,28079016,07,49
7,3,28079017,07,296
7,3,28079018,07,84
7,3,28079024,07,95
7,3,28079027,07,45
7,3,28079035,07,110
7,3,28079036,07,126
7,3,28079038,07,183
7,3,28079039,07,114
7,3,28079040,07,110
7,3,28079047,07,108
7,3,28079048,07,50
7,3,28079049,07,127
7,3,28079050,07,34
7,3,28079054,07,105
7,3,28079055,07,61
7,3,28079056,07,118
7,3,28079057,07,25
7,3,28079058,07,32
7,3,28079059,07,23
7,3,28079060,07,42
7,3,28079004,08,45
7,3,28079008,08,63
7,3,28079011,08,58
7,3,28079016,08,56
7,3,28079017,08,103
7,3,28079018,08,51
7,3,28079024,08,49
7,3,28079027,08,47
7,3,28079035,08,60
7,3,28079036,08,73
7,3,28079038,08,88
7,3,28079039,08,66
7,3,28079040,08,79
7,3,28079047,08,50
7,3,28079048,08,63
7,3,28079049,08,41
7,3,28079050,08,57
7,3,28079054,08,49
7,3,28079055,08,54
7,3,28079056,08,67
7,3,28079057,08,55
7,3,28079058,08,25
7,3,28079059,08,29
7,3,28079060,08,59
7,3,28079008,09,25
7,3,28079024,09,23
7,3,28079038,09,23
7,3,28079047,09,22
7,3,28079048,09,15
7,3,28079050,09,22
7,3,28079008,10,12
7,3,28079018,10,20
7,3,28079024,10,20
7,3,28079036,10,23
7,3,28079038,10,31
7,3,28079040,10,29
7,3,28079047,10,24
7,3,28079048,10,12
7,3,28079050,10,25
7,3,28079055,10,20
7,3,28079057,10,14
7,3,28079060,10,8
7,3,28079008,14,4
7,3,28079016,14,3
7,3,28079017,14,3
7,3,28079018,14,1
7,3,28079024,14,3
7,3,28079027,14,7
7,3,28079035,14,1
7,3,28079039,14,2
7,3,28079049,14,1
7,3,28079054,14,3
7,3,28079056,14,3
7,3,28079058,14,2
7,3,28079059,14,3
7,3,28079060,14,1
7,3,28079008,20,7.2
7,3,28079011,20,6.6
7,3,28079018,20,2.8
7,3,28079024,20,3.1
7,3,28079038,20,9.5
7,3,28079055,20,4
7,3,28079008,30,3.3
7,3,28079011,30,3.7
7,3,28079018,30,0.9
7,3,28079024,30,1.7
7,3,28079038,30,2.7
7,3,28079055,30,1.8
7,3,28079008,35,2.1
7,3,28079011,35,1.1
7,3,28079018,35,0.2
7,3,28079024,35,0.6
7,3,28079038,35,1.8
7,3,28079055,35,0.7
7,3,28079024,42,1.78
7,3,28079027,42,1.87
7,3,28079055,42,2.19
7,3,28079024,44,0.4
7,3,28079027,44,0.23
7,3,28079055,44,0.27
7,4,28079004,01,5
7,4,28079008,01,10
7,4,28079017,01,8
7,4,28079018,01,8
7,4,28079024,01,4
7,4,28079035,01,7
7,4,28079036,01,3
7,4,28079038,01,5
7,4,28079040,01,4
7,4,28079057,01,4
7,4,28079004,06,0.6
7,4,28079008,06,0.7
7,4,28079016,06,0.6
7,4,28079018,06,0.7
7,4,28079024,06,0.7
7,4,28079035,06,0.7
7,4,28079036,06,0.6
7,4,28079039,06,0.6
7,4,28079056,06,0.6
7,4,28079057,06,0.5
7,4,28079004,07,114
7,4,28079008,07,75
7,4,28079011,07,38
7,4,28079016,07,48
7,4,28079017,07,250
7,4,28079018,07,72
7,4,28079024,07,84
7,4,28079027,07,71
7,4,28079035,07,93
7,4,28079036,07,69
7,4,28079038,07,66
7,4,28079039,07,98
7,4,28079040,07,33
7,4,28079047,07,87
7,4,28079048,07,28
7,4,28079049,07,99
7,4,28079050,07,26
7,4,28079054,07,59
7,4,28079055,07,53
7,4,28079056,07,122
7,4,28079057,07,20
7,4,28079058,07,36
7,4,28079059,07,14
7,4,28079060,07,25
7,4,28079004,08,40
7,4,28079008,08,56
7,4,28079011,08,55
7,4,28079016,08,53
7,4,28079017,08,86
7,4,28079018,08,44
7,4,28079024,08,46
7,4,28079027,08,49
7,4,28079035,08,57
7,4,28079036,08,52
7,4,28079038,08,67
7,4,28079039,08,59
7,4,28079040,08,55
7,4,28079047,08,46
7,4,28079048,08,53
7,4,28079049,08,35
7,4,28079050,08,53
7,4,28079054,08,41
7,4,28079055,08,49
7,4,28079056,08,60
7,4,28079057,08,52
7,4,28079058,08,25
7,4,28079059,08,24
7,4,28079060,08,51
7,4,28079008,09,24
7,4,28079024,09,26
7,4,28079038,09,25
7,4,28079047,09,21
7,4,28079048,09,17
7,4,28079050,09,20
7,4,28079008,10,12
7,4,28079018,10,20
7,4,28079024,10,22
7,4,28079036,10,20
7,4,28079038,10,25
7,4,28079040,10,22
7,4,28079047,10,22
7,4,28079048,10,18
7,4,28079050,10,22
7,4,28079055,10,18
7,4,28079057,10,16
7,4,28079060,10,18
7,4,28079008,14,3
7,4,28079016,14,3
7,4,28079017,14,3
7,4,28079018,14,1
7,4,28079024,14,3
7,4,28079027,14,7
7,4,28079035,14,1
7,4,28079039,14,2
7,4,28079049,14,1
7,4,28079054,14,3
7,4,28079056,14,2
7,4,28079058,14,2
7,4,28079059,14,3
7,4,28079060,14,1
7,4,28079008,20,6.7
7,4,28079011,20,6.5
7,4,28079018,20,3.1
7,4,28079024,20,3.9
7,4,28079038,20,8.7
7,4,28079055,20,3.3
7,4,28079008,30,3
7,4,28079011,30,3.6
7,4,28079018,30,1
7,4,28079024,30,2.1
7,4,28079038,30,2.4
7,4,28079055,30,1.5
7,4,28079008,35,1.6
7,4,28079011,35,0.9
7,4,28079018,35,0.2
7,4,28079024,35,0.7
7,4,28079038,35,1.6
7,4,28079055,35,0.7
7,4,28079024,42,1.79
7,4,28079027,42,2.23
7,4,28079055,42,2.32
7,4,28079024,44,0.41
7,4,28079027,44,0.27
7,4,28079055,44,0.31
7,5,28079004,01,5
7,5,28079008,01,10
7,5,28079017,01,8
7,5,28079018,01,8
7,5,28079024,01,3
7,5,28079035,01,6
7,5,28079036,01,2
7,5,28079038,01,4
7,5,28079040,01,3
7,5,28079057,01,4
7,5,28079004,06,0.6
7,5,28079008,06,0.5
7,5,28079016,06,0.5
7,5,28079018,06,0.6
7,5,28079024,06,0.6
7,5,28079035,06,0.6
7,5,28079036,06,0.5
7,5,28079039,06,0.6
7,5,28079056,06,0.6
7,5,28079057,06,0.5
7,5,28079004,07,116
7,5,28079008,07,44
7,5,28079011,07,26
7,5,28079016,07,32
7,5,28079017,07,250
7,5,28079018,07,66
7,5,28079024,07,65
7,5,28079027,07,42
7,5,28079035,07,71
7,5,28079036,07,40
7,5,28079038,07,23
7,5,28079039,07,86
7,5,28079040,07,15
7,5,28079047,07,87
7,5,28079048,07,20
7,5,28079049,07,52
7,5,28079050,07,11
7,5,28079054,07,42
7,5,28079055,07,87
7,5,28079056,07,105
7,5,28079057,07,18
7,5,28079058,07,29
7,5,28079059,07,11
7,5,28079060,07,22
7,5,28079004,08,36
7,5,28079008,08,48
7,5,28079011,08,47
7,5,28079016,08,43
7,5,28079017,08,78
7,5,28079018,08,43
7,5,28079024,08,41
7,5,28079027,08,44
7,5,28079035,08,52
7,5,28079036,08,41
7,5,28079038,08,55
7,5,28079039,08,53
7,5,28079040,08,47
7,5,28079047,08,44
7,5,28079048,08,47
7,5,28079049,08,35
7,5,28079050,08,46
7,5,28079054,08,34
7,5,28079055,08,59
7,5,28079056,08,54
7,5,28079057,08,46
7,5,28079058,08,27
7,5,28079059,08,23
7,5,28079060,08,48
7,5,28079008,09,19
7,5,28079024,09,22
7,5,28079038,09,15
7,5,28079047,09,21
7,5,28079048,09,11
7,5,28079050,09,17
7,5,28079008,10,9
7,5,28079018,10,19
7,5,28079024,10,18
7,5,28079036,10,21
7,5,28079038,10,18
7,5,28079040,10,22
7,5,28079047,10,23
7,5,28079048,10,7
7,5,28079050,10,18
7,5,28079055,10,20
7,5,28079057,10,5
7,5,28079060,10,10
7,5,28079008,14,3
7,5,28079016,14,3
7,5,28079017,14,3
7,5,28079018,14,1
7,5,28079024,14,3
7,5,28079027,14,7
7,5,28079035,14,1
7,5,28079039,14,1
7,5,28079049,14,1
7,5,28079054,14,3
7,5,28079056,14,3
7,5,28079058,14,2
7,5,28079059,14,3
7,5,28079060,14,1
7,5,28079008,20,5.8
7,5,28079011,20,6.3
7,5,28079018,20,2.9
7,5,28079024,20,3.6
7,5,28079038,20,3.7
7,5,28079055,20,3.3
7,5,28079008,30,2.3
7,5,28079011,30,3.5
7,5,28079018,30,0.8
7,5,28079024,30,1.9
7,5,28079038,30,1.3
7,5,28079055,30,1.5
7,5,28079008,35,1.4
7,5,28079011,35,0.9
7,5,28079018,35,0.2
7,5,28079024,35,0.7
7,5,28079038,35,0.8
7,5,28079055,35,0.6
7,5,28079024,42,1.78
7,5,28079027,42,2.03
7,5,28079055,42,2.3
7,5,28079024,44,0.4
7,5,28079027,44,0.25
7,5,28079055,44,0.29
7,6,28079004,01,5
7,6,28079008,01,8
7,6,28079017,01,6
7,6,28079018,01,8
7,6,28079024,01,3
7,6,28079035,01,5
7,6,28079036,01,2
7,6,28079038,01,6
7,6,28079040,01,4
7,6,28079057,01,4
7,6,28079004,06,0.6
7,6,28079008,06,0.5
7,6,28079016,06,0.4
7,6,28079018,06,0.5
7,6,28079024,06,0.6
7,6,28079035,06,0.6
7,6,28079036,06,0.4
7,6,28079039,06,0.5
7,6,28079056,06,0.5
7,6,28079057,06,0.5
7,6,28079004,07,111
7,6,28079008,07,35
7,6,28079011,07,7
7,6,28079016,07,15
7,6,28079017,07,179
7,6,28079018,07,47
7,6,28079024,07,60
7,6,28079027,07,32
7,6,28079035,07,67
7,6,28079036,07,27
7,6,28079038,07,87
7,6,28079039,07,75
7,6,28079040,07,40
7,6,28079047,07,70
7,6,28079048,07,18
7,6,28079049,07,25
7,6,28079050,07,16
7,6,28079054,07,29
7,6,28079055,07,37
7,6,28079056,07,87
7,6,28079057,07,15
7,6,28079058,07,26
7,6,28079059,07,14
7,6,28079060,07,24
7,6,28079004,08,35
7,6,28079008,08,44
7,6,28079011,08,43
7,6,28079016,08,44
7,6,28079017,08,71
7,6,28079018,08,36
7,6,28079024,08,35
7,6,28079027,08,42
7,6,28079035,08,49
7,6,28079036,08,31
7,6,28079038,08,61
7,6,28079039,08,43
7,6,28079040,08,51
7,6,28079047,08,39
7,6,28079048,08,44
7,6,28079049,08,35
7,6,28079050,08,45
7,6,28079054,08,35
7,6,28079055,08,44
7,6,28079056,08,46
7,6,28079057,08,43
7,6,28079058,08,20
7,6,28079059,08,21
7,6,28079060,08,44
7,6,28079008,09,18
7,6,28079024,09,22
7,6,28079038,09,16
7,6,28079047,09,20
7,6,28079048,09,13
7,6,28079050,09,17
7,6,28079008,10,8
7,6,28079018,10,18
7,6,28079024,10,19
7,6,28079036,10,23
7,6,28079038,10,22
7,6,28079040,10,21
7,6,28079047,10,20
7,6,28079048,10,15
7,6,28079050,10,18
7,6,28079055,10,22
7,6,28079057,10,11
7,6,28079060,10,8
7,6,28079008,14,3
7,6,28079016,14,3
7,6,28079017,14,6
7,6,28079018,14,1
7,6,28079024,14,3
7,6,28079027,14,7
7,6,28079035,14,1
7,6,28079039,14,1
7,6,28079049,14,1
7,6,28079054,14,4
7,6,28079056,14,3
7,6,28079058,14,2
7,6,28079059,14,3
7,6,28079060,14,1
7,6,28079008,20,5.2
7,6,28079011,20,5.6
7,6,28079018,20,2
7,6,28079024,20,3.6
7,6,28079038,20,4.6
7,6,28079055,20,3.2
7,6,28079008,30,2
7,6,28079011,30,3.1
7,6,28079018,30,0.6
7,6,28079024,30,1.9
7,6,28079038,30,1.4
7,6,28079055,30,1.4
7,6,28079008,35,1.4
7,6,28079011,35,0.6
7,6,28079018,35,0.1
7,6,28079024,35,0.7
7,6,28079038,35,0.8
7,6,28079055,35,0.7
7,6,28079024,42,1.79
7,6,28079027,42,1.9
7,6,28079055,42,2.16
7,6,28079024,44,0.4
7,6,28079027,44,0.23
7,6,28079055,44,0.26
7,7,28079004,01,6
7,7,28079008,01,8
7,7,28079017,01,4
7,7,28079018,01,8
7,7,28079024,01,3
7,7,28079035,01,4
7,7,28079036,01,1
7,7,28079038,01,6
7,7,28079040,01,3
7,7,28079057,01,3
7,7,28079004,06,0.7
7,7,28079008,06,0.4
7,7,28079016,06,0.4
7,7,28079018,06,0.6
7,7,28079024,06,0.5
7,7,28079035,06,0.5
7,7,28079036,06,0.4
7,7,28079039,06,0.5
7,7,28079056,06,0.5
7,7,28079057,06,0.4
7,7,28079004,07,186
7,7,28079008,07,34
7,7,28079011,07,3
7,7,28079016,07,15
7,7,28079017,07,67
7,7,28079018,07,63
7,7,28079024,07,42
7,7,28079027,07,42
7,7,28079035,07,45
7,7,28079036,07,16
7,7,28079038,07,85
7,7,28079039,07,79
7,7,28079040,07,36
7,7,28079047,07,56
7,7,28079048,07,13
7,7,28079049,07,14
7,7,28079050,07,12
7,7,28079054,07,34
7,7,28079055,07,57
7,7,28079056,07,67
7,7,28079057,07,4
7,7,28079058,07,33
7,7,28079059,07,11
7,7,28079060,07,10
7,7,28079004,08,46
7,7,28079008,08,45
7,7,28079011,08,42
7,7,28079016,08,43
7,7,28079017,08,57
7,7,28079018,08,44
7,7,28079024,08,35
7,7,28079027,08,44
7,7,28079035,08,46
7,7,28079036,08,33
7,7,28079038,08,61
7,7,28079039,08,46
7,7,28079040,08,53
7,7,28079047,08,44
7,7,28079048,08,44
7,7,28079049,08,43
7,7,28079050,08,46
7,7,28079054,08,31
7,7,28079055,08,49
7,7,28079056,08,53
7,7,28079057,08,41
7,7,28079058,08,20
7,7,28079059,08,21
7,7,28079060,08,42
7,7,28079008,09,19
7,7,28079024,09,22
7,7,28079038,09,23
7,7,28079047,09,22
7,7,28079048,09,17
7,7,28079050,09,16
7,7,28079008,10,13
7,7,28079018,10,25
7,7,28079024,10,21
7,7,28079036,10,15
7,7,28079038,10,25
7,7,28079040,10,20
7,7,28079047,10,25
7,7,28079048,10,31
7,7,28079050,10,19
7,7,28079055,10,26
7,7,28079057,10,40
7,7,28079060,10,27
7,7,28079008,14,4
7,7,28079016,14,3
7,7,28079017,14,3
7,7,28079018,14,1
7,7,28079024,14,3
7,7,28079027,14,6
7,7,28079035,14,1
7,7,28079039,14,1
7,7,28079049,14,1
7,7,28079054,14,4
7,7,28079056,14,3
7,7,28079058,14,2
7,7,28079059,14,3
7,7,28079060,14,2
7,7,28079008,20,4.3
7,7,28079011,20,4.7
7,7,28079018,20,2.2
7,7,28079024,20,3.6
7,7,28079038,20,6.2
7,7,28079055,20,2.6
7,7,28079008,30,1.8
7,7,28079011,30,2.7
7,7,28079018,30,0.7
7,7,28079024,30,1.7
7,7,28079038,30,1.9
7,7,28079055,30,1.2
7,7,28079008,35,1.2
7,7,28079011,35,0.3
7,7,28079018,35,0.2
7,7,28079024,35,0.6
7,7,28079038,35,1.2
7,7,28079055,35,0.5
7,7,28079024,42,1.9
7,7,28079027,42,1.76
7,7,28079055,42,2.49
7,7,28079024,44,0.41
7,7,28079027,44,0.21
7,7,28079055,44,0.31
7,8,28079004,01,6
7,8,28079008,01,8
7,8,28079017,01,3
7,8,28079018,01,9
7,8,28079024,01,2
7,8,28079035,01,5
7,8,28079036,01,2
7,8,28079038,01,3
7,8,28079040,01,3
7,8,28079057,01,3
7,8,28079004,06,0.7
7,8,28079008,06,0.5
7,8,28079016,06,0.5
7,8,28079018,06,0.6
7,8,28079024,06,0.5
7,8,28079035,06,0.7
7,8,28079036,06,0.4
7,8,28079039,06,0.4
7,8,28079056,06,0.6
7,8,28079057,06,0.4
7,8,28079004,07,171
7,8,28079008,07,42
7,8,28079011,07,12
7,8,28079016,07,32
7,8,28079017,07,27
7,8,28079018,07,81
7,8,28079024,07,36
7,8,28079027,07,65
7,8,28079035,07,77
7,8,28079036,07,11
7,8,28079038,07,31
7,8,28079039,07,37
7,8,28079040,07,11
7,8,28079047,07,71
7,8,28079048,07,21
7,8,28079049,07,47
7,8,28079050,07,16
7,8,28079054,07,43
7,8,28079055,07,97
7,8,28079056,07,93
7,8,28079057,07,13
7,8,28079058,07,45
7,8,28079059,07,30
7,8,28079060,07,8
7,8,28079004,08,45
7,8,28079008,08,48
7,8,28079011,08,49
7,8,28079016,08,42
7,8,28079017,08,51
7,8,28079018,08,42
7,8,28079024,08,34
7,8,28079027,08,47
7,8,28079035,08,51
7,8,28079036,08,34
7,8,28079038,08,56
7,8,28079039,08,50
7,8,28079040,08,49
7,8,28079047,08,48
7,8,28079048,08,50
7,8,28079049,08,45
7,8,28079050,08,48
7,8,28079054,08,31
7,8,28079055,08,59
7,8,28079056,08,58
7,8,28079057,08,44
7,8,28079058,08,23
7,8,28079059,08,22
7,8,28079060,08,43
7,8,28079008,09,17
7,8,28079024,09,21
7,8,28079038,09,22
7,8,28079047,09,23
7,8,28079048,09,16
7,8,28079050,09,17
7,8,28079008,10,10
7,8,28079018,10,33
7,8,28079024,10,19
7,8,28079036,10,14
7,8,28079038,10,19
7,8,28079040,10,12
7,8,28079047,10,29
7,8,28079048,10,37
7,8,28079050,10,23
7,8,28079055,10,34
7,8,28079057,10,24
7,8,28079060,10,18
7,8,28079008,14,3
7,8,28079016,14,3
7,8,28079017,14,3
7,8,28079018,14,1
7,8,28079024,14,3
7,8,28079027,14,7
7,8,28079035,14,2
7,8,28079039,14,1
7,8,28079049,14,1
7,8,28079054,14,3
7,8,28079056,14,3
7,8,28079058,14,1
7,8,28079059,14,3
7,8,28079060,14,2
7,8,28079008,20,4.5
7,8,28079011,20,4.3
7,8,28079018,20,2.2
7,8,28079024,20,3
7,8,28079038,20,3.9
7,8,28079055,20,3.4
7,8,28079008,30,1.9
7,8,28079011,30,2.6
7,8,28079018,30,0.7
7,8,28079024,30,1.4
7,8,28079038,30,1.2
7,8,28079055,30,1.6
7,8,28079008,35,1.1
7,8,28079011,35,0.3
7,8,28079018,35,0.2
7,8,28079024,35,0.6
7,8,28079038,35,9
7,8,28079055,35,0.8
7,8,28079024,42,1.95
7,8,28079027,42,1.82
7,8,28079055,42,2.71
7,8,28079024,44,0.42
7,8,28079027,44,0.22
7,8,28079055,44,0.41
7,9,28079004,01,6
7,9,28079008,01,9
7,9,28079017,01,3
7,9,28079018,01,9
7,9,28079024,01,2
7,9,28079035,01,4
7,9,28079036,01,8
7,9,28079038,01,6
7,9,28079040,01,3
7,9,28079057,01,3
7,9,28079004,06,0.7
7,9,28079008,06,0.5
7,9,28079016,06,0.6
7,9,28079018,06,0.7
7,9,28079024,06,0.5
7,9,28079035,06,0.6
7,9,28079036,06,0.5
7,9,28079039,06,0.7
7,9,28079056,06,0.5
7,9,28079057,06,0.4
7,9,28079004,07,134
7,9,28079008,07,63
7,9,28079011,07,29
7,9,28079016,07,36
7,9,28079017,07,10
7,9,28079018,07,80
7,9,28079024,07,42
7,9,28079027,07,94
7,9,28079035,07,67
7,9,28079036,07,16
7,9,28079038,07,81
7,9,28079039,07,126
7,9,28079040,07,14
7,9,28079047,07,25
7,9,28079048,07,41
7,9,28079049,07,52
7,9,28079050,07,22
7,9,28079054,07,37
7,9,28079055,07,84
7,9,28079056,07,75
7,9,28079057,07,4
7,9,28079058,07,38
7,9,28079059,07,57
7,9,28079060,07,10
7,9,28079004,08,43
7,9,28079008,08,47
7,9,28079011,08,51
7,9,28079016,08,43
7,9,28079017,08,48
7,9,28079018,08,44
7,9,28079024,08,28
7,9,28079027,08,58
7,9,28079035,08,53
7,9,28079036,08,34
7,9,28079038,08,59
7,9,28079039,08,64
7,9,28079040,08,47
7,9,28079047,08,46
7,9,28079048,08,54
7,9,28079049,08,48
7,9,28079050,08,52
7,9,28079054,08,30
7,9,28079055,08,65
7,9,28079056,08,59
7,9,28079057,08,40
7,9,28079058,08,22
7,9,28079059,08,19
7,9,28079060,08,46
7,9,28079008,09,18
7,9,28079024,09,23
7,9,28079038,09,24
7,9,28079047,09,13
7,9,28079048,09,19
7,9,28079050,09,16
7,9,28079008,10,10
7,9,28079018,10,31
7,9,28079024,10,21
7,9,28079036,10,10
7,9,28079038,10,25
7,9,28079040,10,12
7,9,28079047,10,11
7,9,28079048,10,36
7,9,28079050,10,17
7,9,28079055,10,46
7,9,28079057,10,12
7,9,28079060,10,13
7,9,28079008,14,3
7,9,28079016,14,3
7,9,28079017,14,4
7,9,28079018,14,1
7,9,28079024,14,3
7,9,28079027,14,7
7,9,28079035,14,2
7,9,28079039,14,1
7,9,28079049,14,1
7,9,28079054,14,4
7,9,28079056,14,3
7,9,28079058,14,1
7,9,28079059,14,3
7,9,28079060,14,2
7,9,28079008,20,5.3
7,9,28079011,20,4.8
7,9,28079018,20,2.2
7,9,28079024,20,2.9
7,9,28079038,20,4.1
7,9,28079055,20,3.6
7,9,28079008,30,2.2
7,9,28079011,30,2.8
7,9,28079018,30,0.8
7,9,28079024,30,1.4
7,9,28079038,30,1.4
7,9,28079055,30,2
7,9,28079008,35,1.2
7,9,28079011,35,0.5
7,9,28079018,35,0.1
7,9,28079024,35,0.6
7,9,28079038,35,2.5
7,9,28079055,35,0.9
7,9,28079024,42,1.94
7,9,28079027,42,2.14
7,9,28079055,42,2.48
7,9,28079024,44,0.42
7,9,28079027,44,0.27
7,9,28079055,44,0.4
8,1,28079004,01,3
8,1,28079008,01,9
8,1,28079017,01,3
8,1,28079018,01,7
8,1,28079024,01,1
8,1,28079035,01,4
8,1,28079036,01,12
8,1,28079038,01,3
8,1,28079040,01,4
8,1,28079057,01,4
8,1,28079004,06,0.4
8,1,28079008,06,0.5
8,1,28079016,06,0.4
8,1,28079018,06,0.4
8,1,28079024,06,0.3
8,1,28079035,06,0.4
8,1,28079036,06,0.6
8,1,28079039,06,0.3
8,1,28079056,06,0.3
8,1,28079057,06,0.4
8,1,28079004,07,7
8,1,28079008,07,33
8,1,28079011,07,9
8,1,28079016,07,10
8,1,28079017,07,1
8,1,28079018,07,4
8,1,28079024,07,1
8,1,28079027,07,7
8,1,28079035,07,8
8,1,28079036,07,35
8,1,28079038,07,8
8,1,28079039,07,1
8,1,28079040,07,27
8,1,28079047,07,36
8,1,28079048,07,16
8,1,28079049,07,31
8,1,28079050,07,9
8,1,28079054,07,24
8,1,28079055,07,11
8,1,28079056,07,11
8,1,28079057,07,6
8,1,28079058,07,2
8,1,28079059,07,4
8,1,28079060,07,2
8,1,28079004,08,45
8,1,28079008,08,58
8,1,28079011,08,53
8,1,28079016,08,52
8,1,28079017,08,39
8,1,28079018,08,52
8,1,28079024,08,28
8,1,28079027,08,48
8,1,28079035,08,51
8,1,28079036,08,52
8,1,28079038,08,44
8,1,28079039,08,39
8,1,28079040,08,71
8,1,28079047,08,64
8,1,28079048,08,55
8,1,28079049,08,58
8,1,28079050,08,56
8,1,28079054,08,58
8,1,28079055,08,60
8,1,28079056,08,51
8,1,28079057,08,52
8,1,28079058,08,20
8,1,28079059,08,27
8,1,28079060,08,52
8,1,28079008,09,23
8,1,28079024,09,13
8,1,28079038,09,16
8,1,28079047,09,22
8,1,28079048,09,18
8,1,28079050,09,19
8,1,28079008,10,12
8,1,28079018,10,16
8,1,28079024,10,12
8,1,28079036,10,18
8,1,28079038,10,16
8,1,28079040,10,23
8,1,28079047,10,25
8,1,28079048,10,19
8,1,28079050,10,20
8,1,28079055,10,15
8,1,28079057,10,11
8,1,28079060,10,14
8,1,28079008,14,4
8,1,28079016,14,3
8,1,28079017,14,14
8,1,28079018,14,7
8,1,28079024,14,21
8,1,28079027,14,8
8,1,28079035,14,5
8,1,28079039,14,16
8,1,28079049,14,1
8,1,28079054,14,4
8,1,28079056,14,11
8,1,28079058,14,27
8,1,28079059,14,6
8,1,28079060,14,4
8,1,28079008,20,4.6
8,1,28079011,20,5
8,1,28079018,20,0.8
8,1,28079024,20,0.9
8,1,28079038,20,2
8,1,28079008,30,2
8,1,28079011,30,2.9
8,1,28079018,30,0.4
8,1,28079024,30,0.8
8,1,28079038,30,0.8
8,1,28079008,35,1.4
8,1,28079011,35,0.4
8,1,28079018,35,1
8,1,28079024,35,0.6
8,1,28079038,35,0.4
8,1,28079024,42,1.43
8,1,28079027,42,1.44
8,1,28079055,42,1.67
8,1,28079024,44,0.27
8,1,28079027,44,0.16
8,1,28079055,44,0.17
8,10,28079004,01,5
8,10,28079008,01,10
8,10,28079017,01,4
8,10,28079018,01,8
8,10,28079024,01,2
8,10,28079035,01,5
8,10,28079036,01,11
8,10,28079038,01,5
8,10,28079040,01,3
8,10,28079057,01,4
8,10,28079004,06,0.6
8,10,28079008,06,0.6
8,10,28079016,06,0.4
8,10,28079018,06,0.6
8,10,28079024,06,0.4
8,10,28079035,06,0.6
8,10,28079036,06,0.6
8,10,28079039,06,0.4
8,10,28079056,06,0.6
8,10,28079057,06,0.6
8,10,28079004,07,65
8,10,28079008,07,64
8,10,28079011,07,25
8,10,28079016,07,20
8,10,28079017,07,37
8,10,28079018,07,39
8,10,28079024,07,39
8,10,28079027,07,26
8,10,28079035,07,80
8,10,28079036,07,38
8,10,28079038,07,80
8,10,28079039,07,46
8,10,28079040,07,29
8,10,28079047,07,53
8,10,28079048,07,23
8,10,28079049,07,24
8,10,28079050,07,29
8,10,28079054,07,50
8,10,28079055,07,45
8,10,28079056,07,109
8,10,28079057,07,41
8,10,28079058,07,11
8,10,28079059,07,12
8,10,28079060,07,25
8,10,28079004,08,67
8,10,28079008,08,55
8,10,28079011,08,49
8,10,28079016,08,42
8,10,28079017,08,53
8,10,28079018,08,60
8,10,28079024,08,47
8,10,28079027,08,42
8,10,28079035,08,62
8,10,28079036,08,39
8,10,28079038,08,70
8,10,28079039,08,57
8,10,28079040,08,52
8,10,28079047,08,52
8,10,28079048,08,48
8,10,28079049,08,47
8,10,28079050,08,48
8,10,28079054,08,42
8,10,28079055,08,51
8,10,28079056,08,72
8,10,28079057,08,53
8,10,28079058,08,31
8,10,28079059,08,19
8,10,28079060,08,47
8,10,28079008,09,13
8,10,28079024,09,14
8,10,28079038,09,14
8,10,28079047,09,13
8,10,28079048,09,8
8,10,28079050,09,13
8,10,28079008,10,8
8,10,28079018,10,15
8,10,28079024,10,7
8,10,28079036,10,10
8,10,28079038,10,17
8,10,28079040,10,11
8,10,28079047,10,16
8,10,28079048,10,8
8,10,28079050,10,18
8,10,28079055,10,11
8,10,28079057,10,8
8,10,28079060,10,7
8,10,28079008,14,4
8,10,28079016,14,5
8,10,28079017,14,3
8,10,28079018,14,2
8,10,28079024,14,4
8,10,28079027,14,8
8,10,28079035,14,2
8,10,28079039,14,2
8,10,28079049,14,1
8,10,28079054,14,5
8,10,28079056,14,3
8,10,28079058,14,13
8,10,28079059,14,6
8,10,28079060,14,3
8,10,28079008,20,5.9
8,10,28079011,20,5.3
8,10,28079018,20,1.7
8,10,28079038,20,5.5
8,10,28079008,30,2.6
8,10,28079011,30,3
8,10,28079018,30,0.6
8,10,28079038,30,1.9
8,10,28079008,35,1.4
8,10,28079011,35,0.5
8,10,28079018,35,0.1
8,10,28079038,35,1
8,10,28079024,42,1.59
8,10,28079027,42,1.48
8,10,28079055,42,1.74
8,10,28079024,44,0.32
8,10,28079027,44,0.18
8,10,28079055,44,0.19
8,11,28079004,01,6
8,11,28079008,01,12
8,11,28079017,01,4
8,11,28079018,01,9
8,11,28079024,01,2
8,11,28079036,01,11
8,11,28079038,01,5
8,11,28079040,01,3
8,11,28079057,01,3
8,11,28079004,06,0.7
8,11,28079008,06,0.6
8,11,28079016,06,0.4
8,11,28079018,06,0.6
8,11,28079024,06,0.4
8,11,28079036,06,0.7
8,11,28079039,06,0.4
8,11,28079056,06,0.6
8,11,28079057,06,0.5
8,11,28079004,07,70
8,11,28079008,07,75
8,11,28079011,07,35
8,11,28079016,07,18
8,11,28079017,07,40
8,11,28079018,07,50
8,11,28079024,07,21
8,11,28079027,07,25
8,11,28079036,07,42
8,11,28079038,07,72
8,11,28079039,07,28
8,11,28079040,07,35
8,11,28079047,07,53
8,11,28079048,07,44
8,11,28079049,07,35
8,11,28079050,07,46
8,11,28079054,07,49
8,11,28079055,07,28
8,11,28079056,07,90
8,11,28079057,07,32
8,11,28079058,07,9
8,11,28079059,07,11
8,11,28079060,07,15
8,11,28079004,08,65
8,11,28079008,08,54
8,11,28079011,08,50
8,11,28079016,08,39
8,11,28079017,08,50
8,11,28079018,08,60
8,11,28079024,08,42
8,11,28079027,08,37
8,11,28079036,08,38
8,11,28079038,08,67
8,11,28079039,08,51
8,11,28079040,08,50
8,11,28079047,08,51
8,11,28079048,08,53
8,11,28079049,08,47
8,11,28079050,08,52
8,11,28079054,08,39
8,11,28079055,08,42
8,11,28079056,08,73
8,11,28079057,08,44
8,11,28079058,08,28
8,11,28079059,08,17
8,11,28079060,08,40
8,11,28079008,09,15
8,11,28079024,09,11
8,11,28079038,09,17
8,11,28079047,09,13
8,11,28079048,09,11
8,11,28079050,09,15
8,11,28079008,10,9
8,11,28079018,10,16
8,11,28079024,10,3
8,11,28079036,10,10
8,11,28079038,10,18
8,11,28079040,10,12
8,11,28079047,10,16
8,11,28079048,10,15
8,11,28079050,10,16
8,11,28079055,10,10
8,11,28079057,10,4
8,11,28079060,10,8
8,11,28079008,14,4
8,11,28079016,14,7
8,11,28079017,14,4
8,11,28079018,14,2
8,11,28079024,14,6
8,11,28079027,14,11
8,11,28079039,14,4
8,11,28079049,14,1
8,11,28079054,14,5
8,11,28079056,14,3
8,11,28079058,14,14
8,11,28079059,14,9
8,11,28079060,14,6
8,11,28079008,20,6.1
8,11,28079011,20,5
8,11,28079018,20,1.8
8,11,28079038,20,5.5
8,11,28079008,30,2.6
8,11,28079011,30,3
8,11,28079018,30,0.6
8,11,28079038,30,1.9
8,11,28079008,35,1.4
8,11,28079011,35,0.6
8,11,28079018,35,0.3
8,11,28079038,35,1
8,11,28079024,42,1.54
8,11,28079027,42,1.54
8,11,28079055,42,1.74
8,11,28079024,44,0.31
8,11,28079027,44,0.24
8,11,28079055,44,0.17
8,12,28079004,01,4
8,12,28079008,01,13
8,12,28079017,01,4
8,12,28079018,01,9
8,12,28079024,01,2
8,12,28079035,01,5
8,12,28079036,01,27
8,12,28079038,01,6
8,12,28079040,01,4
8,12,28079057,01,4
8,12,28079004,06,0.5
8,12,28079008,06,0.6
8,12,28079016,06,0.5
8,12,28079018,06,0.6
8,12,28079024,06,0.4
8,12,28079035,06,0.6
8,12,28079036,06,0.8
8,12,28079039,06,0.4
8,12,28079056,06,0.6
8,12,28079057,06,0.5
8,12,28079004,07,46
8,12,28079008,07,73
8,12,28079011,07,35
8,12,28079016,07,34
8,12,28079017,07,41
8,12,28079018,07,57
8,12,28079024,07,16
8,12,28079027,07,24
8,12,28079035,07,83
8,12,28079036,07,43
8,12,28079038,07,84
8,12,28079039,07,33
8,12,28079040,07,48
8,12,28079047,07,58
8,12,28079048,07,51
8,12,28079049,07,37
8,12,28079050,07,33
8,12,28079054,07,48
8,12,28079055,07,32
8,12,28079056,07,115
8,12,28079057,07,29
8,12,28079058,07,9
8,12,28079059,07,14
8,12,28079060,07,22
8,12,28079004,08,48
8,12,28079008,08,52
8,12,28079011,08,45
8,12,28079016,08,41
8,12,28079017,08,49
8,12,28079018,08,60
8,12,28079024,08,39
8,12,28079027,08,38
8,12,28079035,08,59
8,12,28079036,08,38
8,12,28079038,08,68
8,12,28079039,08,50
8,12,28079040,08,51
8,12,28079047,08,51
8,12,28079048,08,49
8,12,28079049,08,45
8,12,28079050,08,42
8,12,28079054,08,34
8,12,28079055,08,45
8,12,28079056,08,78
8,12,28079057,08,40
8,12,28079058,08,24
8,12,28079059,08,17
8,12,28079060,08,40
8,12,28079008,09,16
8,12,28079024,09,12
8,12,28079038,09,18
8,12,28079047,09,14
8,12,28079048,09,12
8,12,28079050,09,14
8,12,28079008,10,10
8,12,28079018,10,20
8,12,28079024,10,6
8,12,28079036,10,11
8,12,28079038,10,20
8,12,28079040,10,14
8,12,28079047,10,19
8,12,28079048,10,15
8,12,28079050,10,17
8,12,28079055,10,8
8,12,28079057,10,6
8,12,28079060,10,11
8,12,28079008,14,5
8,12,28079016,14,6
8,12,28079017,14,4
8,12,28079018,14,3
8,12,28079024,14,9
8,12,28079027,14,11
8,12,28079035,14,4
8,12,28079039,14,5
8,12,28079049,14,2
8,12,28079054,14,7
8,12,28079056,14,4
8,12,28079058,14,19
8,12,28079059,14,9
8,12,28079060,14,5
8,12,28079008,20,6.8
8,12,28079011,20,5.6
8,12,28079018,20,2.5
8,12,28079038,20,4.9
8,12,28079008,30,2.7
8,12,28079011,30,3.2
8,12,28079018,30,0.7
8,12,28079038,30,1.5
8,12,28079008,35,1.4
8,12,28079011,35,0.6
8,12,28079018,35,0.2
8,12,28079038,35,1
8,12,28079024,42,1.54
8,12,28079027,42,1.5
8,12,28079055,42,1.71
8,12,28079024,44,0.31
8,12,28079027,44,0.21
8,12,28079055,44,0.18
8,13,28079004,01,3
8,13,28079008,01,15
8,13,28079017,01,3
8,13,28079018,01,9
8,13,28079024,01,2
8,13,28079035,01,7
8,13,28079036,01,22
8,13,28079038,01,6
8,13,28079040,01,4
8,13,28079057,01,4
8,13,28079004,06,0.4
8,13,28079008,06,0.6
8,13,28079016,06,0.5
8,13,28079018,06,0.6
8,13,28079024,06,0.3
8,13,28079035,06,0.8
8,13,28079036,06,0.6
8,13,28079039,06,0.4
8,13,28079056,06,0.5
8,13,28079057,06,0.5
8,13,28079004,07,48
8,13,28079008,07,90
8,13,28079011,07,43
8,13,28079016,07,33
8,13,28079017,07,35
8,13,28079018,07,71
8,13,28079024,07,20
8,13,28079027,07,28
8,13,28079035,07,106
8,13,28079036,07,46
8,13,28079038,07,88
8,13,28079039,07,40
8,13,28079040,07,55
8,13,28079047,07,67
8,13,28079048,07,53
8,13,28079049,07,55
8,13,28079050,07,45
8,13,28079054,07,50
8,13,28079055,07,33
8,13,28079056,07,99
8,13,28079057,07,31
8,13,28079058,07,7
8,13,28079059,07,25
8,13,28079060,07,28
8,13,28079004,08,56
8,13,28079008,08,54
8,13,28079011,08,46
8,13,28079016,08,44
8,13,28079017,08,44
8,13,28079018,08,62
8,13,28079024,08,41
8,13,28079027,08,42
8,13,28079035,08,61
8,13,28079036,08,38
8,13,28079038,08,66
8,13,28079039,08,50
8,13,28079040,08,57
8,13,28079047,08,51
8,13,28079048,08,47
8,13,28079049,08,47
8,13,28079050,08,46
8,13,28079054,08,34
8,13,28079055,08,44
8,13,28079056,08,68
8,13,28079057,08,39
8,13,28079058,08,22
8,13,28079059,08,18
8,13,28079060,08,42
8,13,28079008,09,17
8,13,28079024,09,12
8,13,28079038,09,14
8,13,28079047,09,13
8,13,28079048,09,9
8,13,28079050,09,15
8,13,28079008,10,11
8,13,28079018,10,22
8,13,28079024,10,9
8,13,28079036,10,9
8,13,28079038,10,20
8,13,28079040,10,16
8,13,28079047,10,19
8,13,28079048,10,12
8,13,28079050,10,18
8,13,28079055,10,8
8,13,28079057,10,12
8,13,28079060,10,8
8,13,28079008,14,5
8,13,28079016,14,6
8,13,28079017,14,6
8,13,28079018,14,3
8,13,28079024,14,11
8,13,28079027,14,11
8,13,28079035,14,3
8,13,28079039,14,6
8,13,28079049,14,2
8,13,28079054,14,8
8,13,28079056,14,4
8,13,28079058,14,21
8,13,28079059,14,8
8,13,28079060,14,5
8,13,28079008,20,7.1
8,13,28079011,20,5.4
8,13,28079018,20,3.1
8,13,28079038,20,5.7
8,13,28079008,30,2.8
8,13,28079011,30,3.1
8,13,28079018,30,0.7
8,13,28079038,30,1.5
8,13,28079008,35,1.7
8,13,28079011,35,0.5
8,13,28079018,35,0.2
8,13,28079038,35,1
8,13,28079024,42,1.55
8,13,28079027,42,1.48
8,13,28079055,42,1.72
8,13,28079024,44,0.32
8,13,28079027,44,0.19
8,13,28079055,44,0.19
8,14,28079004,01,5
8,14,28079008,01,12
8,14,28079017,01,4
8,14,28079018,01,9
8,14,28079024,01,3
8,14,28079035,01,8
8,14,28079036,01,29
8,14,28079038,01,8
8,14,28079040,01,4
8,14,28079057,01,4
8,14,28079004,06,0.6
8,14,28079016,06,0.5
8,14,28079018,06,0.6
8,14,28079024,06,0.5
8,14,28079035,06,0.8
8,14,28079036,06,0.7
8,14,28079039,06,0.4
8,14,28079056,06,0.6
8,14,28079057,06,0.5
8,14,28079004,07,68
8,14,28079008,07,65
8,14,28079011,07,34
8,14,28079016,07,37
8,14,28079017,07,40
8,14,28079018,07,69
8,14,28079024,07,37
8,14,28079027,07,20
8,14,28079035,07,112
8,14,28079036,07,40
8,14,28079038,07,111
8,14,28079039,07,41
8,14,28079040,07,47
8,14,28079047,07,65
8,14,28079048,07,55
8,14,28079049,07,50
8,14,28079050,07,67
8,14,28079054,07,52
8,14,28079055,07,26
8,14,28079056,07,111
8,14,28079057,07,42
8,14,28079058,07,7
8,14,28079059,07,20
8,14,28079060,07,23
8,14,28079004,08,60
8,14,28079008,08,42
8,14,28079011,08,45
8,14,28079016,08,47
8,14,28079017,08,46
8,14,28079018,08,62
8,14,28079024,08,47
8,14,28079027,08,37
8,14,28079035,08,62
8,14,28079036,08,36
8,14,28079038,08,69
8,14,28079039,08,49
8,14,28079040,08,51
8,14,28079047,08,51
8,14,28079048,08,48
8,14,28079049,08,47
8,14,28079050,08,54
8,14,28079054,08,39
8,14,28079055,08,40
8,14,28079056,08,75
8,14,28079057,08,44
8,14,28079058,08,20
8,14,28079059,08,18
8,14,28079060,08,40
8,14,28079008,09,19
8,14,28079024,09,15
8,14,28079038,09,17
8,14,28079047,09,16
8,14,28079048,09,11
8,14,28079050,09,17
8,14,28079008,10,10
8,14,28079018,10,22
8,14,28079024,10,15
8,14,28079036,10,8
8,14,28079038,10,26
8,14,28079040,10,16
8,14,28079047,10,21
8,14,28079048,10,18
8,14,28079050,10,24
8,14,28079055,10,9
8,14,28079057,10,17
8,14,28079060,10,9
8,14,28079008,14,4
8,14,28079016,14,6
8,14,28079017,14,6
8,14,28079018,14,3
8,14,28079024,14,7
8,14,28079027,14,13
8,14,28079035,14,2
8,14,28079039,14,5
8,14,28079049,14,2
8,14,28079054,14,9
8,14,28079056,14,5
8,14,28079058,14,23
8,14,28079059,14,9
8,14,28079060,14,8
8,14,28079008,20,7.9
8,14,28079011,20,5.8
8,14,28079018,20,3.1
8,14,28079038,20,7.8
8,14,28079008,30,2.9
8,14,28079011,30,3.2
8,14,28079018,30,0.7
8,14,28079038,30,1.9
8,14,28079008,35,2
8,14,28079011,35,0.7
8,14,28079018,35,0.2
8,14,28079038,35,1.2
8,14,28079024,42,1.59
8,14,28079027,42,1.46
8,14,28079024,44,0.34
8,14,28079027,44,0.18
8,15,28079004,01,7
8,15,28079008,01,5
8,15,28079017,01,4
8,15,28079018,01,9
8,15,28079024,01,4
8,15,28079035,01,7
8,15,28079036,01,34
8,15,28079038,01,7
8,15,28079040,01,4
8,15,28079057,01,4
8,15,28079004,06,0.7
8,15,28079008,06,0.5
8,15,28079016,06,0.4
8,15,28079018,06,0.6
8,15,28079024,06,0.6
8,15,28079035,06,0.8
8,15,28079036,06,0.7
8,15,28079039,06,0.4
8,15,28079056,06,0.6
8,15,28079057,06,0.5
8,15,28079004,07,98
8,15,28079008,07,68
8,15,28079011,07,43
8,15,28079016,07,32
8,15,28079017,07,40
8,15,28079018,07,66
8,15,28079024,07,74
8,15,28079027,07,23
8,15,28079035,07,96
8,15,28079036,07,49
8,15,28079038,07,90
8,15,28079039,07,32
8,15,28079040,07,56
8,15,28079047,07,71
8,15,28079048,07,63
8,15,28079049,07,55
8,15,28079054,07,65
8,15,28079055,07,26
8,15,28079056,07,111
8,15,28079057,07,43
8,15,28079058,07,8
8,15,28079059,07,15
8,15,28079060,07,18
8,15,28079004,08,67
8,15,28079008,08,44
8,15,28079011,08,50
8,15,28079016,08,45
8,15,28079017,08,48
8,15,28079018,08,61
8,15,28079024,08,57
8,15,28079027,08,40
8,15,28079035,08,59
8,15,28079036,08,41
8,15,28079038,08,68
8,15,28079039,08,49
8,15,28079040,08,56
8,15,28079047,08,53
8,15,28079048,08,52
8,15,28079049,08,49
8,15,28079054,08,41
8,15,28079055,08,43
8,15,28079056,08,70
8,15,28079057,08,48
8,15,28079058,08,20
8,15,28079059,08,19
8,15,28079060,08,39
8,15,28079008,09,17
8,15,28079024,09,18
8,15,28079038,09,16
8,15,28079047,09,17
8,15,28079048,09,14
8,15,28079008,10,10
8,15,28079018,10,22
8,15,28079024,10,21
8,15,28079036,10,15
8,15,28079038,10,23
8,15,28079040,10,19
8,15,28079047,10,23
8,15,28079048,10,21
8,15,28079055,10,12
8,15,28079057,10,15
8,15,28079060,10,7
8,15,28079008,14,4
8,15,28079016,14,7
8,15,28079017,14,6
8,15,28079018,14,4
8,15,28079024,14,3
8,15,28079027,14,13
8,15,28079035,14,3
8,15,28079039,14,5
8,15,28079049,14,2
8,15,28079054,14,8
8,15,28079056,14,5
8,15,28079058,14,24
8,15,28079059,14,11
8,15,28079060,14,10
8,15,28079008,20,6
8,15,28079011,20,5.5
8,15,28079018,20,3.1
8,15,28079038,20,7.2
8,15,28079008,30,2.4
8,15,28079011,30,3.2
8,15,28079018,30,0.7
8,15,28079038,30,1.8
8,15,28079008,35,1.3
8,15,28079011,35,0.6
8,15,28079018,35,0.3
8,15,28079038,35,1.3
8,15,28079024,42,1.7
8,15,28079027,42,1.46
8,15,28079055,42,1.7
8,15,28079024,44,0.39
8,15,28079027,44,0.18
8,15,28079055,44,0.18
8,16,28079004,01,7
8,16,28079008,01,9
8,16,28079017,01,4
8,16,28079018,01,9
8,16,28079024,01,5
8,16,28079035,01,7
8,16,28079036,01,34
8,16,28079038,01,7
8,16,28079040,01,4
8,16,28079057,01,4
8,16,28079004,06,0.7
8,16,28079008,06,0.6
8,16,28079016,06,0.5
8,16,28079018,06,0.7
8,16,28079024,06,0.6
8,16,28079035,06,0.7
8,16,28079036,06,0.9
8,16,28079039,06,0.4
8,16,28079056,06,0.5
8,16,28079057,06,0.5
8,16,28079004,07,96
8,16,28079008,07,79
8,16,28079011,07,43
8,16,28079016,07,32
8,16,28079017,07,42
8,16,28079018,07,74
8,16,28079024,07,78
8,16,28079027,07,16
8,16,28079035,07,89
8,16,28079036,07,45
8,16,28079038,07,87
8,16,28079039,07,34
8,16,28079040,07,48
8,16,28079047,07,64
8,16,28079048,07,60
8,16,28079049,07,54
8,16,28079054,07,53
8,16,28079055,07,20
8,16,28079056,07,89
8,16,28079057,07,27
8,16,28079058,07,10
8,16,28079059,07,17
8,16,28079060,07,28
8,16,28079004,08,67
8,16,28079008,08,54
8,16,28079011,08,52
8,16,28079016,08,47
8,16,28079017,08,51
8,16,28079018,08,66
8,16,28079024,08,60
8,16,28079027,08,37
8,16,28079035,08,58
8,16,28079036,08,43
8,16,28079038,08,67
8,16,28079039,08,51
8,16,28079040,08,56
8,16,28079047,08,54
8,16,28079048,08,54
8,16,28079049,08,50
8,16,28079054,08,40
8,16,28079055,08,37
8,16,28079056,08,59
8,16,28079057,08,43
8,16,28079058,08,26
8,16,28079059,08,23
8,16,28079060,08,46
8,16,28079008,09,21
8,16,28079024,09,21
8,16,28079038,09,20
8,16,28079047,09,19
8,16,28079048,09,15
8,16,28079008,10,12
8,16,28079018,10,26
8,16,28079024,10,26
8,16,28079036,10,14
8,16,28079038,10,25
8,16,28079040,10,18
8,16,28079047,10,23
8,16,28079048,10,19
8,16,28079055,10,10
8,16,28079057,10,14
8,16,28079060,10,9
8,16,28079008,14,5
8,16,28079016,14,7
8,16,28079017,14,5
8,16,28079018,14,3
8,16,28079024,14,4
8,16,28079027,14,14
8,16,28079035,14,3
8,16,28079039,14,5
8,16,28079049,14,2
8,16,28079054,14,7
8,16,28079056,14,4
8,16,28079058,14,20
8,16,28079059,14,9
8,16,28079060,14,6
8,16,28079008,20,6.9
8,16,28079011,20,5.8
8,16,28079018,20,3.2
8,16,28079038,20,6.9
8,16,28079008,30,2.8
8,16,28079011,30,3.3
8,16,28079018,30,0.7
8,16,28079038,30,1.7
8,16,28079008,35,2.1
8,16,28079011,35,0.7
8,16,28079018,35,0.3
8,16,28079038,35,1.2
8,16,28079024,42,1.7
8,16,28079027,42,1.44
8,16,28079055,42,1.65
8,16,28079024,44,0.39
8,16,28079027,44,0.18
8,16,28079055,44,0.17
8,17,28079004,01,7
8,17,28079008,01,9
8,17,28079017,01,4
8,17,28079018,01,9
8,17,28079024,01,5
8,17,28079035,01,7
8,17,28079036,01,34
8,17,28079038,01,7
8,17,28079040,01,4
8,17,28079057,01,4
8,17,28079004,06,0.8
8,17,28079008,06,0.6
8,17,28079016,06,0.5
8,17,28079018,06,0.6
8,17,28079024,06,0.6
8,17,28079035,06,0.8
8,17,28079036,06,0.6
8,17,28079039,06,0.4
8,17,28079056,06,0.5
8,17,28079057,06,0.4
8,17,28079004,07,102
8,17,28079008,07,77
8,17,28079011,07,38
8,17,28079016,07,33
8,17,28079017,07,35
8,17,28079018,07,72
8,17,28079024,07,77
8,17,28079027,07,6
8,17,28079035,07,85
8,17,28079036,07,41
8,17,28079038,07,89
8,17,28079039,07,39
8,17,28079040,07,48
8,17,28079047,07,64
8,17,28079048,07,46
8,17,28079049,07,49
8,17,28079054,07,52
8,17,28079055,07,17
8,17,28079056,07,115
8,17,28079057,07,23
8,17,28079058,07,10
8,17,28079059,07,11
8,17,28079060,07,23
8,17,28079004,08,71
8,17,28079008,08,55
8,17,28079011,08,54
8,17,28079016,08,51
8,17,28079017,08,50
8,17,28079018,08,66
8,17,28079024,08,61
8,17,28079027,08,28
8,17,28079035,08,59
8,17,28079036,08,41
8,17,28079038,08,69
8,17,28079039,08,56
8,17,28079040,08,58
8,17,28079047,08,56
8,17,28079048,08,52
8,17,28079049,08,51
8,17,28079054,08,41
8,17,28079055,08,37
8,17,28079056,08,74
8,17,28079057,08,43
8,17,28079058,08,31
8,17,28079059,08,29
8,17,28079060,08,47
8,17,28079008,09,20
8,17,28079024,09,23
8,17,28079038,09,20
8,17,28079047,09,18
8,17,28079048,09,15
8,17,28079008,10,12
8,17,28079018,10,25
8,17,28079024,10,27
8,17,28079036,10,14
8,17,28079038,10,25
8,17,28079040,10,18
8,17,28079047,10,22
8,17,28079048,10,17
8,17,28079055,10,8
8,17,28079057,10,12
8,17,28079060,10,10
8,17,28079008,14,4
8,17,28079016,14,5
8,17,28079017,14,5
8,17,28079018,14,3
8,17,28079024,14,3
8,17,28079027,14,19
8,17,28079035,14,2
8,17,28079039,14,3
8,17,28079049,14,1
8,17,28079054,14,7
8,17,28079056,14,4
8,17,28079058,14,14
8,17,28079059,14,10
8,17,28079060,14,5
8,17,28079008,20,7.1
8,17,28079011,20,5.6
8,17,28079018,20,3
8,17,28079038,20,6.1
8,17,28079055,20,1
8,17,28079008,30,2.8
8,17,28079011,30,3.2
8,17,28079018,30,0.7
8,17,28079038,30,1.7
8,17,28079055,30,0.7
8,17,28079008,35,2
8,17,28079011,35,0.6
8,17,28079018,35,0.2
8,17,28079038,35,1.1
8,17,28079055,35,0.9
8,17,28079024,42,1.7
8,17,28079027,42,1.37
8,17,28079055,42,1.61
8,17,28079024,44,0.39
8,17,28079027,44,0.16
8,17,28079055,44,0.17
8,18,28079004,01,7
8,18,28079008,01,9
8,18,28079017,01,4
8,18,28079018,01,9
8,18,28079024,01,4
8,18,28079035,01,7
8,18,28079036,01,32
8,18,28079038,01,8
8,18,28079040,01,4
8,18,28079057,01,4
8,18,28079004,06,0.7
8,18,28079008,06,0.6
8,18,28079016,06,0.5
8,18,28079018,06,0.6
8,18,28079024,06,0.5
8,18,28079035,06,0.7
8,18,28079036,06,0.5
8,18,28079039,06,0.5
8,18,28079056,06,0.5
8,18,28079057,06,0.5
8,18,28079004,07,99
8,18,28079008,07,77
8,18,28079011,07,51
8,18,28079016,07,34
8,18,28079017,07,34
8,18,28079018,07,66
8,18,28079024,07,65
8,18,28079027,07,7
8,18,28079035,07,82
8,18,28079036,07,47
8,18,28079038,07,106
8,18,28079039,07,52
8,18,28079040,07,54
8,18,28079047,07,53
8,18,28079048,07,64
8,18,28079049,07,57
8,18,28079054,07,54
8,18,28079055,07,21
8,18,28079056,07,112
8,18,28079057,07,45
8,18,28079058,07,16
8,18,28079059,07,9
8,18,28079060,07,36
8,18,28079004,08,71
8,18,28079008,08,57
8,18,28079011,08,60
8,18,28079016,08,54
8,18,28079017,08,55
8,18,28079018,08,65
8,18,28079024,08,58
8,18,28079027,08,35
8,18,28079035,08,60
8,18,28079036,08,45
8,18,28079038,08,75
8,18,28079039,08,61
8,18,28079040,08,62
8,18,28079047,08,53
8,18,28079048,08,59
8,18,28079049,08,53
8,18,28079054,08,46
8,18,28079055,08,48
8,18,28079056,08,73
8,18,28079057,08,58
8,18,28079058,08,45
8,18,28079059,08,28
8,18,28079060,08,56
8,18,28079008,09,18
8,18,28079024,09,18
8,18,28079038,09,22
8,18,28079047,09,15
8,18,28079048,09,17
8,18,28079008,10,11
8,18,28079018,10,22
8,18,28079024,10,23
8,18,28079036,10,16
8,18,28079038,10,29
8,18,28079040,10,19
8,18,28079047,10,19
8,18,28079048,10,23
8,18,28079055,10,11
8,18,28079057,10,18
8,18,28079060,10,14
8,18,28079008,14,4
8,18,28079016,14,3
8,18,28079017,14,4
8,18,28079018,14,2
8,18,28079024,14,3
8,18,28079027,14,15
8,18,28079035,14,2
8,18,28079039,14,2
8,18,28079049,14,1
8,18,28079054,14,5
8,18,28079056,14,3
8,18,28079058,14,5
8,18,28079059,14,6
8,18,28079060,14,2
8,18,28079008,20,6.7
8,18,28079011,20,5.9
8,18,28079018,20,2.6
8,18,28079038,20,8
8,18,28079055,20,1
8,18,28079008,30,2.4
8,18,28079011,30,3.3
8,18,28079018,30,0.6
8,18,28079038,30,1.9
8,18,28079055,30,0.7
8,18,28079008,35,1.7
8,18,28079011,35,0.8
8,18,28079018,35,0.3
8,18,28079038,35,1.4
8,18,28079055,35,1.1
8,18,28079024,42,1.67
8,18,28079027,42,1.38
8,18,28079055,42,1.64
8,18,28079024,44,0.38
8,18,28079027,44,0.17
8,18,28079055,44,0.18
8,19,28079004,01,7
8,19,28079008,01,9
8,19,28079017,01,4
8,19,28079018,01,9
8,19,28079024,01,4
8,19,28079035,01,6
8,19,28079036,01,33
8,19,28079038,01,9
8,19,28079040,01,4
8,19,28079057,01,4
8,19,28079004,06,0.8
8,19,28079008,06,0.7
8,19,28079016,06,0.5
8,19,28079018,06,0.6
8,19,28079024,06,0.5
8,19,28079035,06,0.7
8,19,28079036,06,0.5
8,19,28079039,06,0.6
8,19,28079056,06,0.6
8,19,28079057,06,0.5
8,19,28079004,07,110
8,19,28079008,07,82
8,19,28079011,07,52
8,19,28079016,07,42
8,19,28079017,07,44
8,19,28079018,07,65
8,19,28079024,07,59
8,19,28079027,07,21
8,19,28079035,07,86
8,19,28079036,07,42
8,19,28079038,07,131
8,19,28079039,07,82
8,19,28079040,07,52
8,19,28079047,07,59
8,19,28079048,07,75
8,19,28079049,07,61
8,19,28079054,07,44
8,19,28079055,07,33
8,19,28079056,07,129
8,19,28079057,07,38
8,19,28079058,07,18
8,19,28079059,07,17
8,19,28079060,07,47
8,19,28079004,08,74
8,19,28079008,08,59
8,19,28079011,08,62
8,19,28079016,08,59
8,19,28079017,08,60
8,19,28079018,08,67
8,19,28079024,08,58
8,19,28079027,08,52
8,19,28079035,08,63
8,19,28079036,08,47
8,19,28079038,08,86
8,19,28079039,08,72
8,19,28079040,08,65
8,19,28079047,08,57
8,19,28079048,08,64
8,19,28079049,08,56
8,19,28079054,08,51
8,19,28079055,08,56
8,19,28079056,08,82
8,19,28079057,08,60
8,19,28079058,08,55
8,19,28079059,08,32
8,19,28079060,08,61
8,19,28079008,09,20
8,19,28079024,09,17
8,19,28079038,09,23
8,19,28079047,09,16
8,19,28079048,09,15
8,19,28079008,10,11
8,19,28079018,10,23
8,19,28079024,10,22
8,19,28079036,10,16
8,19,28079038,10,30
8,19,28079040,10,20
8,19,28079047,10,21
8,19,28079048,10,21
8,19,28079055,10,17
8,19,28079057,10,18
8,19,28079060,10,17
8,19,28079008,14,3
8,19,28079016,14,3
8,19,28079017,14,3
8,19,28079018,14,2
8,19,28079024,14,2
8,19,28079027,14,7
8,19,28079035,14,1
8,19,28079039,14,2
8,19,28079049,14,1
8,19,28079054,14,4
8,19,28079056,14,3
8,19,28079058,14,3
8,19,28079059,14,3
8,19,28079060,14,1
8,19,28079008,20,9.6
8,19,28079011,20,6.7
8,19,28079018,20,2.6
8,19,28079038,20,8.7
8,19,28079055,20,1
8,19,28079008,30,2.7
8,19,28079011,30,3.3
8,19,28079018,30,0.6
8,19,28079038,30,2.1
8,19,28079055,30,0.7
8,19,28079008,35,2.4
8,19,28079011,35,0.9
8,19,28079018,35,0.2
8,19,28079038,35,1.5
8,19,28079055,35,2
8,19,28079024,42,1.66
8,19,28079027,42,1.4
8,19,28079055,42,1.73
8,19,28079024,44,0.37
8,19,28079027,44,0.18
8,19,28079055,44,0.21
8,2,28079004,01,3
8,2,28079008,01,9
8,2,28079017,01,3
8,2,28079018,01,7
8,2,28079024,01,1
8,2,28079035,01,4
8,2,28079036,01,15
8,2,28079038,01,3
8,2,28079040,01,4
8,2,28079057,01,4
8,2,28079004,06,0.4
8,2,28079008,06,0.5
8,2,28079016,06,0.4
8,2,28079018,06,0.4
8,2,28079024,06,0.3
8,2,28079035,06,0.4
8,2,28079036,06,0.7
8,2,28079039,06,0.3
8,2,28079056,06,0.3
8,2,28079057,06,0.4
8,2,28079004,07,9
8,2,28079008,07,30
8,2,28079011,07,4
8,2,28079016,07,10
8,2,28079017,07,2
8,2,28079018,07,5
8,2,28079024,07,1
8,2,28079027,07,7
8,2,28079035,07,11
8,2,28079036,07,21
8,2,28079038,07,8
8,2,28079039,07,1
8,2,28079040,07,25
8,2,28079047,07,30
8,2,28079048,07,12
8,2,28079049,07,30
8,2,28079050,07,9
8,2,28079054,07,18
8,2,28079055,07,9
8,2,28079056,07,9
8,2,28079057,07,2
8,2,28079058,07,3
8,2,28079059,07,7
8,2,28079060,07,1
8,2,28079004,08,42
8,2,28079008,08,58
8,2,28079011,08,54
8,2,28079016,08,58
8,2,28079017,08,47
8,2,28079018,08,46
8,2,28079024,08,24
8,2,28079027,08,57
8,2,28079035,08,48
8,2,28079036,08,50
8,2,28079038,08,43
8,2,28079039,08,49
8,2,28079040,08,71
8,2,28079047,08,64
8,2,28079048,08,56
8,2,28079049,08,63
8,2,28079050,08,55
8,2,28079054,08,58
8,2,28079055,08,61
8,2,28079056,08,57
8,2,28079057,08,49
8,2,28079058,08,19
8,2,28079059,08,32
8,2,28079060,08,53
8,2,28079008,09,22
8,2,28079024,09,14
8,2,28079038,09,15
8,2,28079047,09,21
8,2,28079048,09,17
8,2,28079050,09,19
8,2,28079008,10,11
8,2,28079018,10,16
8,2,28079024,10,12
8,2,28079036,10,14
8,2,28079038,10,15
8,2,28079040,10,21
8,2,28079047,10,23
8,2,28079048,10,19
8,2,28079050,10,20
8,2,28079055,10,16
8,2,28079057,10,8
8,2,28079060,10,13
8,2,28079008,14,4
8,2,28079016,14,3
8,2,28079017,14,8
8,2,28079018,14,6
8,2,28079024,14,21
8,2,28079027,14,6
8,2,28079035,14,6
8,2,28079039,14,8
8,2,28079049,14,1
8,2,28079054,14,3
8,2,28079056,14,6
8,2,28079058,14,28
8,2,28079059,14,5
8,2,28079060,14,3
8,2,28079008,20,4.4
8,2,28079011,20,4.8
8,2,28079018,20,0.7
8,2,28079024,20,1
8,2,28079038,20,1.8
8,2,28079008,30,1.9
8,2,28079011,30,2.7
8,2,28079018,30,0.3
8,2,28079024,30,0.8
8,2,28079038,30,0.8
8,2,28079008,35,0.9
8,2,28079011,35,0.3
8,2,28079018,35,1
8,2,28079024,35,0.6
8,2,28079038,35,0.3
8,2,28079024,42,1.43
8,2,28079027,42,1.4
8,2,28079055,42,1.64
8,2,28079024,44,0.27
8,2,28079027,44,0.16
8,2,28079055,44,0.17
8,20,28079004,01,6
8,20,28079008,01,7
8,20,28079017,01,4
8,20,28079018,01,9
8,20,28079024,01,4
8,20,28079035,01,7
8,20,28079036,01,13
8,20,28079038,01,9
8,20,28079040,01,5
8,20,28079057,01,4
8,20,28079004,06,0.7
8,20,28079008,06,0.6
8,20,28079016,06,0.5
8,20,28079018,06,0.6
8,20,28079024,06,0.5
8,20,28079035,06,0.7
8,20,28079036,06,0.6
8,20,28079039,06,0.6
8,20,28079056,06,0.6
8,20,28079057,06,0.5
8,20,28079004,07,98
8,20,28079008,07,66
8,20,28079011,07,58
8,20,28079016,07,47
8,20,28079017,07,55
8,20,28079018,07,62
8,20,28079024,07,65
8,20,28079027,07,28
8,20,28079035,07,94
8,20,28079036,07,70
8,20,28079038,07,110
8,20,28079039,07,80
8,20,28079040,07,61
8,20,28079047,07,74
8,20,28079048,07,73
8,20,28079049,07,58
8,20,28079050,07,48
8,20,28079054,07,53
8,20,28079055,07,40
8,20,28079056,07,96
8,20,28079057,07,31
8,20,28079058,07,14
8,20,28079059,07,35
8,20,28079060,07,38
8,20,28079004,08,74
8,20,28079008,08,61
8,20,28079011,08,66
8,20,28079016,08,64
8,20,28079017,08,65
8,20,28079018,08,70
8,20,28079024,08,63
8,20,28079027,08,57
8,20,28079035,08,68
8,20,28079036,08,53
8,20,28079038,08,81
8,20,28079039,08,73
8,20,28079040,08,70
8,20,28079047,08,64
8,20,28079048,08,66
8,20,28079049,08,60
8,20,28079050,08,62
8,20,28079054,08,54
8,20,28079055,08,63
8,20,28079056,08,82
8,20,28079057,08,58
8,20,28079058,08,49
8,20,28079059,08,33
8,20,28079060,08,58
8,20,28079008,09,19
8,20,28079024,09,19
8,20,28079038,09,20
8,20,28079047,09,16
8,20,28079048,09,15
8,20,28079050,09,3
8,20,28079008,10,11
8,20,28079018,10,23
8,20,28079024,10,23
8,20,28079036,10,19
8,20,28079038,10,26
8,20,28079040,10,20
8,20,28079047,10,22
8,20,28079048,10,17
8,20,28079050,10,4
8,20,28079055,10,17
8,20,28079057,10,16
8,20,28079060,10,13
8,20,28079008,14,3
8,20,28079016,14,3
8,20,28079017,14,3
8,20,28079018,14,2
8,20,28079024,14,3
8,20,28079027,14,5
8,20,28079035,14,1
8,20,28079039,14,2
8,20,28079049,14,1
8,20,28079054,14,4
8,20,28079056,14,3
8,20,28079058,14,2
8,20,28079059,14,3
8,20,28079060,14,1
8,20,28079008,20,8.3
8,20,28079011,20,6.9
8,20,28079018,20,3
8,20,28079038,20,8.6
8,20,28079055,20,1
8,20,28079008,30,2.8
8,20,28079011,30,3.3
8,20,28079018,30,0.7
8,20,28079038,30,1.9
8,20,28079055,30,0.9
8,20,28079008,35,2.1
8,20,28079011,35,1
8,20,28079018,35,0.3
8,20,28079038,35,1.5
8,20,28079055,35,2.5
8,20,28079024,42,1.65
8,20,28079027,42,1.48
8,20,28079055,42,1.74
8,20,28079024,44,0.38
8,20,28079027,44,0.21
8,20,28079055,44,0.21
8,21,28079004,01,7
8,21,28079008,01,12
8,21,28079017,01,4
8,21,28079018,01,9
8,21,28079024,01,4
8,21,28079035,01,8
8,21,28079036,01,33
8,21,28079038,01,10
8,21,28079040,01,6
8,21,28079057,01,4
8,21,28079004,06,0.7
8,21,28079008,06,0.7
8,21,28079016,06,0.6
8,21,28079018,06,0.6
8,21,28079024,06,0.5
8,21,28079035,06,0.8
8,21,28079036,06,0.6
8,21,28079039,06,0.5
8,21,28079056,06,0.7
8,21,28079057,06,0.5
8,21,28079004,07,85
8,21,28079008,07,98
8,21,28079011,07,74
8,21,28079016,07,61
8,21,28079017,07,68
8,21,28079018,07,63
8,21,28079024,07,67
8,21,28079027,07,33
8,21,28079035,07,96
8,21,28079036,07,73
8,21,28079038,07,136
8,21,28079039,07,70
8,21,28079040,07,76
8,21,28079047,07,86
8,21,28079048,07,76
8,21,28079049,07,73
8,21,28079050,07,82
8,21,28079054,07,82
8,21,28079055,07,50
8,21,28079056,07,125
8,21,28079057,07,42
8,21,28079058,07,23
8,21,28079059,07,33
8,21,28079060,07,39
8,21,28079004,08,76
8,21,28079008,08,71
8,21,28079011,08,72
8,21,28079016,08,68
8,21,28079017,08,70
8,21,28079018,08,74
8,21,28079024,08,61
8,21,28079027,08,58
8,21,28079035,08,75
8,21,28079036,08,58
8,21,28079038,08,96
8,21,28079039,08,72
8,21,28079040,08,78
8,21,28079047,08,71
8,21,28079048,08,70
8,21,28079049,08,66
8,21,28079050,08,73
8,21,28079054,08,60
8,21,28079055,08,64
8,21,28079056,08,94
8,21,28079057,08,62
8,21,28079058,08,53
8,21,28079059,08,32
8,21,28079060,08,61
8,21,28079008,09,19
8,21,28079024,09,19
8,21,28079038,09,23
8,21,28079047,09,17
8,21,28079048,09,15
8,21,28079050,09,17
8,21,28079008,10,11
8,21,28079018,10,22
8,21,28079024,10,22
8,21,28079036,10,23
8,21,28079038,10,29
8,21,28079040,10,22
8,21,28079047,10,23
8,21,28079048,10,23
8,21,28079050,10,7
8,21,28079055,10,18
8,21,28079057,10,18
8,21,28079060,10,14
8,21,28079008,14,3
8,21,28079016,14,3
8,21,28079017,14,3
8,21,28079018,14,2
8,21,28079024,14,3
8,21,28079027,14,5
8,21,28079035,14,1
8,21,28079039,14,5
8,21,28079049,14,1
8,21,28079054,14,4
8,21,28079056,14,3
8,21,28079058,14,2
8,21,28079059,14,3
8,21,28079060,14,1
8,21,28079008,20,7.7
8,21,28079011,20,8.3
8,21,28079018,20,3.2
8,21,28079038,20,10
8,21,28079055,20,1
8,21,28079008,30,2.5
8,21,28079011,30,3.6
8,21,28079018,30,0.7
8,21,28079038,30,2.1
8,21,28079055,30,0.9
8,21,28079008,35,2.1
8,21,28079011,35,1.5
8,21,28079018,35,0.3
8,21,28079038,35,1.6
8,21,28079055,35,2.3
8,21,28079024,42,1.64
8,21,28079027,42,1.48
8,21,28079055,42,1.75
8,21,28079024,44,0.37
8,21,28079027,44,0.2
8,21,28079055,44,0.22
8,22,28079004,01,7
8,22,28079008,01,10
8,22,28079017,01,5
8,22,28079018,01,10
8,22,28079024,01,4
8,22,28079035,01,8
8,22,28079036,01,28
8,22,28079038,01,7
8,22,28079040,01,5
8,22,28079057,01,4
8,22,28079004,06,0.7
8,22,28079008,06,0.6
8,22,28079016,06,0.4
8,22,28079018,06,0.8
8,22,28079024,06,0.5
8,22,28079035,06,0.9
8,22,28079036,06,0.6
8,22,28079039,06,0.4
8,22,28079056,06,0.7
8,22,28079057,06,0.5
8,22,28079004,07,81
8,22,28079008,07,74
8,22,28079011,07,33
8,22,28079016,07,37
8,22,28079017,07,83
8,22,28079018,07,89
8,22,28079024,07,70
8,22,28079027,07,24
8,22,28079035,07,98
8,22,28079036,07,65
8,22,28079038,07,82
8,22,28079039,07,43
8,22,28079040,07,60
8,22,28079047,07,71
8,22,28079048,07,39
8,22,28079049,07,55
8,22,28079050,07,38
8,22,28079054,07,61
8,22,28079055,07,29
8,22,28079056,07,125
8,22,28079057,07,28
8,22,28079058,07,22
8,22,28079059,07,18
8,22,28079060,07,31
8,22,28079004,08,72
8,22,28079008,08,60
8,22,28079011,08,57
8,22,28079016,08,56
8,22,28079017,08,76
8,22,28079018,08,79
8,22,28079024,08,63
8,22,28079027,08,56
8,22,28079035,08,69
8,22,28079036,08,56
8,22,28079038,08,75
8,22,28079039,08,63
8,22,28079040,08,70
8,22,28079047,08,65
8,22,28079048,08,56
8,22,28079049,08,59
8,22,28079050,08,58
8,22,28079054,08,55
8,22,28079055,08,58
8,22,28079056,08,93
8,22,28079057,08,55
8,22,28079058,08,57
8,22,28079059,08,32
8,22,28079060,08,56
8,22,28079008,09,21
8,22,28079024,09,20
8,22,28079038,09,20
8,22,28079047,09,19
8,22,28079048,09,17
8,22,28079050,09,16
8,22,28079008,10,12
8,22,28079018,10,30
8,22,28079024,10,23
8,22,28079036,10,23
8,22,28079038,10,24
8,22,28079040,10,21
8,22,28079047,10,24
8,22,28079048,10,20
8,22,28079050,10,11
8,22,28079055,10,19
8,22,28079057,10,18
8,22,28079060,10,14
8,22,28079008,14,3
8,22,28079016,14,3
8,22,28079017,14,3
8,22,28079018,14,2
8,22,28079024,14,3
8,22,28079027,14,5
8,22,28079035,14,1
8,22,28079039,14,2
8,22,28079049,14,1
8,22,28079054,14,3
8,22,28079056,14,3
8,22,28079058,14,3
8,22,28079059,14,3
8,22,28079060,14,3
8,22,28079008,20,9
8,22,28079011,20,7.4
8,22,28079018,20,4
8,22,28079038,20,8.9
8,22,28079055,20,1
8,22,28079008,30,3.1
8,22,28079011,30,3.3
8,22,28079018,30,0.9
8,22,28079038,30,2
8,22,28079055,30,0.8
8,22,28079008,35,2.4
8,22,28079011,35,1.2
8,22,28079018,35,0.3
8,22,28079038,35,1.6
8,22,28079055,35,2.1
8,22,28079024,42,1.63
8,22,28079027,42,1.42
8,22,28079055,42,1.68
8,22,28079024,44,0.37
8,22,28079027,44,0.19
8,22,28079055,44,0.19
8,23,28079004,01,5
8,23,28079008,01,8
8,23,28079017,01,4
8,23,28079018,01,9
8,23,28079024,01,3
8,23,28079035,01,5
8,23,28079036,01,15
8,23,28079038,01,4
8,23,28079040,01,3
8,23,28079057,01,3
8,23,28079004,06,0.5
8,23,28079008,06,0.5
8,23,28079016,06,0.4
8,23,28079018,06,0.6
8,23,28079024,06,0.4
8,23,28079035,06,0.6
8,23,28079036,06,0.4
8,23,28079039,06,0.4
8,23,28079056,06,0.5
8,23,28079057,06,0.5
8,23,28079004,07,32
8,23,28079008,07,37
8,23,28079011,07,9
8,23,28079016,07,14
8,23,28079017,07,43
8,23,28079018,07,45
8,23,28079024,07,39
8,23,28079027,07,11
8,23,28079035,07,47
8,23,28079036,07,28
8,23,28079038,07,33
8,23,28079039,07,19
8,23,28079040,07,30
8,23,28079047,07,35
8,23,28079048,07,10
8,23,28079049,07,23
8,23,28079050,07,11
8,23,28079054,07,36
8,23,28079055,07,15
8,23,28079056,07,70
8,23,28079057,07,12
8,23,28079058,07,11
8,23,28079059,07,7
8,23,28079060,07,11
8,23,28079004,08,55
8,23,28079008,08,48
8,23,28079011,08,45
8,23,28079016,08,46
8,23,28079017,08,62
8,23,28079018,08,65
8,23,28079024,08,55
8,23,28079027,08,50
8,23,28079035,08,52
8,23,28079036,08,43
8,23,28079038,08,58
8,23,28079039,08,55
8,23,28079040,08,60
8,23,28079047,08,54
8,23,28079048,08,44
8,23,28079049,08,49
8,23,28079050,08,44
8,23,28079054,08,50
8,23,28079055,08,53
8,23,28079056,08,70
8,23,28079057,08,46
8,23,28079058,08,48
8,23,28079059,08,25
8,23,28079060,08,50
8,23,28079008,09,17
8,23,28079024,09,16
8,23,28079038,09,15
8,23,28079047,09,16
8,23,28079048,09,13
8,23,28079050,09,15
8,23,28079008,10,10
8,23,28079018,10,22
8,23,28079024,10,18
8,23,28079036,10,16
8,23,28079038,10,17
8,23,28079040,10,19
8,23,28079047,10,19
8,23,28079048,10,16
8,23,28079050,10,13
8,23,28079055,10,18
8,23,28079057,10,14
8,23,28079060,10,11
8,23,28079008,14,3
8,23,28079016,14,3
8,23,28079017,14,3
8,23,28079018,14,1
8,23,28079024,14,2
8,23,28079027,14,6
8,23,28079035,14,1
8,23,28079039,14,2
8,23,28079049,14,1
8,23,28079054,14,3
8,23,28079056,14,3
8,23,28079058,14,5
8,23,28079059,14,5
8,23,28079060,14,1
8,23,28079008,20,7.7
8,23,28079011,20,6
8,23,28079018,20,3.9
8,23,28079038,20,5
8,23,28079055,20,1
8,23,28079008,30,2.3
8,23,28079011,30,2.8
8,23,28079018,30,0.8
8,23,28079038,30,1.3
8,23,28079055,30,0.7
8,23,28079008,35,1.7
8,23,28079011,35,0.5
8,23,28079018,35,0.3
8,23,28079038,35,0.9
8,23,28079055,35,1.8
8,23,28079024,42,1.57
8,23,28079027,42,1.41
8,23,28079055,42,1.66
8,23,28079024,44,0.34
8,23,28079027,44,0.17
8,23,28079055,44,0.19
8,24,28079004,01,4
8,24,28079008,01,6
8,24,28079017,01,3
8,24,28079018,01,8
8,24,28079024,01,2
8,24,28079035,01,5
8,24,28079036,01,13
8,24,28079038,01,3
8,24,28079040,01,2
8,24,28079057,01,3
8,24,28079004,06,0.5
8,24,28079008,06,0.4
8,24,28079016,06,0.4
8,24,28079018,06,0.5
8,24,28079024,06,0.4
8,24,28079035,06,0.4
8,24,28079036,06,0.4
8,24,28079039,06,0.3
8,24,28079056,06,0.5
8,24,28079057,06,0.3
8,24,28079004,07,20
8,24,28079008,07,20
8,24,28079011,07,2
8,24,28079016,07,7
8,24,28079017,07,24
8,24,28079018,07,20
8,24,28079024,07,13
8,24,28079027,07,6
8,24,28079035,07,25
8,24,28079036,07,15
8,24,28079038,07,12
8,24,28079039,07,4
8,24,28079040,07,13
8,24,28079047,07,18
8,24,28079048,07,3
8,24,28079049,07,11
8,24,28079050,07,4
8,24,28079054,07,18
8,24,28079055,07,8
8,24,28079056,07,43
8,24,28079057,07,3
8,24,28079058,07,5
8,24,28079059,07,4
8,24,28079060,07,3
8,24,28079004,08,45
8,24,28079008,08,42
8,24,28079011,08,33
8,24,28079016,08,40
8,24,28079017,08,55
8,24,28079018,08,54
8,24,28079024,08,45
8,24,28079027,08,37
8,24,28079035,08,46
8,24,28079036,08,36
8,24,28079038,08,45
8,24,28079039,08,40
8,24,28079040,08,54
8,24,28079047,08,46
8,24,28079048,08,33
8,24,28079049,08,43
8,24,28079050,08,31
8,24,28079054,08,44
8,24,28079055,08,40
8,24,28079056,08,61
8,24,28079057,08,27
8,24,28079058,08,34
8,24,28079059,08,22
8,24,28079060,08,36
8,24,28079008,09,16
8,24,28079024,09,15
8,24,28079038,09,13
8,24,28079047,09,16
8,24,28079048,09,12
8,24,28079050,09,12
8,24,28079008,10,9
8,24,28079018,10,19
8,24,28079024,10,15
8,24,28079036,10,18
8,24,28079038,10,14
8,24,28079040,10,19
8,24,28079047,10,18
8,24,28079048,10,16
8,24,28079050,10,11
8,24,28079055,10,16
8,24,28079057,10,12
8,24,28079060,10,11
8,24,28079008,14,4
8,24,28079016,14,5
8,24,28079017,14,3
8,24,28079018,14,1
8,24,28079024,14,3
8,24,28079027,14,11
8,24,28079035,14,2
8,24,28079039,14,5
8,24,28079049,14,1
8,24,28079054,14,4
8,24,28079056,14,3
8,24,28079058,14,10
8,24,28079059,14,8
8,24,28079060,14,7
8,24,28079008,20,7
8,24,28079011,20,5.6
8,24,28079018,20,2.5
8,24,28079038,20,4.2
8,24,28079055,20,1
8,24,28079008,30,1.8
8,24,28079011,30,2.6
8,24,28079018,30,0.6
8,24,28079038,30,1
8,24,28079055,30,0.6
8,24,28079008,35,1.1
8,24,28079011,35,0.4
8,24,28079018,35,0.1
8,24,28079038,35,0.6
8,24,28079055,35,1.3
8,24,28079024,42,1.54
8,24,28079027,42,1.38
8,24,28079055,42,1.64
8,24,28079024,44,0.32
8,24,28079027,44,0.16
8,24,28079055,44,0.17
8,3,28079004,01,3
8,3,28079008,01,8
8,3,28079017,01,3
8,3,28079018,01,7
8,3,28079024,01,1
8,3,28079035,01,4
8,3,28079036,01,15
8,3,28079038,01,3
8,3,28079040,01,4
8,3,28079057,01,4
8,3,28079004,06,0.4
8,3,28079008,06,0.5
8,3,28079016,06,0.4
8,3,28079018,06,0.4
8,3,28079024,06,0.3
8,3,28079035,06,0.4
8,3,28079036,06,0.6
8,3,28079039,06,0.3
8,3,28079056,06,0.3
8,3,28079057,06,0.4
8,3,28079004,07,6
8,3,28079008,07,27
8,3,28079011,07,3
8,3,28079016,07,10
8,3,28079017,07,5
8,3,28079018,07,4
8,3,28079024,07,1
8,3,28079027,07,5
8,3,28079035,07,29
8,3,28079036,07,12
8,3,28079038,07,8
8,3,28079039,07,1
8,3,28079040,07,19
8,3,28079047,07,29
8,3,28079048,07,8
8,3,28079049,07,22
8,3,28079050,07,2
8,3,28079054,07,15
8,3,28079055,07,7
8,3,28079056,07,8
8,3,28079057,07,1
8,3,28079058,07,3
8,3,28079059,07,8
8,3,28079060,07,1
8,3,28079004,08,40
8,3,28079008,08,58
8,3,28079011,08,56
8,3,28079016,08,59
8,3,28079017,08,54
8,3,28079018,08,46
8,3,28079024,08,20
8,3,28079027,08,32
8,3,28079035,08,57
8,3,28079036,08,46
8,3,28079038,08,58
8,3,28079039,08,53
8,3,28079040,08,69
8,3,28079047,08,64
8,3,28079048,08,57
8,3,28079049,08,61
8,3,28079050,08,53
8,3,28079054,08,58
8,3,28079055,08,44
8,3,28079056,08,52
8,3,28079057,08,47
8,3,28079058,08,17
8,3,28079059,08,25
8,3,28079060,08,51
8,3,28079008,09,21
8,3,28079024,09,14
8,3,28079038,09,18
8,3,28079047,09,21
8,3,28079048,09,15
8,3,28079050,09,18
8,3,28079008,10,10
8,3,28079018,10,15
8,3,28079024,10,11
8,3,28079036,10,15
8,3,28079038,10,17
8,3,28079040,10,20
8,3,28079047,10,23
8,3,28079048,10,16
8,3,28079050,10,18
8,3,28079055,10,10
8,3,28079057,10,6
8,3,28079060,10,10
8,3,28079008,14,4
8,3,28079016,14,3
8,3,28079017,14,5
8,3,28079018,14,6
8,3,28079024,14,24
8,3,28079027,14,15
8,3,28079035,14,3
8,3,28079039,14,5
8,3,28079049,14,1
8,3,28079054,14,4
8,3,28079056,14,7
8,3,28079058,14,24
8,3,28079059,14,7
8,3,28079060,14,4
8,3,28079008,20,3.8
8,3,28079011,20,4.4
8,3,28079018,20,0.7
8,3,28079024,20,1
8,3,28079038,20,2
8,3,28079008,30,1.7
8,3,28079011,30,2.6
8,3,28079018,30,0.3
8,3,28079024,30,0.9
8,3,28079038,30,0.8
8,3,28079008,35,1.2
8,3,28079011,35,0.3
8,3,28079018,35,1
8,3,28079024,35,0.5
8,3,28079038,35,0.3
8,3,28079024,42,1.43
8,3,28079027,42,1.49
8,3,28079055,42,1.72
8,3,28079024,44,0.27
8,3,28079027,44,0.16
8,3,28079055,44,0.17
8,4,28079004,01,3
8,4,28079008,01,8
8,4,28079017,01,3
8,4,28079018,01,7
8,4,28079024,01,1
8,4,28079035,01,4
8,4,28079036,01,8
8,4,28079038,01,3
8,4,28079040,01,3
8,4,28079057,01,4
8,4,28079004,06,0.4
8,4,28079008,06,0.4
8,4,28079016,06,0.4
8,4,28079018,06,0.4
8,4,28079024,06,0.3
8,4,28079035,06,0.4
8,4,28079036,06,0.5
8,4,28079039,06,0.3
8,4,28079056,06,0.3
8,4,28079057,06,0.4
8,4,28079004,07,5
8,4,28079008,07,15
8,4,28079011,07,1
8,4,28079016,07,4
8,4,28079017,07,11
8,4,28079018,07,1
8,4,28079024,07,1
8,4,28079027,07,1
8,4,28079035,07,18
8,4,28079036,07,5
8,4,28079038,07,6
8,4,28079039,07,1
8,4,28079040,07,9
8,4,28079047,07,16
8,4,28079048,07,4
8,4,28079049,07,14
8,4,28079050,07,3
8,4,28079054,07,12
8,4,28079055,07,3
8,4,28079056,07,7
8,4,28079057,07,1
8,4,28079058,07,2
8,4,28079059,07,2
8,4,28079060,07,1
8,4,28079004,08,41
8,4,28079008,08,53
8,4,28079011,08,45
8,4,28079016,08,43
8,4,28079017,08,59
8,4,28079018,08,35
8,4,28079024,08,23
8,4,28079027,08,27
8,4,28079035,08,52
8,4,28079036,08,38
8,4,28079038,08,60
8,4,28079039,08,54
8,4,28079040,08,61
8,4,28079047,08,57
8,4,28079048,08,51
8,4,28079049,08,57
8,4,28079050,08,46
8,4,28079054,08,52
8,4,28079055,08,34
8,4,28079056,08,45
8,4,28079057,08,39
8,4,28079058,08,20
8,4,28079059,08,17
8,4,28079060,08,43
8,4,28079008,09,19
8,4,28079024,09,15
8,4,28079038,09,18
8,4,28079047,09,20
8,4,28079048,09,17
8,4,28079050,09,16
8,4,28079008,10,9
8,4,28079018,10,15
8,4,28079024,10,12
8,4,28079036,10,14
8,4,28079038,10,18
8,4,28079040,10,18
8,4,28079047,10,20
8,4,28079048,10,19
8,4,28079050,10,16
8,4,28079055,10,8
8,4,28079057,10,4
8,4,28079060,10,7
8,4,28079008,14,4
8,4,28079016,14,6
8,4,28079017,14,3
8,4,28079018,14,12
8,4,28079024,14,20
8,4,28079027,14,15
8,4,28079035,14,3
8,4,28079039,14,4
8,4,28079049,14,1
8,4,28079054,14,4
8,4,28079056,14,10
8,4,28079058,14,24
8,4,28079059,14,11
8,4,28079060,14,8
8,4,28079008,20,3.5
8,4,28079011,20,4.2
8,4,28079018,20,0.6
8,4,28079024,20,0.9
8,4,28079038,20,2.3
8,4,28079008,30,1.6
8,4,28079011,30,2.5
8,4,28079018,30,0.3
8,4,28079024,30,1
8,4,28079038,30,0.9
8,4,28079008,35,0.9
8,4,28079011,35,0.3
8,4,28079018,35,1
8,4,28079024,35,0.5
8,4,28079038,35,0.5
8,4,28079024,42,1.45
8,4,28079027,42,1.52
8,4,28079055,42,1.77
8,4,28079024,44,0.27
8,4,28079027,44,0.16
8,4,28079055,44,0.17
8,5,28079004,01,3
8,5,28079008,01,8
8,5,28079017,01,3
8,5,28079018,01,7
8,5,28079024,01,1
8,5,28079035,01,3
8,5,28079036,01,4
8,5,28079038,01,3
8,5,28079040,01,3
8,5,28079057,01,4
8,5,28079004,06,0.4
8,5,28079008,06,0.4
8,5,28079016,06,0.4
8,5,28079018,06,0.4
8,5,28079024,06,0.3
8,5,28079035,06,0.4
8,5,28079036,06,0.4
8,5,28079039,06,0.3
8,5,28079056,06,0.3
8,5,28079057,06,0.4
8,5,28079004,07,6
8,5,28079008,07,9
8,5,28079011,07,1
8,5,28079016,07,4
8,5,28079017,07,15
8,5,28079018,07,1
8,5,28079024,07,1
8,5,28079027,07,2
8,5,28079035,07,14
8,5,28079036,07,3
8,5,28079038,07,4
8,5,28079039,07,1
8,5,28079040,07,3
8,5,28079047,07,9
8,5,28079048,07,1
8,5,28079049,07,6
8,5,28079050,07,4
8,5,28079054,07,8
8,5,28079055,07,3
8,5,28079056,07,13
8,5,28079057,07,2
8,5,28079058,07,2
8,5,28079059,07,2
8,5,28079060,07,1
8,5,28079004,08,47
8,5,28079008,08,43
8,5,28079011,08,35
8,5,28079016,08,32
8,5,28079017,08,58
8,5,28079018,08,40
8,5,28079024,08,31
8,5,28079027,08,27
8,5,28079035,08,49
8,5,28079036,08,31
8,5,28079038,08,51
8,5,28079039,08,47
8,5,28079040,08,49
8,5,28079047,08,49
8,5,28079048,08,39
8,5,28079049,08,47
8,5,28079050,08,41
8,5,28079054,08,48
8,5,28079055,08,33
8,5,28079056,08,51
8,5,28079057,08,38
8,5,28079058,08,20
8,5,28079059,08,16
8,5,28079060,08,38
8,5,28079008,09,14
8,5,28079024,09,16
8,5,28079038,09,13
8,5,28079047,09,14
8,5,28079048,09,9
8,5,28079050,09,12
8,5,28079008,10,6
8,5,28079018,10,16
8,5,28079024,10,14
8,5,28079036,10,5
8,5,28079038,10,14
8,5,28079040,10,12
8,5,28079047,10,14
8,5,28079048,10,8
8,5,28079050,10,12
8,5,28079055,10,6
8,5,28079057,10,6
8,5,28079060,10,8
8,5,28079008,14,5
8,5,28079016,14,9
8,5,28079017,14,6
8,5,28079018,14,8
8,5,28079024,14,13
8,5,28079027,14,14
8,5,28079035,14,2
8,5,28079039,14,6
8,5,28079049,14,2
8,5,28079054,14,4
8,5,28079056,14,5
8,5,28079058,14,22
8,5,28079059,14,11
8,5,28079060,14,8
8,5,28079008,20,3
8,5,28079011,20,3.9
8,5,28079018,20,0.6
8,5,28079024,20,1.1
8,5,28079038,20,2.2
8,5,28079008,30,1.4
8,5,28079011,30,2.4
8,5,28079018,30,0.3
8,5,28079024,30,0.9
8,5,28079038,30,0.9
8,5,28079008,35,0.6
8,5,28079011,35,0.2
8,5,28079018,35,1
8,5,28079024,35,0.6
8,5,28079038,35,0.5
8,5,28079024,42,1.49
8,5,28079027,42,1.5
8,5,28079055,42,1.76
8,5,28079024,44,0.29
8,5,28079027,44,0.16
8,5,28079055,44,0.17
8,6,28079004,01,3
8,6,28079008,01,7
8,6,28079017,01,3
8,6,28079018,01,7
8,6,28079024,01,1
8,6,28079035,01,3
8,6,28079036,01,3
8,6,28079038,01,3
8,6,28079040,01,3
8,6,28079057,01,4
8,6,28079004,06,0.4
8,6,28079008,06,0.4
8,6,28079016,06,0.4
8,6,28079018,06,0.4
8,6,28079024,06,0.3
8,6,28079035,06,0.4
8,6,28079036,06,0.4
8,6,28079039,06,0.3
8,6,28079056,06,0.3
8,6,28079057,06,0.4
8,6,28079004,07,9
8,6,28079008,07,9
8,6,28079011,07,1
8,6,28079016,07,5
8,6,28079017,07,15
8,6,28079018,07,5
8,6,28079024,07,1
8,6,28079027,07,3
8,6,28079035,07,14
8,6,28079036,07,3
8,6,28079038,07,7
8,6,28079039,07,1
8,6,28079040,07,6
8,6,28079047,07,9
8,6,28079048,07,3
8,6,28079049,07,4
8,6,28079050,07,7
8,6,28079054,07,7
8,6,28079055,07,8
8,6,28079056,07,18
8,6,28079057,07,2
8,6,28079058,07,3
8,6,28079059,07,6
8,6,28079060,07,1
8,6,28079004,08,48
8,6,28079008,08,41
8,6,28079011,08,34
8,6,28079016,08,35
8,6,28079017,08,54
8,6,28079018,08,50
8,6,28079024,08,36
8,6,28079027,08,30
8,6,28079035,08,46
8,6,28079036,08,28
8,6,28079038,08,48
8,6,28079039,08,43
8,6,28079040,08,48
8,6,28079047,08,44
8,6,28079048,08,38
8,6,28079049,08,43
8,6,28079050,08,39
8,6,28079054,08,43
8,6,28079055,08,38
8,6,28079056,08,54
8,6,28079057,08,32
8,6,28079058,08,20
8,6,28079059,08,20
8,6,28079060,08,37
8,6,28079008,09,11
8,6,28079024,09,15
8,6,28079038,09,10
8,6,28079047,09,10
8,6,28079048,09,6
8,6,28079050,09,11
8,6,28079008,10,4
8,6,28079018,10,14
8,6,28079024,10,12
8,6,28079036,10,6
8,6,28079038,10,12
8,6,28079040,10,9
8,6,28079047,10,11
8,6,28079048,10,6
8,6,28079050,10,9
8,6,28079055,10,5
8,6,28079057,10,4
8,6,28079060,10,3
8,6,28079008,14,6
8,6,28079016,14,7
8,6,28079017,14,3
8,6,28079018,14,2
8,6,28079024,14,8
8,6,28079027,14,14
8,6,28079035,14,3
8,6,28079039,14,5
8,6,28079049,14,3
8,6,28079054,14,5
8,6,28079056,14,3
8,6,28079058,14,15
8,6,28079059,14,7
8,6,28079060,14,5
8,6,28079008,20,2.8
8,6,28079011,20,3.9
8,6,28079018,20,0.7
8,6,28079024,20,1.3
8,6,28079038,20,2.1
8,6,28079008,30,1.3
8,6,28079011,30,2.5
8,6,28079018,30,0.3
8,6,28079024,30,0.9
8,6,28079038,30,0.9
8,6,28079008,35,0.7
8,6,28079011,35,0.3
8,6,28079018,35,1
8,6,28079024,35,0.5
8,6,28079038,35,0.5
8,6,28079024,42,1.54
8,6,28079027,42,1.47
8,6,28079055,42,1.76
8,6,28079024,44,0.3
8,6,28079027,44,0.17
8,6,28079055,44,0.19
8,7,28079004,01,3
8,7,28079008,01,8
8,7,28079017,01,3
8,7,28079018,01,7
8,7,28079024,01,1
8,7,28079035,01,4
8,7,28079036,01,6
8,7,28079038,01,3
8,7,28079040,01,3
8,7,28079057,01,3
8,7,28079004,06,0.4
8,7,28079008,06,0.4
8,7,28079016,06,0.4
8,7,28079018,06,0.5
8,7,28079024,06,0.3
8,7,28079035,06,0.4
8,7,28079036,06,0.5
8,7,28079039,06,0.3
8,7,28079056,06,0.4
8,7,28079057,06,0.4
8,7,28079004,07,15
8,7,28079008,07,19
8,7,28079011,07,3
8,7,28079016,07,10
8,7,28079017,07,19
8,7,28079018,07,13
8,7,28079024,07,1
8,7,28079027,07,24
8,7,28079035,07,25
8,7,28079036,07,7
8,7,28079038,07,14
8,7,28079039,07,6
8,7,28079040,07,14
8,7,28079047,07,22
8,7,28079048,07,5
8,7,28079049,07,9
8,7,28079050,07,7
8,7,28079054,07,23
8,7,28079055,07,23
8,7,28079056,07,44
8,7,28079057,07,5
8,7,28079058,07,4
8,7,28079059,07,4
8,7,28079060,07,6
8,7,28079004,08,48
8,7,28079008,08,45
8,7,28079011,08,37
8,7,28079016,08,39
8,7,28079017,08,51
8,7,28079018,08,53
8,7,28079024,08,39
8,7,28079027,08,40
8,7,28079035,08,49
8,7,28079036,08,29
8,7,28079038,08,50
8,7,28079039,08,43
8,7,28079040,08,50
8,7,28079047,08,47
8,7,28079048,08,38
8,7,28079049,08,45
8,7,28079050,08,40
8,7,28079054,08,42
8,7,28079055,08,47
8,7,28079056,08,62
8,7,28079057,08,36
8,7,28079058,08,24
8,7,28079059,08,17
8,7,28079060,08,39
8,7,28079008,09,11
8,7,28079024,09,15
8,7,28079038,09,12
8,7,28079047,09,11
8,7,28079048,09,7
8,7,28079050,09,11
8,7,28079008,10,5
8,7,28079018,10,12
8,7,28079024,10,13
8,7,28079036,10,16
8,7,28079038,10,13
8,7,28079040,10,10
8,7,28079047,10,12
8,7,28079048,10,6
8,7,28079050,10,10
8,7,28079055,10,7
8,7,28079057,10,3
8,7,28079060,10,4
8,7,28079008,14,4
8,7,28079016,14,5
8,7,28079017,14,3
8,7,28079018,14,1
8,7,28079024,14,9
8,7,28079027,14,10
8,7,28079035,14,2
8,7,28079039,14,3
8,7,28079049,14,1
8,7,28079054,14,5
8,7,28079056,14,3
8,7,28079058,14,13
8,7,28079059,14,8
8,7,28079060,14,2
8,7,28079008,20,3
8,7,28079011,20,3.9
8,7,28079018,20,0.9
8,7,28079024,20,1.4
8,7,28079038,20,2.4
8,7,28079008,30,1.4
8,7,28079011,30,2.5
8,7,28079018,30,0.4
8,7,28079024,30,1
8,7,28079038,30,0.9
8,7,28079008,35,0.9
8,7,28079011,35,0.2
8,7,28079018,35,1
8,7,28079024,35,0.5
8,7,28079038,35,0.5
8,7,28079024,42,1.52
8,7,28079027,42,1.48
8,7,28079055,42,1.73
8,7,28079024,44,0.3
8,7,28079027,44,0.17
8,7,28079055,44,0.19
8,8,28079004,01,4
8,8,28079008,01,9
8,8,28079017,01,3
8,8,28079018,01,8
8,8,28079024,01,2
8,8,28079035,01,4
8,8,28079036,01,9
8,8,28079038,01,4
8,8,28079040,01,3
8,8,28079057,01,4
8,8,28079004,06,0.5
8,8,28079008,06,0.5
8,8,28079016,06,0.5
8,8,28079018,06,0.6
8,8,28079024,06,0.4
8,8,28079035,06,0.5
8,8,28079036,06,0.6
8,8,28079039,06,0.3
8,8,28079056,06,0.6
8,8,28079057,06,0.4
8,8,28079004,07,40
8,8,28079008,07,52
8,8,28079011,07,15
8,8,28079016,07,50
8,8,28079017,07,21
8,8,28079018,07,35
8,8,28079024,07,6
8,8,28079027,07,25
8,8,28079035,07,38
8,8,28079036,07,19
8,8,28079038,07,44
8,8,28079039,07,24
8,8,28079040,07,27
8,8,28079047,07,43
8,8,28079048,07,31
8,8,28079049,07,24
8,8,28079050,07,21
8,8,28079054,07,37
8,8,28079055,07,46
8,8,28079056,07,90
8,8,28079057,07,16
8,8,28079058,07,13
8,8,28079059,07,10
8,8,28079060,07,29
8,8,28079004,08,57
8,8,28079008,08,53
8,8,28079011,08,43
8,8,28079016,08,55
8,8,28079017,08,51
8,8,28079018,08,57
8,8,28079024,08,43
8,8,28079027,08,42
8,8,28079035,08,52
8,8,28079036,08,35
8,8,28079038,08,58
8,8,28079039,08,48
8,8,28079040,08,54
8,8,28079047,08,52
8,8,28079048,08,47
8,8,28079049,08,49
8,8,28079050,08,46
8,8,28079054,08,44
8,8,28079055,08,53
8,8,28079056,08,74
8,8,28079057,08,43
8,8,28079058,08,30
8,8,28079059,08,20
8,8,28079060,08,46
8,8,28079008,09,15
8,8,28079024,09,15
8,8,28079038,09,16
8,8,28079047,09,12
8,8,28079048,09,11
8,8,28079050,09,11
8,8,28079008,10,8
8,8,28079018,10,16
8,8,28079024,10,13
8,8,28079036,10,10
8,8,28079038,10,15
8,8,28079040,10,10
8,8,28079047,10,14
8,8,28079048,10,13
8,8,28079050,10,13
8,8,28079055,10,8
8,8,28079057,10,3
8,8,28079060,10,6
8,8,28079008,14,4
8,8,28079016,14,3
8,8,28079017,14,3
8,8,28079018,14,1
8,8,28079024,14,4
8,8,28079027,14,8
8,8,28079035,14,2
8,8,28079039,14,2
8,8,28079049,14,1
8,8,28079054,14,5
8,8,28079056,14,3
8,8,28079058,14,8
8,8,28079059,14,6
8,8,28079060,14,1
8,8,28079008,20,4.3
8,8,28079011,20,4.1
8,8,28079018,20,1.3
8,8,28079024,20,1.4
8,8,28079038,20,3.1
8,8,28079008,30,2
8,8,28079011,30,2.6
8,8,28079018,30,0.5
8,8,28079024,30,0.9
8,8,28079038,30,1.1
8,8,28079008,35,1.1
8,8,28079011,35,0.4
8,8,28079018,35,0.7
8,8,28079024,35,0.4
8,8,28079038,35,0.6
8,8,28079024,42,1.57
8,8,28079027,42,1.46
8,8,28079055,42,1.72
8,8,28079024,44,0.31
8,8,28079027,44,0.17
8,8,28079055,44,0.18
8,9,28079004,01,5
8,9,28079008,01,9
8,9,28079017,01,4
8,9,28079018,01,8
8,9,28079024,01,2
8,9,28079035,01,4
8,9,28079036,01,10
8,9,28079038,01,5
8,9,28079040,01,3
8,9,28079057,01,4
8,9,28079004,06,0.6
8,9,28079008,06,0.6
8,9,28079016,06,0.5
8,9,28079018,06,0.6
8,9,28079024,06,0.4
8,9,28079035,06,0.5
8,9,28079036,06,0.6
8,9,28079039,06,0.4
8,9,28079056,06,0.6
8,9,28079057,06,0.5
8,9,28079004,07,50
8,9,28079008,07,63
8,9,28079011,07,31
8,9,28079016,07,19
8,9,28079017,07,37
8,9,28079018,07,43
8,9,28079024,07,27
8,9,28079027,07,9
8,9,28079035,07,55
8,9,28079036,07,42
8,9,28079038,07,63
8,9,28079039,07,34
8,9,28079040,07,22
8,9,28079047,07,50
8,9,28079048,07,32
8,9,28079049,07,18
8,9,28079050,07,24
8,9,28079054,07,46
8,9,28079055,07,48
8,9,28079056,07,99
8,9,28079057,07,32
8,9,28079058,07,8
8,9,28079059,07,15
8,9,28079060,07,44
8,9,28079004,08,63
8,9,28079008,08,58
8,9,28079011,08,51
8,9,28079016,08,46
8,9,28079017,08,53
8,9,28079018,08,60
8,9,28079024,08,47
8,9,28079027,08,37
8,9,28079035,08,58
8,9,28079036,08,42
8,9,28079038,08,65
8,9,28079039,08,54
8,9,28079040,08,53
8,9,28079047,08,56
8,9,28079048,08,50
8,9,28079049,08,49
8,9,28079050,08,49
8,9,28079054,08,43
8,9,28079055,08,53
8,9,28079056,08,78
8,9,28079057,08,48
8,9,28079058,08,27
8,9,28079059,08,23
8,9,28079060,08,52
8,9,28079008,09,14
8,9,28079024,09,15
8,9,28079038,09,12
8,9,28079047,09,13
8,9,28079048,09,7
8,9,28079050,09,11
8,9,28079008,10,6
8,9,28079018,10,16
8,9,28079024,10,13
8,9,28079036,10,8
8,9,28079038,10,14
8,9,28079040,10,9
8,9,28079047,10,14
8,9,28079048,10,5
8,9,28079050,10,11
8,9,28079055,10,9
8,9,28079057,10,5
8,9,28079060,10,8
8,9,28079008,14,4
8,9,28079016,14,4
8,9,28079017,14,3
8,9,28079018,14,1
8,9,28079024,14,3
8,9,28079027,14,9
8,9,28079035,14,2
8,9,28079039,14,2
8,9,28079049,14,1
8,9,28079054,14,5
8,9,28079056,14,3
8,9,28079058,14,9
8,9,28079059,14,4
8,9,28079060,14,1
8,9,28079008,20,5.5
8,9,28079011,20,4.9
8,9,28079018,20,1.6
8,9,28079024,20,1.7
8,9,28079038,20,4.4
8,9,28079008,30,2.4
8,9,28079011,30,2.9
8,9,28079018,30,0.6
8,9,28079024,30,1
8,9,28079038,30,1.5
8,9,28079008,35,1.2
8,9,28079011,35,0.4
8,9,28079018,35,0.3
8,9,28079024,35,0.5
8,9,28079038,35,0.8
8,9,28079024,42,1.58
8,9,28079027,42,1.45
8,9,28079055,42,1.74
8,9,28079024,44,0.32
8,9,28079027,44,0.16
8,9,28079055,44,0.19
9,1,28079004,01,4
9,1,28079008,01,6
9,1,28079017,01,3
9,1,28079018,01,7
9,1,28079024,01,2
9,1,28079035,01,4
9,1,28079036,01,13
9,1,28079038,01,3
9,1,28079040,01,2
9,1,28079057,01,3
9,1,28079004,06,0.4
9,1,28079008,06,0.4
9,1,28079016,06,0.3
9,1,28079018,06,0.4
9,1,28079024,06,0.3
9,1,28079035,06,0.4
9,1,28079036,06,0.4
9,1,28079039,06,0.2
9,1,28079056,06,0.4
9,1,28079057,06,0.3
9,1,28079004,07,11
9,1,28079008,07,14
9,1,28079011,07,1
9,1,28079016,07,4
9,1,28079017,07,10
9,1,28079018,07,7
9,1,28079024,07,2
9,1,28079027,07,6
9,1,28079035,07,20
9,1,28079036,07,5
9,1,28079038,07,12
9,1,28079039,07,1
9,1,28079040,07,5
9,1,28079047,07,10
9,1,28079048,07,2
9,1,28079049,07,6
9,1,28079050,07,1
9,1,28079054,07,10
9,1,28079055,07,7
9,1,28079056,07,27
9,1,28079057,07,1
9,1,28079058,07,4
9,1,28079059,07,4
9,1,28079060,07,1
9,1,28079004,08,39
9,1,28079008,08,40
9,1,28079011,08,33
9,1,28079016,08,38
9,1,28079017,08,48
9,1,28079018,08,47
9,1,28079024,08,36
9,1,28079027,08,33
9,1,28079035,08,42
9,1,28079036,08,30
9,1,28079038,08,42
9,1,28079039,08,29
9,1,28079040,08,45
9,1,28079047,08,43
9,1,28079048,08,32
9,1,28079049,08,41
9,1,28079050,08,30
9,1,28079054,08,36
9,1,28079055,08,39
9,1,28079056,08,54
9,1,28079057,08,24
9,1,28079058,08,22
9,1,28079059,08,19
9,1,28079060,08,23
9,1,28079008,09,13
9,1,28079024,09,11
9,1,28079038,09,9
9,1,28079047,09,13
9,1,28079048,09,9
9,1,28079050,09,9
9,1,28079008,10,7
9,1,28079018,10,14
9,1,28079024,10,12
9,1,28079036,10,12
9,1,28079038,10,11
9,1,28079040,10,15
9,1,28079047,10,15
9,1,28079048,10,13
9,1,28079050,10,10
9,1,28079055,10,14
9,1,28079057,10,9
9,1,28079060,10,6
9,1,28079008,14,5
9,1,28079016,14,6
9,1,28079017,14,3
9,1,28079018,14,2
9,1,28079024,14,6
9,1,28079027,14,12
9,1,28079035,14,2
9,1,28079039,14,11
9,1,28079049,14,2
9,1,28079054,14,6
9,1,28079056,14,4
9,1,28079058,14,17
9,1,28079059,14,9
9,1,28079060,14,14
9,1,28079008,20,6.8
9,1,28079011,20,5.3
9,1,28079018,20,2
9,1,28079038,20,3.7
9,1,28079055,20,1
9,1,28079008,30,1.6
9,1,28079011,30,2.3
9,1,28079018,30,0.4
9,1,28079038,30,0.9
9,1,28079055,30,0.6
9,1,28079008,35,1.1
9,1,28079011,35,0.3
9,1,28079018,35,0.6
9,1,28079038,35,0.5
9,1,28079055,35,0.8
9,1,28079024,42,1.51
9,1,28079027,42,1.37
9,1,28079055,42,1.63
9,1,28079024,44,0.31
9,1,28079027,44,0.16
9,1,28079055,44,0.17
9,10,28079004,01,6
9,10,28079008,01,9
9,10,28079017,01,4
9,10,28079018,01,8
9,10,28079024,01,2
9,10,28079035,01,7
9,10,28079036,01,5
9,10,28079038,01,7
9,10,28079040,01,4
9,10,28079057,01,5
9,10,28079004,06,0.5
9,10,28079008,06,0.6
9,10,28079016,06,0.6
9,10,28079018,06,0.5
9,10,28079024,06,0.3
9,10,28079035,06,0.5
9,10,28079036,06,0.5
9,10,28079039,06,0.4
9,10,28079057,06,0.5
9,10,28079004,07,84
9,10,28079008,07,77
9,10,28079011,07,43
9,10,28079016,07,36
9,10,28079017,07,49
9,10,28079018,07,47
9,10,28079024,07,25
9,10,28079027,07,36
9,10,28079035,07,98
9,10,28079036,07,73
9,10,28079038,07,100
9,10,28079039,07,43
9,10,28079040,07,51
9,10,28079047,07,64
9,10,28079048,07,26
9,10,28079049,07,34
9,10,28079050,07,40
9,10,28079054,07,81
9,10,28079055,07,31
9,10,28079057,07,66
9,10,28079058,07,13
9,10,28079059,07,10
9,10,28079060,07,40
9,10,28079004,08,61
9,10,28079008,08,60
9,10,28079011,08,60
9,10,28079016,08,49
9,10,28079017,08,54
9,10,28079018,08,57
9,10,28079024,08,44
9,10,28079027,08,48
9,10,28079035,08,62
9,10,28079036,08,55
9,10,28079038,08,76
9,10,28079039,08,62
9,10,28079040,08,61
9,10,28079047,08,60
9,10,28079048,08,50
9,10,28079049,08,52
9,10,28079050,08,59
9,10,28079054,08,46
9,10,28079055,08,50
9,10,28079057,08,62
9,10,28079058,08,23
9,10,28079059,08,20
9,10,28079060,08,55
9,10,28079008,09,14
9,10,28079024,09,7
9,10,28079038,09,17
9,10,28079047,09,12
9,10,28079048,09,7
9,10,28079050,09,13
9,10,28079008,10,10
9,10,28079018,10,16
9,10,28079024,10,9
9,10,28079036,10,15
9,10,28079038,10,19
9,10,28079040,10,15
9,10,28079047,10,16
9,10,28079048,10,11
9,10,28079050,10,21
9,10,28079055,10,10
9,10,28079057,10,20
9,10,28079060,10,11
9,10,28079008,14,4
9,10,28079016,14,5
9,10,28079017,14,4
9,10,28079018,14,2
9,10,28079024,14,4
9,10,28079027,14,8
9,10,28079035,14,2
9,10,28079039,14,3
9,10,28079049,14,1
9,10,28079054,14,4
9,10,28079058,14,11
9,10,28079059,14,10
9,10,28079060,14,3
9,10,28079008,20,8.6
9,10,28079011,20,4.9
9,10,28079018,20,1.8
9,10,28079024,20,1.2
9,10,28079038,20,6.4
9,10,28079008,30,2.3
9,10,28079011,30,2.7
9,10,28079018,30,0.5
9,10,28079024,30,0.7
9,10,28079038,30,1.9
9,10,28079008,35,1.4
9,10,28079011,35,0.4
9,10,28079018,35,0.3
9,10,28079024,35,0.4
9,10,28079038,35,1.2
9,10,28079024,42,1.43
9,10,28079027,42,1.33
9,10,28079055,42,1.57
9,10,28079024,44,0.28
9,10,28079027,44,0.16
9,10,28079055,44,0.16
9,11,28079004,01,6
9,11,28079008,01,10
9,11,28079017,01,4
9,11,28079024,01,3
9,11,28079035,01,8
9,11,28079036,01,8
9,11,28079038,01,8
9,11,28079040,01,5
9,11,28079057,01,4
9,11,28079004,06,0.5
9,11,28079008,06,0.6
9,11,28079016,06,0.3
9,11,28079018,06,0.4
9,11,28079024,06,0.3
9,11,28079035,06,0.6
9,11,28079036,06,0.5
9,11,28079039,06,0.3
9,11,28079056,06,0.5
9,11,28079057,06,0.4
9,11,28079004,07,85
9,11,28079008,07,87
9,11,28079011,07,40
9,11,28079016,07,15
9,11,28079017,07,52
9,11,28079018,07,43
9,11,28079024,07,32
9,11,28079027,07,26
9,11,28079035,07,92
9,11,28079036,07,57
9,11,28079038,07,114
9,11,28079039,07,39
9,11,28079040,07,65
9,11,28079047,07,82
9,11,28079048,07,62
9,11,28079049,07,56
9,11,28079050,07,60
9,11,28079054,07,57
9,11,28079055,07,25
9,11,28079056,07,102
9,11,28079057,07,52
9,11,28079058,07,10
9,11,28079059,07,13
9,11,28079060,07,19
9,11,28079004,08,59
9,11,28079008,08,62
9,11,28079011,08,61
9,11,28079016,08,41
9,11,28079017,08,56
9,11,28079018,08,46
9,11,28079024,08,45
9,11,28079027,08,37
9,11,28079035,08,62
9,11,28079036,08,47
9,11,28079038,08,73
9,11,28079039,08,60
9,11,28079040,08,65
9,11,28079047,08,62
9,11,28079048,08,61
9,11,28079049,08,57
9,11,28079050,08,64
9,11,28079054,08,43
9,11,28079055,08,43
9,11,28079056,08,71
9,11,28079057,08,57
9,11,28079058,08,18
9,11,28079059,08,18
9,11,28079060,08,42
9,11,28079008,09,16
9,11,28079024,09,8
9,11,28079038,09,15
9,11,28079047,09,13
9,11,28079048,09,11
9,11,28079050,09,13
9,11,28079008,10,12
9,11,28079024,10,11
9,11,28079036,10,14
9,11,28079038,10,22
9,11,28079040,10,21
9,11,28079047,10,20
9,11,28079048,10,22
9,11,28079050,10,23
9,11,28079055,10,9
9,11,28079057,10,20
9,11,28079060,10,9
9,11,28079008,14,5
9,11,28079016,14,13
9,11,28079017,14,5
9,11,28079018,14,3
9,11,28079024,14,6
9,11,28079027,14,14
9,11,28079035,14,2
9,11,28079039,14,5
9,11,28079049,14,1
9,11,28079054,14,6
9,11,28079056,14,4
9,11,28079058,14,16
9,11,28079059,14,13
9,11,28079060,14,11
9,11,28079008,20,7.8
9,11,28079011,20,5.5
9,11,28079018,20,2
9,11,28079024,20,1.3
9,11,28079038,20,6.8
9,11,28079055,20,1
9,11,28079008,30,2.7
9,11,28079011,30,2.7
9,11,28079018,30,0.4
9,11,28079024,30,0.7
9,11,28079038,30,1.8
9,11,28079055,30,0.6
9,11,28079008,35,1.9
9,11,28079011,35,0.4
9,11,28079018,35,0.6
9,11,28079024,35,0.4
9,11,28079038,35,1.3
9,11,28079055,35,1.2
9,11,28079024,42,1.44
9,11,28079027,42,1.31
9,11,28079055,42,1.54
9,11,28079024,44,0.29
9,11,28079027,44,0.15
9,11,28079055,44,0.16
9,12,28079004,01,6
9,12,28079008,01,9
9,12,28079024,01,3
9,12,28079035,01,7
9,12,28079036,01,13
9,12,28079038,01,8
9,12,28079040,01,5
9,12,28079057,01,3
9,12,28079004,06,0.5
9,12,28079008,06,0.6
9,12,28079016,06,0.3
9,12,28079018,06,0.6
9,12,28079024,06,0.4
9,12,28079035,06,0.6
9,12,28079036,06,0.6
9,12,28079039,06,0.4
9,12,28079056,06,0.4
9,12,28079057,06,0.3
9,12,28079004,07,68
9,12,28079008,07,93
9,12,28079011,07,49
9,12,28079016,07,17
9,12,28079018,07,61
9,12,28079024,07,43
9,12,28079027,07,15
9,12,28079035,07,70
9,12,28079036,07,62
9,12,28079038,07,97
9,12,28079039,07,50
9,12,28079040,07,69
9,12,28079047,07,82
9,12,28079048,07,68
9,12,28079049,07,81
9,12,28079054,07,57
9,12,28079055,07,14
9,12,28079056,07,99
9,12,28079057,07,17
9,12,28079058,07,10
9,12,28079059,07,13
9,12,28079060,07,31
9,12,28079004,08,57
9,12,28079008,08,62
9,12,28079011,08,62
9,12,28079016,08,42
9,12,28079018,08,61
9,12,28079024,08,47
9,12,28079027,08,35
9,12,28079035,08,57
9,12,28079036,08,50
9,12,28079038,08,68
9,12,28079039,08,60
9,12,28079040,08,68
9,12,28079047,08,59
9,12,28079048,08,61
9,12,28079049,08,60
9,12,28079054,08,46
9,12,28079055,08,36
9,12,28079056,08,71
9,12,28079057,08,33
9,12,28079058,08,24
9,12,28079059,08,18
9,12,28079060,08,48
9,12,28079008,09,18
9,12,28079024,09,12
9,12,28079038,09,20
9,12,28079047,09,15
9,12,28079048,09,16
9,12,28079050,09,22
9,12,28079008,10,13
9,12,28079018,10,8
9,12,28079024,10,15
9,12,28079036,10,18
9,12,28079038,10,22
9,12,28079040,10,22
9,12,28079047,10,22
9,12,28079048,10,30
9,12,28079055,10,10
9,12,28079057,10,15
9,12,28079060,10,16
9,12,28079008,14,5
9,12,28079016,14,14
9,12,28079018,14,5
9,12,28079024,14,8
9,12,28079027,14,20
9,12,28079035,14,4
9,12,28079039,14,7
9,12,28079049,14,1
9,12,28079054,14,8
9,12,28079056,14,5
9,12,28079059,14,18
9,12,28079060,14,9
9,12,28079008,20,7
9,12,28079011,20,6.7
9,12,28079018,20,2.8
9,12,28079024,20,1.6
9,12,28079038,20,4.6
9,12,28079055,20,1
9,12,28079008,30,2.4
9,12,28079011,30,3.1
9,12,28079018,30,0.6
9,12,28079024,30,0.8
9,12,28079038,30,1.3
9,12,28079055,30,0.6
9,12,28079008,35,1.7
9,12,28079011,35,0.6
9,12,28079018,35,0.4
9,12,28079024,35,0.4
9,12,28079038,35,0.9
9,12,28079055,35,0.7
9,12,28079024,42,1.48
9,12,28079027,42,1.31
9,12,28079055,42,1.52
9,12,28079024,44,0.3
9,12,28079027,44,0.16
9,12,28079055,44,0.16
9,13,28079004,01,7
9,13,28079008,01,9
9,13,28079017,01,4
9,13,28079024,01,4
9,13,28079035,01,9
9,13,28079036,01,13
9,13,28079038,01,7
9,13,28079040,01,5
9,13,28079057,01,3
9,13,28079004,06,0.6
9,13,28079008,06,0.6
9,13,28079016,06,0.5
9,13,28079018,06,0.5
9,13,28079024,06,0.5
9,13,28079035,06,0.7
9,13,28079036,06,0.5
9,13,28079039,06,0.3
9,13,28079056,06,0.5
9,13,28079057,06,0.4
9,13,28079004,07,96
9,13,28079008,07,108
9,13,28079011,07,76
9,13,28079016,07,48
9,13,28079017,07,42
9,13,28079018,07,69
9,13,28079024,07,67
9,13,28079027,07,21
9,13,28079035,07,93
9,13,28079036,07,75
9,13,28079038,07,80
9,13,28079039,07,35
9,13,28079040,07,72
9,13,28079047,07,70
9,13,28079048,07,82
9,13,28079049,07,85
9,13,28079050,07,83
9,13,28079054,07,51
9,13,28079055,07,29
9,13,28079056,07,114
9,13,28079057,07,38
9,13,28079058,07,21
9,13,28079059,07,25
9,13,28079060,07,36
9,13,28079004,08,68
9,13,28079008,08,63
9,13,28079011,08,71
9,13,28079016,08,57
9,13,28079017,08,52
9,13,28079018,08,64
9,13,28079024,08,58
9,13,28079027,08,41
9,13,28079035,08,66
9,13,28079036,08,58
9,13,28079038,08,73
9,13,28079039,08,45
9,13,28079040,08,65
9,13,28079047,08,56
9,13,28079048,08,64
9,13,28079049,08,61
9,13,28079050,08,69
9,13,28079054,08,42
9,13,28079055,08,47
9,13,28079056,08,76
9,13,28079057,08,48
9,13,28079058,08,39
9,13,28079059,08,25
9,13,28079060,08,44
9,13,28079008,09,21
9,13,28079024,09,17
9,13,28079038,09,17
9,13,28079047,09,15
9,13,28079048,09,14
9,13,28079050,09,17
9,13,28079008,10,16
9,13,28079018,10,22
9,13,28079024,10,23
9,13,28079036,10,25
9,13,28079038,10,22
9,13,28079040,10,28
9,13,28079047,10,24
9,13,28079048,10,25
9,13,28079050,10,26
9,13,28079055,10,15
9,13,28079057,10,18
9,13,28079060,10,20
9,13,28079008,14,6
9,13,28079016,14,9
9,13,28079017,14,9
9,13,28079018,14,5
9,13,28079024,14,8
9,13,28079027,14,20
9,13,28079035,14,3
9,13,28079039,14,8
9,13,28079049,14,2
9,13,28079054,14,11
9,13,28079056,14,6
9,13,28079058,14,16
9,13,28079059,14,14
9,13,28079060,14,7
9,13,28079008,20,7.7
9,13,28079011,20,6.2
9,13,28079018,20,4.9
9,13,28079024,20,2.4
9,13,28079038,20,5.3
9,13,28079055,20,1
9,13,28079008,30,2.7
9,13,28079011,30,3
9,13,28079018,30,0.8
9,13,28079024,30,0.9
9,13,28079038,30,1.3
9,13,28079055,30,0.5
9,13,28079008,35,2
9,13,28079011,35,1
9,13,28079018,35,0.5
9,13,28079024,35,0.5
9,13,28079038,35,0.9
9,13,28079055,35,0.9
9,13,28079024,42,1.54
9,13,28079027,42,1.34
9,13,28079055,42,1.57
9,13,28079024,44,0.35
9,13,28079027,44,0.18
9,13,28079055,44,0.18
9,14,28079004,01,7
9,14,28079008,01,8
9,14,28079017,01,4
9,14,28079018,01,9
9,14,28079024,01,4
9,14,28079035,01,9
9,14,28079036,01,9
9,14,28079038,01,11
9,14,28079040,01,5
9,14,28079057,01,5
9,14,28079004,06,0.6
9,14,28079008,06,0.5
9,14,28079016,06,0.5
9,14,28079018,06,0.5
9,14,28079024,06,0.5
9,14,28079035,06,0.6
9,14,28079036,06,0.5
9,14,28079039,06,0.5
9,14,28079056,06,0.4
9,14,28079057,06,0.5
9,14,28079004,07,98
9,14,28079008,07,89
9,14,28079011,07,101
9,14,28079016,07,80
9,14,28079017,07,29
9,14,28079018,07,62
9,14,28079024,07,75
9,14,28079027,07,45
9,14,28079035,07,85
9,14,28079036,07,76
9,14,28079038,07,115
9,14,28079039,07,71
9,14,28079040,07,56
9,14,28079047,07,58
9,14,28079048,07,101
9,14,28079049,07,72
9,14,28079050,07,118
9,14,28079054,07,38
9,14,28079055,07,52
9,14,28079056,07,73
9,14,28079057,07,51
9,14,28079058,07,30
9,14,28079059,07,53
9,14,28079060,07,47
9,14,28079004,08,69
9,14,28079008,08,59
9,14,28079011,08,70
9,14,28079016,08,67
9,14,28079017,08,47
9,14,28079018,08,63
9,14,28079024,08,62
9,14,28079027,08,54
9,14,28079035,08,65
9,14,28079036,08,56
9,14,28079038,08,87
9,14,28079039,08,66
9,14,28079040,08,61
9,14,28079047,08,53
9,14,28079048,08,63
9,14,28079049,08,59
9,14,28079050,08,80
9,14,28079054,08,38
9,14,28079055,08,57
9,14,28079056,08,65
9,14,28079057,08,56
9,14,28079058,08,48
9,14,28079059,08,32
9,14,28079060,08,57
9,14,28079008,09,21
9,14,28079024,09,21
9,14,28079038,09,18
9,14,28079047,09,14
9,14,28079048,09,18
9,14,28079050,09,20
9,14,28079008,10,17
9,14,28079018,10,25
9,14,28079024,10,32
9,14,28079036,10,24
9,14,28079038,10,32
9,14,28079040,10,24
9,14,28079047,10,23
9,14,28079048,10,36
9,14,28079050,10,37
9,14,28079055,10,21
9,14,28079057,10,23
9,14,28079060,10,18
9,14,28079008,14,8
9,14,28079016,14,7
9,14,28079017,14,13
9,14,28079018,14,7
9,14,28079024,14,5
9,14,28079027,14,14
9,14,28079035,14,5
9,14,28079039,14,8
9,14,28079049,14,3
9,14,28079054,14,13
9,14,28079056,14,8
9,14,28079058,14,12
9,14,28079059,14,9
9,14,28079060,14,9
9,14,28079008,20,7.6
9,14,28079011,20,7.3
9,14,28079018,20,3.6
9,14,28079024,20,4.1
9,14,28079038,20,7
9,14,28079055,20,1
9,14,28079008,30,2.6
9,14,28079011,30,3.4
9,14,28079018,30,0.5
9,14,28079024,30,1.1
9,14,28079038,30,1.5
9,14,28079055,30,0.7
9,14,28079008,35,2.5
9,14,28079011,35,1.1
9,14,28079018,35,0.3
9,14,28079024,35,0.9
9,14,28079038,35,1.7
9,14,28079055,35,1.7
9,14,28079024,42,1.57
9,14,28079027,42,1.39
9,14,28079055,42,1.6
9,14,28079024,44,0.36
9,14,28079027,44,0.21
9,14,28079055,44,0.2
9,15,28079004,01,7
9,15,28079008,01,9
9,15,28079017,01,4
9,15,28079018,01,9
9,15,28079024,01,4
9,15,28079035,01,9
9,15,28079036,01,8
9,15,28079038,01,10
9,15,28079040,01,5
9,15,28079057,01,7
9,15,28079004,06,0.6
9,15,28079008,06,0.6
9,15,28079016,06,0.6
9,15,28079018,06,0.5
9,15,28079024,06,0.4
9,15,28079035,06,0.5
9,15,28079036,06,0.5
9,15,28079039,06,0.6
9,15,28079056,06,0.4
9,15,28079057,06,0.5
9,15,28079004,07,90
9,15,28079008,07,95
9,15,28079011,07,144
9,15,28079016,07,97
9,15,28079017,07,40
9,15,28079018,07,52
9,15,28079024,07,59
9,15,28079027,07,46
9,15,28079035,07,75
9,15,28079036,07,89
9,15,28079038,07,108
9,15,28079039,07,97
9,15,28079040,07,56
9,15,28079047,07,53
9,15,28079048,07,118
9,15,28079049,07,53
9,15,28079050,07,144
9,15,28079054,07,34
9,15,28079055,07,58
9,15,28079056,07,71
9,15,28079057,07,67
9,15,28079058,07,48
9,15,28079059,07,56
9,15,28079060,07,61
9,15,28079004,08,69
9,15,28079008,08,62
9,15,28079011,08,91
9,15,28079016,08,74
9,15,28079017,08,52
9,15,28079018,08,63
9,15,28079024,08,58
9,15,28079027,08,55
9,15,28079035,08,63
9,15,28079036,08,61
9,15,28079038,08,85
9,15,28079039,08,79
9,15,28079040,08,65
9,15,28079047,08,54
9,15,28079048,08,76
9,15,28079049,08,48
9,15,28079050,08,89
9,15,28079054,08,40
9,15,28079055,08,60
9,15,28079056,08,67
9,15,28079057,08,62
9,15,28079058,08,59
9,15,28079059,08,37
9,15,28079060,08,64
9,15,28079008,09,24
9,15,28079024,09,22
9,15,28079038,09,24
9,15,28079047,09,18
9,15,28079048,09,26
9,15,28079050,09,28
9,15,28079008,10,19
9,15,28079018,10,27
9,15,28079024,10,33
9,15,28079036,10,32
9,15,28079038,10,34
9,15,28079040,10,28
9,15,28079047,10,29
9,15,28079048,10,46
9,15,28079050,10,47
9,15,28079055,10,29
9,15,28079057,10,30
9,15,28079060,10,23
9,15,28079008,14,8
9,15,28079016,14,6
9,15,28079017,14,12
9,15,28079018,14,9
9,15,28079024,14,10
9,15,28079027,14,13
9,15,28079035,14,6
9,15,28079039,14,6
9,15,28079049,14,3
9,15,28079054,14,13
9,15,28079056,14,10
9,15,28079058,14,9
9,15,28079059,14,8
9,15,28079060,14,9
9,15,28079008,20,7.3
9,15,28079011,20,9.4
9,15,28079018,20,3.2
9,15,28079024,20,5
9,15,28079038,20,8
9,15,28079055,20,1
9,15,28079008,30,2.4
9,15,28079011,30,3.7
9,15,28079018,30,0.5
9,15,28079024,30,1
9,15,28079038,30,1.5
9,15,28079055,30,0.8
9,15,28079008,35,2.8
9,15,28079011,35,1.1
9,15,28079018,35,0.3
9,15,28079024,35,1.1
9,15,28079038,35,1.8
9,15,28079055,35,2.4
9,15,28079024,42,1.55
9,15,28079027,42,1.39
9,15,28079055,42,1.6
9,15,28079024,44,0.35
9,15,28079027,44,0.2
9,15,28079055,44,0.2
9,16,28079004,01,7
9,16,28079008,01,8
9,16,28079017,01,4
9,16,28079018,01,9
9,16,28079024,01,4
9,16,28079035,01,9
9,16,28079036,01,7
9,16,28079038,01,9
9,16,28079040,01,5
9,16,28079057,01,8
9,16,28079004,06,0.5
9,16,28079008,06,0.5
9,16,28079016,06,0.6
9,16,28079018,06,0.4
9,16,28079024,06,0.4
9,16,28079035,06,0.5
9,16,28079036,06,0.4
9,16,28079039,06,0.4
9,16,28079056,06,0.4
9,16,28079057,06,0.5
9,16,28079004,07,64
9,16,28079008,07,74
9,16,28079011,07,109
9,16,28079016,07,90
9,16,28079017,07,36
9,16,28079018,07,46
9,16,28079024,07,47
9,16,28079027,07,49
9,16,28079035,07,59
9,16,28079036,07,68
9,16,28079038,07,79
9,16,28079039,07,69
9,16,28079040,07,46
9,16,28079047,07,45
9,16,28079048,07,74
9,16,28079049,07,50
9,16,28079050,07,120
9,16,28079054,07,29
9,16,28079055,07,53
9,16,28079056,07,82
9,16,28079057,07,78
9,16,28079058,07,64
9,16,28079059,07,52
9,16,28079060,07,83
9,16,28079004,08,64
9,16,28079008,08,59
9,16,28079011,08,85
9,16,28079016,08,75
9,16,28079017,08,59
9,16,28079018,08,65
9,16,28079024,08,58
9,16,28079027,08,58
9,16,28079035,08,61
9,16,28079036,08,59
9,16,28079038,08,78
9,16,28079039,08,71
9,16,28079040,08,63
9,16,28079047,08,55
9,16,28079048,08,67
9,16,28079049,08,59
9,16,28079050,08,84
9,16,28079054,08,38
9,16,28079055,08,60
9,16,28079056,08,74
9,16,28079057,08,69
9,16,28079058,08,71
9,16,28079059,08,40
9,16,28079060,08,76
9,16,28079008,09,22
9,16,28079024,09,19
9,16,28079038,09,20
9,16,28079047,09,16
9,16,28079048,09,21
9,16,28079050,09,26
9,16,28079008,10,18
9,16,28079018,10,26
9,16,28079024,10,31
9,16,28079036,10,30
9,16,28079038,10,34
9,16,28079040,10,28
9,16,28079047,10,27
9,16,28079048,10,41
9,16,28079050,10,44
9,16,28079055,10,30
9,16,28079057,10,36
9,16,28079060,10,35
9,16,28079008,14,9
9,16,28079016,14,6
9,16,28079017,14,9
9,16,28079018,14,7
9,16,28079024,14,10
9,16,28079027,14,14
9,16,28079035,14,7
9,16,28079039,14,7
9,16,28079049,14,5
9,16,28079054,14,16
9,16,28079056,14,7
9,16,28079058,14,7
9,16,28079059,14,9
9,16,28079060,14,6
9,16,28079008,20,7.6
9,16,28079011,20,9.5
9,16,28079018,20,2.9
9,16,28079024,20,5.1
9,16,28079038,20,7.7
9,16,28079055,20,1
9,16,28079008,30,2.3
9,16,28079011,30,3.7
9,16,28079018,30,0.4
9,16,28079024,30,1.2
9,16,28079038,30,1.4
9,16,28079055,30,0.3
9,16,28079008,35,2.8
9,16,28079011,35,1.6
9,16,28079018,35,0.3
9,16,28079024,35,0.8
9,16,28079038,35,1.5
9,16,28079055,35,1.2
9,16,28079024,42,1.65
9,16,28079027,42,1.44
9,16,28079055,42,1.79
9,16,28079024,44,0.36
9,16,28079027,44,0.21
9,16,28079055,44,0.21
9,17,28079004,01,7
9,17,28079008,01,7
9,17,28079017,01,4
9,17,28079018,01,9
9,17,28079024,01,2
9,17,28079035,01,8
9,17,28079036,01,6
9,17,28079038,01,8
9,17,28079040,01,4
9,17,28079057,01,8
9,17,28079004,06,0.5
9,17,28079008,06,0.5
9,17,28079016,06,0.6
9,17,28079018,06,0.5
9,17,28079024,06,0.3
9,17,28079035,06,0.5
9,17,28079036,06,0.4
9,17,28079039,06,0.4
9,17,28079056,06,0.4
9,17,28079057,06,0.6
9,17,28079004,07,71
9,17,28079008,07,78
9,17,28079011,07,96
9,17,28079016,07,85
9,17,28079017,07,29
9,17,28079018,07,46
9,17,28079024,07,8
9,17,28079027,07,34
9,17,28079035,07,57
9,17,28079036,07,68
9,17,28079038,07,62
9,17,28079039,07,52
9,17,28079040,07,41
9,17,28079047,07,44
9,17,28079048,07,68
9,17,28079049,07,48
9,17,28079050,07,171
9,17,28079054,07,26
9,17,28079055,07,49
9,17,28079056,07,93
9,17,28079057,07,82
9,17,28079058,07,51
9,17,28079059,07,43
9,17,28079060,07,92
9,17,28079004,08,72
9,17,28079008,08,63
9,17,28079011,08,87
9,17,28079016,08,79
9,17,28079017,08,58
9,17,28079018,08,70
9,17,28079024,08,35
9,17,28079027,08,56
9,17,28079035,08,65
9,17,28079036,08,60
9,17,28079038,08,79
9,17,28079039,08,71
9,17,28079040,08,67
9,17,28079047,08,59
9,17,28079048,08,69
9,17,28079049,08,61
9,17,28079050,08,92
9,17,28079054,08,45
9,17,28079055,08,63
9,17,28079056,08,81
9,17,28079057,08,73
9,17,28079058,08,65
9,17,28079059,08,44
9,17,28079060,08,81
9,17,28079008,09,20
9,17,28079024,09,14
9,17,28079038,09,19
9,17,28079047,09,16
9,17,28079048,09,22
9,17,28079050,09,23
9,17,28079008,10,17
9,17,28079018,10,25
9,17,28079024,10,17
9,17,28079036,10,31
9,17,28079038,10,27
9,17,28079040,10,26
9,17,28079047,10,25
9,17,28079048,10,35
9,17,28079050,10,40
9,17,28079055,10,30
9,17,28079057,10,36
9,17,28079060,10,39
9,17,28079008,14,6
9,17,28079016,14,5
9,17,28079017,14,7
9,17,28079018,14,5
9,17,28079024,14,22
9,17,28079027,14,13
9,17,28079035,14,4
9,17,28079039,14,6
9,17,28079049,14,2
9,17,28079054,14,10
9,17,28079056,14,5
9,17,28079058,14,6
9,17,28079059,14,7
9,17,28079060,14,4
9,17,28079008,20,7.7
9,17,28079011,20,10
9,17,28079018,20,2.8
9,17,28079024,20,4.4
9,17,28079038,20,6.3
9,17,28079055,20,0.8
9,17,28079008,30,2.4
9,17,28079011,30,3.7
9,17,28079018,30,0.4
9,17,28079024,30,1.2
9,17,28079038,30,1.1
9,17,28079055,30,0.5
9,17,28079008,35,3
9,17,28079011,35,1.5
9,17,28079018,35,0.3
9,17,28079024,35,0.8
9,17,28079038,35,1.2
9,17,28079055,35,1
9,17,28079024,42,1.42
9,17,28079027,42,1.45
9,17,28079055,42,1.84
9,17,28079024,44,0.28
9,17,28079027,44,0.18
9,17,28079055,44,0.21
9,18,28079004,01,6
9,18,28079008,01,7
9,18,28079017,01,4
9,18,28079018,01,8
9,18,28079024,01,2
9,18,28079035,01,8
9,18,28079036,01,6
9,18,28079038,01,6
9,18,28079040,01,5
9,18,28079057,01,8
9,18,28079004,06,0.5
9,18,28079008,06,0.5
9,18,28079016,06,0.6
9,18,28079018,06,0.5
9,18,28079024,06,0.3
9,18,28079035,06,0.6
9,18,28079036,06,0.5
9,18,28079039,06,0.3
9,18,28079056,06,0.5
9,18,28079057,06,0.5
9,18,28079004,07,54
9,18,28079008,07,85
9,18,28079011,07,53
9,18,28079016,07,89
9,18,28079017,07,37
9,18,28079018,07,32
9,18,28079024,07,2
9,18,28079027,07,34
9,18,28079035,07,60
9,18,28079036,07,88
9,18,28079038,07,37
9,18,28079039,07,28
9,18,28079040,07,54
9,18,28079047,07,55
9,18,28079048,07,43
9,18,28079049,07,57
9,18,28079050,07,87
9,18,28079054,07,27
9,18,28079055,07,61
9,18,28079056,07,113
9,18,28079057,07,74
9,18,28079058,07,56
9,18,28079059,07,43
9,18,28079060,07,107
9,18,28079004,08,70
9,18,28079008,08,66
9,18,28079011,08,72
9,18,28079016,08,79
9,18,28079017,08,63
9,18,28079018,08,69
9,18,28079024,08,33
9,18,28079027,08,63
9,18,28079035,08,69
9,18,28079036,08,65
9,18,28079038,08,68
9,18,28079039,08,63
9,18,28079040,08,76
9,18,28079047,08,63
9,18,28079048,08,61
9,18,28079049,08,63
9,18,28079050,08,81
9,18,28079054,08,52
9,18,28079055,08,71
9,18,28079056,08,89
9,18,28079057,08,75
9,18,28079058,08,65
9,18,28079059,08,47
9,18,28079060,08,87
9,18,28079008,09,20
9,18,28079024,09,12
9,18,28079038,09,14
9,18,28079047,09,16
9,18,28079048,09,22
9,18,28079050,09,21
9,18,28079008,10,15
9,18,28079018,10,21
9,18,28079024,10,15
9,18,28079036,10,30
9,18,28079038,10,21
9,18,28079040,10,27
9,18,28079047,10,25
9,18,28079048,10,40
9,18,28079050,10,38
9,18,28079055,10,29
9,18,28079057,10,36
9,18,28079060,10,40
9,18,28079008,14,4
9,18,28079016,14,3
9,18,28079017,14,4
9,18,28079018,14,4
9,18,28079024,14,20
9,18,28079027,14,8
9,18,28079035,14,2
9,18,28079039,14,8
9,18,28079049,14,1
9,18,28079054,14,5
9,18,28079056,14,4
9,18,28079058,14,3
9,18,28079059,14,4
9,18,28079060,14,2
9,18,28079008,20,7.6
9,18,28079011,20,9.7
9,18,28079018,20,3.2
9,18,28079024,20,2.2
9,18,28079038,20,4.7
9,18,28079055,20,1
9,18,28079008,30,2.3
9,18,28079011,30,3.6
9,18,28079018,30,0.5
9,18,28079024,30,0.8
9,18,28079038,30,1
9,18,28079055,30,0.7
9,18,28079008,35,2.7
9,18,28079011,35,2.3
9,18,28079018,35,0.2
9,18,28079024,35,0.6
9,18,28079038,35,1
9,18,28079055,35,1
9,18,28079024,42,1.41
9,18,28079027,42,1.52
9,18,28079055,42,1.83
9,18,28079024,44,0.27
9,18,28079027,44,0.19
9,18,28079055,44,0.21
9,19,28079004,01,5
9,19,28079008,01,7
9,19,28079017,01,4
9,19,28079018,01,8
9,19,28079024,01,2
9,19,28079035,01,6
9,19,28079036,01,6
9,19,28079038,01,5
9,19,28079040,01,5
9,19,28079057,01,8
9,19,28079004,06,0.4
9,19,28079008,06,0.6
9,19,28079016,06,0.6
9,19,28079018,06,0.5
9,19,28079024,06,0.3
9,19,28079035,06,0.4
9,19,28079036,06,0.5
9,19,28079039,06,0.4
9,19,28079056,06,0.6
9,19,28079057,06,0.6
9,19,28079004,07,16
9,19,28079008,07,86
9,19,28079011,07,34
9,19,28079016,07,91
9,19,28079017,07,46
9,19,28079018,07,42
9,19,28079024,07,1
9,19,28079027,07,31
9,19,28079035,07,24
9,19,28079036,07,86
9,19,28079038,07,37
9,19,28079039,07,34
9,19,28079040,07,75
9,19,28079047,07,64
9,19,28079048,07,42
9,19,28079049,07,66
9,19,28079050,07,98
9,19,28079054,07,47
9,19,28079055,07,77
9,19,28079056,07,150
9,19,28079057,07,86
9,19,28079058,07,54
9,19,28079059,07,45
9,19,28079060,07,97
9,19,28079004,08,52
9,19,28079008,08,67
9,19,28079011,08,60
9,19,28079016,08,82
9,19,28079017,08,66
9,19,28079018,08,70
9,19,28079024,08,27
9,19,28079027,08,68
9,19,28079035,08,54
9,19,28079036,08,67
9,19,28079038,08,66
9,19,28079039,08,67
9,19,28079040,08,81
9,19,28079047,08,68
9,19,28079048,08,60
9,19,28079049,08,62
9,19,28079050,08,78
9,19,28079054,08,60
9,19,28079055,08,81
9,19,28079056,08,102
9,19,28079057,08,80
9,19,28079058,08,55
9,19,28079059,08,48
9,19,28079060,08,85
9,19,28079008,09,20
9,19,28079024,09,14
9,19,28079038,09,16
9,19,28079047,09,17
9,19,28079048,09,18
9,19,28079050,09,22
9,19,28079008,10,16
9,19,28079018,10,25
9,19,28079024,10,17
9,19,28079036,10,31
9,19,28079038,10,22
9,19,28079040,10,29
9,19,28079047,10,26
9,19,28079048,10,32
9,19,28079050,10,38
9,19,28079055,10,30
9,19,28079057,10,38
9,19,28079060,10,39
9,19,28079008,14,5
9,19,28079016,14,3
9,19,28079017,14,3
9,19,28079018,14,3
9,19,28079024,14,22
9,19,28079027,14,6
9,19,28079035,14,6
9,19,28079039,14,4
9,19,28079049,14,1
9,19,28079054,14,2
9,19,28079056,14,3
9,19,28079058,14,2
9,19,28079059,14,3
9,19,28079060,14,1
9,19,28079008,20,7.7
9,19,28079011,20,6.7
9,19,28079018,20,3.3
9,19,28079024,20,2
9,19,28079038,20,3.8
9,19,28079055,20,1
9,19,28079008,30,2.4
9,19,28079011,30,3.1
9,19,28079018,30,0.6
9,19,28079024,30,0.9
9,19,28079038,30,1
9,19,28079055,30,0.7
9,19,28079008,35,2.6
9,19,28079011,35,1
9,19,28079018,35,0.2
9,19,28079024,35,0.5
9,19,28079038,35,0.7
9,19,28079055,35,1
9,19,28079024,42,1.41
9,19,28079027,42,1.57
9,19,28079055,42,1.88
9,19,28079024,44,0.27
9,19,28079027,44,0.2
9,19,28079055,44,0.24
9,2,28079004,01,3
9,2,28079008,01,6
9,2,28079017,01,3
9,2,28079018,01,7
9,2,28079024,01,2
9,2,28079035,01,4
9,2,28079036,01,9
9,2,28079038,01,3
9,2,28079040,01,2
9,2,28079057,01,2
9,2,28079004,06,0.4
9,2,28079008,06,0.4
9,2,28079016,06,0.3
9,2,28079018,06,0.4
9,2,28079024,06,0.3
9,2,28079035,06,0.4
9,2,28079036,06,0.4
9,2,28079039,06,0.3
9,2,28079056,06,0.3
9,2,28079057,06,0.3
9,2,28079004,07,9
9,2,28079008,07,11
9,2,28079011,07,1
9,2,28079016,07,4
9,2,28079017,07,4
9,2,28079018,07,4
9,2,28079024,07,1
9,2,28079027,07,16
9,2,28079035,07,22
9,2,28079036,07,6
9,2,28079038,07,8
9,2,28079039,07,1
9,2,28079040,07,5
9,2,28079047,07,8
9,2,28079048,07,2
9,2,28079049,07,5
9,2,28079050,07,1
9,2,28079054,07,7
9,2,28079055,07,6
9,2,28079056,07,18
9,2,28079057,07,1
9,2,28079058,07,4
9,2,28079059,07,4
9,2,28079060,07,1
9,2,28079004,08,38
9,2,28079008,08,38
9,2,28079011,08,35
9,2,28079016,08,38
9,2,28079017,08,43
9,2,28079018,08,45
9,2,28079024,08,34
9,2,28079027,08,43
9,2,28079035,08,40
9,2,28079036,08,28
9,2,28079038,08,43
9,2,28079039,08,32
9,2,28079040,08,43
9,2,28079047,08,41
9,2,28079048,08,33
9,2,28079049,08,40
9,2,28079050,08,36
9,2,28079054,08,32
9,2,28079055,08,43
9,2,28079056,08,48
9,2,28079057,08,29
9,2,28079058,08,16
9,2,28079059,08,22
9,2,28079060,08,25
9,2,28079008,09,12
9,2,28079024,09,10
9,2,28079038,09,7
9,2,28079047,09,11
9,2,28079048,09,7
9,2,28079050,09,9
9,2,28079008,10,6
9,2,28079018,10,12
9,2,28079024,10,10
9,2,28079036,10,11
9,2,28079038,10,10
9,2,28079040,10,14
9,2,28079047,10,13
9,2,28079048,10,10
9,2,28079050,10,9
9,2,28079055,10,17
9,2,28079057,10,7
9,2,28079060,10,7
9,2,28079008,14,5
9,2,28079016,14,6
9,2,28079017,14,4
9,2,28079018,14,2
9,2,28079024,14,7
9,2,28079027,14,7
9,2,28079035,14,3
9,2,28079039,14,10
9,2,28079049,14,2
9,2,28079054,14,7
9,2,28079056,14,4
9,2,28079058,14,18
9,2,28079059,14,7
9,2,28079060,14,13
9,2,28079008,20,7
9,2,28079011,20,5.4
9,2,28079018,20,2.2
9,2,28079038,20,3.7
9,2,28079055,20,1
9,2,28079008,30,1.5
9,2,28079011,30,2.2
9,2,28079018,30,0.4
9,2,28079038,30,0.8
9,2,28079055,30,0.7
9,2,28079008,35,1.3
9,2,28079011,35,0.2
9,2,28079018,35,0.7
9,2,28079038,35,0.4
9,2,28079055,35,0.7
9,2,28079024,42,1.52
9,2,28079027,42,1.41
9,2,28079055,42,1.67
9,2,28079024,44,0.3
9,2,28079027,44,0.17
9,2,28079055,44,0.18
9,20,28079004,01,5
9,20,28079008,01,6
9,20,28079017,01,4
9,20,28079018,01,9
9,20,28079024,01,2
9,20,28079035,01,5
9,20,28079036,01,7
9,20,28079038,01,5
9,20,28079040,01,5
9,20,28079057,01,8
9,20,28079004,06,0.4
9,20,28079008,06,0.5
9,20,28079016,06,0.6
9,20,28079018,06,0.5
9,20,28079024,06,0.2
9,20,28079035,06,0.4
9,20,28079036,06,0.6
9,20,28079039,06,0.4
9,20,28079056,06,0.7
9,20,28079057,06,0.6
9,20,28079004,07,12
9,20,28079008,07,56
9,20,28079011,07,51
9,20,28079016,07,81
9,20,28079017,07,38
9,20,28079018,07,56
9,20,28079024,07,1
9,20,28079027,07,53
9,20,28079035,07,14
9,20,28079036,07,89
9,20,28079038,07,46
9,20,28079039,07,31
9,20,28079040,07,69
9,20,28079047,07,73
9,20,28079048,07,24
9,20,28079049,07,46
9,20,28079050,07,90
9,20,28079054,07,46
9,20,28079055,07,79
9,20,28079056,07,147
9,20,28079057,07,95
9,20,28079058,07,71
9,20,28079059,07,54
9,20,28079060,07,98
9,20,28079004,08,44
9,20,28079008,08,59
9,20,28079011,08,68
9,20,28079016,08,78
9,20,28079017,08,64
9,20,28079018,08,75
9,20,28079024,08,21
9,20,28079027,08,71
9,20,28079035,08,45
9,20,28079036,08,71
9,20,28079038,08,67
9,20,28079039,08,66
9,20,28079040,08,79
9,20,28079047,08,68
9,20,28079048,08,49
9,20,28079049,08,58
9,20,28079050,08,81
9,20,28079054,08,56
9,20,28079055,08,81
9,20,28079056,08,103
9,20,28079057,08,83
9,20,28079058,08,58
9,20,28079059,08,48
9,20,28079060,08,86
9,20,28079008,09,19
9,20,28079024,09,13
9,20,28079038,09,15
9,20,28079047,09,17
9,20,28079048,09,14
9,20,28079050,09,20
9,20,28079008,10,17
9,20,28079018,10,26
9,20,28079024,10,18
9,20,28079036,10,33
9,20,28079038,10,19
9,20,28079040,10,29
9,20,28079047,10,27
9,20,28079048,10,27
9,20,28079050,10,34
9,20,28079055,10,30
9,20,28079057,10,37
9,20,28079060,10,34
9,20,28079008,14,7
9,20,28079016,14,5
9,20,28079017,14,3
9,20,28079018,14,3
9,20,28079024,14,24
9,20,28079027,14,6
9,20,28079035,14,12
9,20,28079039,14,8
9,20,28079049,14,3
9,20,28079054,14,3
9,20,28079056,14,3
9,20,28079058,14,2
9,20,28079059,14,3
9,20,28079060,14,1
9,20,28079008,20,7.5
9,20,28079011,20,6.3
9,20,28079018,20,3
9,20,28079024,20,1.7
9,20,28079038,20,4.2
9,20,28079055,20,1
9,20,28079008,30,2.5
9,20,28079011,30,3
9,20,28079018,30,0.5
9,20,28079024,30,0.8
9,20,28079038,30,1.2
9,20,28079055,30,0.7
9,20,28079008,35,2.3
9,20,28079011,35,1
9,20,28079018,35,0.3
9,20,28079024,35,0.4
9,20,28079038,35,0.8
9,20,28079055,35,1
9,20,28079024,42,1.4
9,20,28079027,42,1.56
9,20,28079055,42,1.94
9,20,28079024,44,0.26
9,20,28079027,44,0.21
9,20,28079055,44,0.25
9,21,28079004,01,5
9,21,28079008,01,7
9,21,28079017,01,4
9,21,28079018,01,9
9,21,28079024,01,2
9,21,28079035,01,7
9,21,28079036,01,6
9,21,28079038,01,5
9,21,28079040,01,5
9,21,28079057,01,9
9,21,28079004,06,0.4
9,21,28079008,06,0.6
9,21,28079016,06,0.8
9,21,28079018,06,0.6
9,21,28079024,06,0.3
9,21,28079035,06,0.6
9,21,28079036,06,0.6
9,21,28079039,06,0.3
9,21,28079056,06,0.6
9,21,28079057,06,0.6
9,21,28079004,07,29
9,21,28079008,07,95
9,21,28079011,07,44
9,21,28079016,07,60
9,21,28079017,07,58
9,21,28079018,07,73
9,21,28079024,07,1
9,21,28079027,07,66
9,21,28079035,07,60
9,21,28079036,07,86
9,21,28079038,07,29
9,21,28079039,07,18
9,21,28079040,07,58
9,21,28079047,07,50
9,21,28079048,07,42
9,21,28079049,07,67
9,21,28079050,07,106
9,21,28079054,07,34
9,21,28079055,07,70
9,21,28079056,07,111
9,21,28079057,07,96
9,21,28079058,07,74
9,21,28079059,07,74
9,21,28079060,07,104
9,21,28079004,08,59
9,21,28079008,08,68
9,21,28079011,08,68
9,21,28079016,08,72
9,21,28079017,08,67
9,21,28079018,08,79
9,21,28079024,08,28
9,21,28079027,08,73
9,21,28079035,08,67
9,21,28079036,08,68
9,21,28079038,08,62
9,21,28079039,08,63
9,21,28079040,08,77
9,21,28079047,08,63
9,21,28079048,08,59
9,21,28079049,08,63
9,21,28079050,08,87
9,21,28079054,08,52
9,21,28079055,08,76
9,21,28079056,08,91
9,21,28079057,08,83
9,21,28079058,08,57
9,21,28079059,08,44
9,21,28079060,08,87
9,21,28079008,09,20
9,21,28079024,09,14
9,21,28079038,09,17
9,21,28079047,09,19
9,21,28079048,09,18
9,21,28079050,09,22
9,21,28079008,10,14
9,21,28079018,10,35
9,21,28079024,10,20
9,21,28079036,10,28
9,21,28079038,10,22
9,21,28079040,10,32
9,21,28079047,10,31
9,21,28079048,10,32
9,21,28079050,10,35
9,21,28079055,10,29
9,21,28079057,10,35
9,21,28079060,10,37
9,21,28079008,14,4
9,21,28079016,14,5
9,21,28079017,14,3
9,21,28079018,14,2
9,21,28079024,14,16
9,21,28079027,14,6
9,21,28079035,14,3
9,21,28079039,14,4
9,21,28079049,14,1
9,21,28079054,14,3
9,21,28079056,14,4
9,21,28079058,14,2
9,21,28079059,14,3
9,21,28079060,14,3
9,21,28079008,20,7.7
9,21,28079011,20,6.2
9,21,28079018,20,5
9,21,28079024,20,1.5
9,21,28079038,20,3.5
9,21,28079055,20,1
9,21,28079008,30,2.7
9,21,28079011,30,3.2
9,21,28079018,30,0.7
9,21,28079024,30,0.8
9,21,28079038,30,1.2
9,21,28079055,30,0.6
9,21,28079008,35,2.4
9,21,28079011,35,0.8
9,21,28079018,35,0.4
9,21,28079024,35,0.5
9,21,28079038,35,0.7
9,21,28079055,35,1
9,21,28079024,42,1.41
9,21,28079027,42,1.5
9,21,28079055,42,1.85
9,21,28079024,44,0.27
9,21,28079027,44,0.22
9,21,28079055,44,0.24
9,22,28079004,01,5
9,22,28079008,01,6
9,22,28079017,01,4
9,22,28079018,01,8
9,22,28079024,01,2
9,22,28079035,01,6
9,22,28079036,01,5
9,22,28079038,01,5
9,22,28079040,01,5
9,22,28079057,01,8
9,22,28079004,06,0.4
9,22,28079008,06,0.5
9,22,28079016,06,0.6
9,22,28079018,06,0.4
9,22,28079024,06,0.3
9,22,28079035,06,0.5
9,22,28079036,06,0.5
9,22,28079039,06,0.5
9,22,28079056,06,0.4
9,22,28079057,06,0.6
9,22,28079004,07,34
9,22,28079008,07,64
9,22,28079011,07,27
9,22,28079016,07,86
9,22,28079017,07,33
9,22,28079018,07,15
9,22,28079024,07,2
9,22,28079027,07,22
9,22,28079035,07,37
9,22,28079036,07,67
9,22,28079038,07,25
9,22,28079039,07,53
9,22,28079040,07,53
9,22,28079047,07,35
9,22,28079048,07,35
9,22,28079049,07,31
9,22,28079050,07,69
9,22,28079054,07,21
9,22,28079055,07,49
9,22,28079056,07,39
9,22,28079057,07,86
9,22,28079058,07,56
9,22,28079059,07,72
9,22,28079060,07,105
9,22,28079004,08,60
9,22,28079008,08,63
9,22,28079011,08,58
9,22,28079016,08,78
9,22,28079017,08,64
9,22,28079018,08,61
9,22,28079024,08,39
9,22,28079027,08,62
9,22,28079035,08,59
9,22,28079036,08,65
9,22,28079038,08,62
9,22,28079039,08,74
9,22,28079040,08,69
9,22,28079047,08,60
9,22,28079048,08,56
9,22,28079049,08,54
9,22,28079050,08,73
9,22,28079054,08,46
9,22,28079055,08,66
9,22,28079056,08,70
9,22,28079057,08,80
9,22,28079058,08,57
9,22,28079059,08,45
9,22,28079060,08,87
9,22,28079008,09,22
9,22,28079024,09,15
9,22,28079038,09,15
9,22,28079047,09,18
9,22,28079048,09,14
9,22,28079050,09,23
9,22,28079008,10,19
9,22,28079018,10,28
9,22,28079024,10,25
9,22,28079036,10,38
9,22,28079038,10,24
9,22,28079040,10,34
9,22,28079047,10,29
9,22,28079048,10,26
9,22,28079050,10,37
9,22,28079055,10,26
9,22,28079057,10,33
9,22,28079060,10,37
9,22,28079008,14,4
9,22,28079016,14,3
9,22,28079017,14,4
9,22,28079018,14,4
9,22,28079024,14,11
9,22,28079027,14,6
9,22,28079035,14,5
9,22,28079039,14,3
9,22,28079049,14,3
9,22,28079054,14,3
9,22,28079056,14,4
9,22,28079058,14,2
9,22,28079059,14,3
9,22,28079060,14,1
9,22,28079008,20,7.6
9,22,28079011,20,6.1
9,22,28079018,20,3.3
9,22,28079024,20,1.6
9,22,28079038,20,3.9
9,22,28079055,20,1
9,22,28079008,30,2.6
9,22,28079011,30,3
9,22,28079018,30,0.6
9,22,28079024,30,0.8
9,22,28079038,30,1.2
9,22,28079055,30,0.8
9,22,28079008,35,2.3
9,22,28079011,35,0.9
9,22,28079018,35,0.3
9,22,28079024,35,0.4
9,22,28079038,35,0.7
9,22,28079055,35,1
9,22,28079024,42,1.47
9,22,28079027,42,1.45
9,22,28079055,42,1.75
9,22,28079024,44,0.28
9,22,28079027,44,0.19
9,22,28079055,44,0.23
9,23,28079004,01,4
9,23,28079008,01,5
9,23,28079017,01,4
9,23,28079018,01,7
9,23,28079024,01,2
9,23,28079035,01,5
9,23,28079036,01,5
9,23,28079038,01,4
9,23,28079040,01,4
9,23,28079057,01,7
9,23,28079004,06,0.4
9,23,28079008,06,0.4
9,23,28079016,06,0.6
9,23,28079018,06,0.4
9,23,28079024,06,0.3
9,23,28079035,06,0.4
9,23,28079036,06,0.5
9,23,28079039,06,0.4
9,23,28079056,06,0.3
9,23,28079057,06,0.6
9,23,28079004,07,14
9,23,28079008,07,37
9,23,28079011,07,11
9,23,28079016,07,80
9,23,28079017,07,23
9,23,28079018,07,13
9,23,28079024,07,1
9,23,28079027,07,27
9,23,28079035,07,20
9,23,28079036,07,53
9,23,28079038,07,17
9,23,28079039,07,42
9,23,28079040,07,36
9,23,28079047,07,52
9,23,28079048,07,22
9,23,28079049,07,28
9,23,28079050,07,41
9,23,28079054,07,20
9,23,28079055,07,58
9,23,28079056,07,32
9,23,28079057,07,60
9,23,28079058,07,41
9,23,28079059,07,49
9,23,28079060,07,46
9,23,28079004,08,52
9,23,28079008,08,55
9,23,28079011,08,48
9,23,28079016,08,75
9,23,28079017,08,53
9,23,28079018,08,57
9,23,28079024,08,32
9,23,28079027,08,62
9,23,28079035,08,49
9,23,28079036,08,53
9,23,28079038,08,55
9,23,28079039,08,69
9,23,28079040,08,59
9,23,28079047,08,56
9,23,28079048,08,52
9,23,28079049,08,54
9,23,28079050,08,59
9,23,28079054,08,43
9,23,28079055,08,67
9,23,28079056,08,62
9,23,28079057,08,72
9,23,28079058,08,47
9,23,28079059,08,42
9,23,28079060,08,67
9,23,28079008,09,18
9,23,28079024,09,16
9,23,28079038,09,17
9,23,28079047,09,19
9,23,28079048,09,18
9,23,28079050,09,19
9,23,28079008,10,14
9,23,28079018,10,27
9,23,28079024,10,25
9,23,28079036,10,38
9,23,28079038,10,27
9,23,28079040,10,44
9,23,28079047,10,36
9,23,28079048,10,33
9,23,28079050,10,33
9,23,28079055,10,29
9,23,28079057,10,31
9,23,28079060,10,39
9,23,28079008,14,5
9,23,28079016,14,3
9,23,28079017,14,6
9,23,28079018,14,5
9,23,28079024,14,17
9,23,28079027,14,6
9,23,28079035,14,6
9,23,28079039,14,2
9,23,28079049,14,2
9,23,28079054,14,3
9,23,28079056,14,5
9,23,28079058,14,2
9,23,28079059,14,3
9,23,28079060,14,2
9,23,28079008,20,5.5
9,23,28079011,20,4.9
9,23,28079018,20,1.8
9,23,28079024,20,2
9,23,28079038,20,3.4
9,23,28079055,20,1
9,23,28079008,30,1.8
9,23,28079011,30,2.4
9,23,28079018,30,0.4
9,23,28079024,30,0.8
9,23,28079038,30,1
9,23,28079055,30,0.8
9,23,28079008,35,1.4
9,23,28079011,35,0.5
9,23,28079018,35,0.4
9,23,28079024,35,0.4
9,23,28079038,35,0.6
9,23,28079055,35,1
9,23,28079024,42,1.45
9,23,28079027,42,1.45
9,23,28079055,42,1.79
9,23,28079024,44,0.27
9,23,28079027,44,0.2
9,23,28079055,44,0.25
9,24,28079004,01,4
9,24,28079008,01,5
9,24,28079017,01,4
9,24,28079018,01,7
9,24,28079024,01,2
9,24,28079035,01,5
9,24,28079036,01,4
9,24,28079038,01,4
9,24,28079040,01,4
9,24,28079057,01,6
9,24,28079004,06,0.4
9,24,28079008,06,0.4
9,24,28079016,06,0.5
9,24,28079018,06,0.4
9,24,28079024,06,0.3
9,24,28079035,06,0.4
9,24,28079036,06,0.4
9,24,28079039,06,0.3
9,24,28079056,06,0.4
9,24,28079057,06,0.5
9,24,28079004,07,24
9,24,28079008,07,45
9,24,28079011,07,18
9,24,28079016,07,68
9,24,28079017,07,30
9,24,28079018,07,25
9,24,28079024,07,23
9,24,28079027,07,34
9,24,28079035,07,23
9,24,28079036,07,36
9,24,28079038,07,16
9,24,28079039,07,17
9,24,28079040,07,26
9,24,28079047,07,36
9,24,28079048,07,16
9,24,28079049,07,34
9,24,28079050,07,68
9,24,28079054,07,19
9,24,28079055,07,61
9,24,28079056,07,67
9,24,28079057,07,38
9,24,28079058,07,38
9,24,28079059,07,49
9,24,28079060,07,20
9,24,28079004,08,52
9,24,28079008,08,53
9,24,28079011,08,46
9,24,28079016,08,69
9,24,28079017,08,48
9,24,28079018,08,51
9,24,28079024,08,32
9,24,28079027,08,60
9,24,28079035,08,44
9,24,28079036,08,46
9,24,28079038,08,51
9,24,28079039,08,61
9,24,28079040,08,53
9,24,28079047,08,47
9,24,28079048,08,44
9,24,28079049,08,50
9,24,28079050,08,66
9,24,28079054,08,39
9,24,28079055,08,65
9,24,28079056,08,65
9,24,28079057,08,63
9,24,28079058,08,47
9,24,28079059,08,39
9,24,28079060,08,58
9,24,28079008,09,20
9,24,28079024,09,12
9,24,28079038,09,13
9,24,28079047,09,21
9,24,28079048,09,15
9,24,28079050,09,17
9,24,28079008,10,17
9,24,28079018,10,22
9,24,28079024,10,15
9,24,28079036,10,41
9,24,28079038,10,16
9,24,28079040,10,29
9,24,28079047,10,39
9,24,28079048,10,28
9,24,28079050,10,25
9,24,28079055,10,29
9,24,28079057,10,27
9,24,28079060,10,26
9,24,28079008,14,4
9,24,28079016,14,3
9,24,28079017,14,3
9,24,28079018,14,6
9,24,28079024,14,16
9,24,28079027,14,6
9,24,28079035,14,7
9,24,28079039,14,3
9,24,28079049,14,1
9,24,28079054,14,3
9,24,28079056,14,3
9,24,28079058,14,2
9,24,28079059,14,3
9,24,28079060,14,2
9,24,28079008,20,6.2
9,24,28079011,20,5.2
9,24,28079018,20,1.5
9,24,28079024,20,1.6
9,24,28079038,20,3.1
9,24,28079055,20,1
9,24,28079008,30,2
9,24,28079011,30,2.6
9,24,28079018,30,0.4
9,24,28079024,30,0.8
9,24,28079038,30,0.9
9,24,28079055,30,0.8
9,24,28079008,35,1.4
9,24,28079011,35,0.5
9,24,28079018,35,0.4
9,24,28079024,35,0.5
9,24,28079038,35,0.6
9,24,28079055,35,1
9,24,28079024,42,1.46
9,24,28079027,42,1.48
9,24,28079055,42,1.8
9,24,28079024,44,0.28
9,24,28079027,44,0.21
9,24,28079055,44,0.25
9,3,28079004,01,3
9,3,28079008,01,5
9,3,28079017,01,3
9,3,28079018,01,7
9,3,28079024,01,2
9,3,28079035,01,4
9,3,28079036,01,9
9,3,28079038,01,3
9,3,28079040,01,2
9,3,28079057,01,2
9,3,28079004,06,0.4
9,3,28079008,06,0.4
9,3,28079016,06,0.3
9,3,28079018,06,0.4
9,3,28079024,06,0.3
9,3,28079035,06,0.4
9,3,28079036,06,0.4
9,3,28079039,06,0.2
9,3,28079056,06,0.3
9,3,28079057,06,0.3
9,3,28079004,07,7
9,3,28079008,07,13
9,3,28079011,07,1
9,3,28079016,07,4
9,3,28079017,07,10
9,3,28079018,07,3
9,3,28079024,07,1
9,3,28079027,07,1
9,3,28079035,07,17
9,3,28079036,07,9
9,3,28079038,07,5
9,3,28079039,07,1
9,3,28079040,07,10
9,3,28079047,07,10
9,3,28079048,07,2
9,3,28079049,07,8
9,3,28079050,07,1
9,3,28079054,07,7
9,3,28079055,07,2
9,3,28079056,07,14
9,3,28079057,07,1
9,3,28079058,07,3
9,3,28079059,07,2
9,3,28079060,07,1
9,3,28079004,08,41
9,3,28079008,08,41
9,3,28079011,08,36
9,3,28079016,08,39
9,3,28079017,08,45
9,3,28079018,08,45
9,3,28079024,08,32
9,3,28079027,08,34
9,3,28079035,08,42
9,3,28079036,08,31
9,3,28079038,08,43
9,3,28079039,08,34
9,3,28079040,08,46
9,3,28079047,08,43
9,3,28079048,08,36
9,3,28079049,08,43
9,3,28079050,08,32
9,3,28079054,08,30
9,3,28079055,08,39
9,3,28079056,08,51
9,3,28079057,08,28
9,3,28079058,08,14
9,3,28079059,08,18
9,3,28079060,08,25
9,3,28079008,09,15
9,3,28079024,09,10
9,3,28079038,09,9
9,3,28079047,09,14
9,3,28079048,09,6
9,3,28079050,09,9
9,3,28079008,10,7
9,3,28079018,10,12
9,3,28079024,10,9
9,3,28079036,10,14
9,3,28079038,10,9
9,3,28079040,10,18
9,3,28079047,10,15
9,3,28079048,10,7
9,3,28079050,10,10
9,3,28079055,10,15
9,3,28079057,10,9
9,3,28079060,10,6
9,3,28079008,14,4
9,3,28079016,14,5
9,3,28079017,14,3
9,3,28079018,14,3
9,3,28079024,14,7
9,3,28079027,14,10
9,3,28079035,14,2
9,3,28079039,14,10
9,3,28079049,14,1
9,3,28079054,14,8
9,3,28079056,14,4
9,3,28079058,14,20
9,3,28079059,14,9
9,3,28079060,14,15
9,3,28079008,20,7
9,3,28079011,20,6.2
9,3,28079018,20,1.9
9,3,28079038,20,4.7
9,3,28079055,20,1
9,3,28079008,30,1.4
9,3,28079011,30,2.3
9,3,28079018,30,0.3
9,3,28079038,30,0.8
9,3,28079055,30,0.6
9,3,28079008,35,0.9
9,3,28079011,35,0.2
9,3,28079018,35,1
9,3,28079038,35,0.4
9,3,28079055,35,0.7
9,3,28079024,42,1.51
9,3,28079027,42,1.37
9,3,28079055,42,1.62
9,3,28079024,44,0.3
9,3,28079027,44,0.16
9,3,28079055,44,0.17
9,4,28079004,01,3
9,4,28079008,01,5
9,4,28079017,01,3
9,4,28079018,01,7
9,4,28079024,01,2
9,4,28079035,01,4
9,4,28079036,01,7
9,4,28079038,01,3
9,4,28079040,01,2
9,4,28079057,01,2
9,4,28079004,06,0.3
9,4,28079008,06,0.3
9,4,28079016,06,0.3
9,4,28079018,06,0.4
9,4,28079024,06,0.3
9,4,28079035,06,0.3
9,4,28079036,06,0.3
9,4,28079039,06,0.2
9,4,28079056,06,0.3
9,4,28079057,06,0.3
9,4,28079004,07,5
9,4,28079008,07,7
9,4,28079011,07,1
9,4,28079016,07,3
9,4,28079017,07,6
9,4,28079018,07,3
9,4,28079024,07,1
9,4,28079027,07,1
9,4,28079035,07,16
9,4,28079036,07,2
9,4,28079038,07,5
9,4,28079039,07,1
9,4,28079040,07,2
9,4,28079047,07,11
9,4,28079048,07,1
9,4,28079049,07,4
9,4,28079050,07,1
9,4,28079054,07,6
9,4,28079055,07,2
9,4,28079056,07,10
9,4,28079057,07,1
9,4,28079058,07,2
9,4,28079059,07,2
9,4,28079060,07,1
9,4,28079004,08,32
9,4,28079008,08,32
9,4,28079011,08,28
9,4,28079016,08,32
9,4,28079017,08,44
9,4,28079018,08,42
9,4,28079024,08,34
9,4,28079027,08,25
9,4,28079035,08,36
9,4,28079036,08,24
9,4,28079038,08,35
9,4,28079039,08,31
9,4,28079040,08,40
9,4,28079047,08,41
9,4,28079048,08,27
9,4,28079049,08,35
9,4,28079050,08,25
9,4,28079054,08,32
9,4,28079055,08,31
9,4,28079056,08,48
9,4,28079057,08,24
9,4,28079058,08,13
9,4,28079059,08,13
9,4,28079060,08,19
9,4,28079008,09,11
9,4,28079024,09,9
9,4,28079038,09,6
9,4,28079047,09,11
9,4,28079048,09,5
9,4,28079050,09,7
9,4,28079008,10,5
9,4,28079018,10,11
9,4,28079024,10,9
9,4,28079036,10,10
9,4,28079038,10,7
9,4,28079040,10,14
9,4,28079047,10,11
9,4,28079048,10,4
9,4,28079050,10,6
9,4,28079055,10,12
9,4,28079057,10,7
9,4,28079060,10,3
9,4,28079008,14,11
9,4,28079016,14,11
9,4,28079017,14,6
9,4,28079018,14,5
9,4,28079024,14,6
9,4,28079027,14,16
9,4,28079035,14,7
9,4,28079039,14,12
9,4,28079049,14,8
9,4,28079054,14,6
9,4,28079056,14,6
9,4,28079058,14,21
9,4,28079059,14,14
9,4,28079060,14,18
9,4,28079008,20,8.9
9,4,28079011,20,7.2
9,4,28079018,20,2.8
9,4,28079038,20,5.9
9,4,28079055,20,1
9,4,28079008,30,1.3
9,4,28079011,30,2.2
9,4,28079018,30,0.3
9,4,28079038,30,0.7
9,4,28079055,30,0.5
9,4,28079008,35,1.4
9,4,28079011,35,0.2
9,4,28079018,35,1
9,4,28079038,35,0.6
9,4,28079055,35,0.6
9,4,28079024,42,1.52
9,4,28079027,42,1.34
9,4,28079055,42,1.58
9,4,28079024,44,0.3
9,4,28079027,44,0.15
9,4,28079055,44,0.16
9,5,28079004,01,3
9,5,28079008,01,4
9,5,28079017,01,3
9,5,28079018,01,7
9,5,28079024,01,2
9,5,28079035,01,3
9,5,28079036,01,5
9,5,28079038,01,3
9,5,28079040,01,2
9,5,28079057,01,2
9,5,28079004,06,0.3
9,5,28079008,06,0.3
9,5,28079016,06,0.3
9,5,28079018,06,0.3
9,5,28079024,06,0.3
9,5,28079035,06,0.3
9,5,28079036,06,0.3
9,5,28079039,06,0.2
9,5,28079056,06,0.2
9,5,28079057,06,0.3
9,5,28079004,07,4
9,5,28079008,07,4
9,5,28079011,07,1
9,5,28079016,07,3
9,5,28079017,07,2
9,5,28079018,07,1
9,5,28079024,07,2
9,5,28079027,07,2
9,5,28079035,07,10
9,5,28079036,07,2
9,5,28079038,07,3
9,5,28079039,07,1
9,5,28079040,07,1
9,5,28079047,07,4
9,5,28079048,07,1
9,5,28079049,07,1
9,5,28079050,07,2
9,5,28079054,07,5
9,5,28079055,07,3
9,5,28079056,07,5
9,5,28079057,07,1
9,5,28079058,07,2
9,5,28079059,07,2
9,5,28079060,07,1
9,5,28079004,08,22
9,5,28079008,08,22
9,5,28079011,08,18
9,5,28079016,08,30
9,5,28079017,08,37
9,5,28079018,08,30
9,5,28079024,08,33
9,5,28079027,08,25
9,5,28079035,08,27
9,5,28079036,08,17
9,5,28079038,08,26
9,5,28079039,08,25
9,5,28079040,08,31
9,5,28079047,08,35
9,5,28079048,08,18
9,5,28079049,08,23
9,5,28079050,08,18
9,5,28079054,08,27
9,5,28079055,08,29
9,5,28079056,08,35
9,5,28079057,08,17
9,5,28079058,08,11
9,5,28079059,08,12
9,5,28079060,08,15
9,5,28079008,09,7
9,5,28079024,09,7
9,5,28079038,09,2
9,5,28079047,09,8
9,5,28079048,09,1
9,5,28079050,09,5
9,5,28079008,10,3
9,5,28079018,10,6
9,5,28079024,10,7
9,5,28079036,10,5
9,5,28079038,10,5
9,5,28079040,10,11
9,5,28079047,10,7
9,5,28079048,10,3
9,5,28079050,10,4
9,5,28079055,10,7
9,5,28079057,10,4
9,5,28079060,10,3
9,5,28079008,14,17
9,5,28079016,14,11
9,5,28079017,14,8
9,5,28079018,14,12
9,5,28079024,14,7
9,5,28079027,14,15
9,5,28079035,14,12
9,5,28079039,14,14
9,5,28079049,14,16
9,5,28079054,14,9
9,5,28079056,14,13
9,5,28079058,14,21
9,5,28079059,14,15
9,5,28079060,14,20
9,5,28079008,20,6.6
9,5,28079011,20,5
9,5,28079018,20,2.6
9,5,28079038,20,3.8
9,5,28079055,20,1
9,5,28079008,30,0.9
9,5,28079011,30,1.9
9,5,28079018,30,0.3
9,5,28079038,30,0.6
9,5,28079055,30,0.5
9,5,28079008,35,0.9
9,5,28079011,35,0.4
9,5,28079018,35,1
9,5,28079038,35,0.5
9,5,28079055,35,0.5
9,5,28079024,42,1.5
9,5,28079027,42,1.34
9,5,28079055,42,1.56
9,5,28079024,44,0.29
9,5,28079027,44,0.15
9,5,28079055,44,0.16
9,6,28079004,01,3
9,6,28079008,01,4
9,6,28079017,01,3
9,6,28079018,01,7
9,6,28079024,01,1
9,6,28079035,01,3
9,6,28079036,01,4
9,6,28079038,01,3
9,6,28079040,01,2
9,6,28079057,01,2
9,6,28079004,06,0.3
9,6,28079008,06,0.3
9,6,28079016,06,0.3
9,6,28079018,06,0.3
9,6,28079024,06,0.3
9,6,28079035,06,0.3
9,6,28079036,06,0.3
9,6,28079039,06,0.2
9,6,28079056,06,0.2
9,6,28079057,06,0.3
9,6,28079004,07,4
9,6,28079008,07,5
9,6,28079011,07,1
9,6,28079016,07,2
9,6,28079017,07,1
9,6,28079018,07,2
9,6,28079024,07,1
9,6,28079027,07,6
9,6,28079035,07,7
9,6,28079036,07,2
9,6,28079038,07,3
9,6,28079039,07,1
9,6,28079040,07,1
9,6,28079047,07,3
9,6,28079048,07,1
9,6,28079049,07,1
9,6,28079050,07,2
9,6,28079054,07,6
9,6,28079055,07,5
9,6,28079056,07,12
9,6,28079057,07,1
9,6,28079058,07,2
9,6,28079059,07,2
9,6,28079060,07,1
9,6,28079004,08,22
9,6,28079008,08,20
9,6,28079011,08,18
9,6,28079016,08,18
9,6,28079017,08,33
9,6,28079018,08,29
9,6,28079024,08,17
9,6,28079027,08,30
9,6,28079035,08,23
9,6,28079036,08,18
9,6,28079038,08,25
9,6,28079039,08,21
9,6,28079040,08,27
9,6,28079047,08,26
9,6,28079048,08,17
9,6,28079049,08,17
9,6,28079050,08,18
9,6,28079054,08,24
9,6,28079055,08,32
9,6,28079056,08,36
9,6,28079057,08,17
9,6,28079058,08,12
9,6,28079059,08,8
9,6,28079060,08,15
9,6,28079008,09,5
9,6,28079024,09,5
9,6,28079038,09,2
9,6,28079047,09,5
9,6,28079048,09,1
9,6,28079050,09,5
9,6,28079008,10,3
9,6,28079018,10,4
9,6,28079024,10,5
9,6,28079036,10,4
9,6,28079038,10,5
9,6,28079040,10,6
9,6,28079047,10,6
9,6,28079048,10,3
9,6,28079050,10,4
9,6,28079055,10,4
9,6,28079057,10,3
9,6,28079060,10,4
9,6,28079008,14,16
9,6,28079016,14,19
9,6,28079017,14,11
9,6,28079018,14,10
9,6,28079024,14,16
9,6,28079027,14,13
9,6,28079035,14,13
9,6,28079039,14,16
9,6,28079049,14,19
9,6,28079054,14,11
9,6,28079056,14,13
9,6,28079058,14,21
9,6,28079059,14,17
9,6,28079060,14,20
9,6,28079008,20,5.2
9,6,28079011,20,4.3
9,6,28079018,20,1.1
9,6,28079038,20,2.6
9,6,28079055,20,1
9,6,28079008,30,0.8
9,6,28079011,30,1.8
9,6,28079018,30,0.2
9,6,28079038,30,0.6
9,6,28079055,30,0.5
9,6,28079008,35,0.7
9,6,28079011,35,0.9
9,6,28079018,35,1
9,6,28079038,35,0.3
9,6,28079055,35,0.5
9,6,28079024,42,1.46
9,6,28079027,42,1.37
9,6,28079055,42,1.59
9,6,28079024,44,0.28
9,6,28079027,44,0.16
9,6,28079055,44,0.15
9,7,28079004,01,3
9,7,28079008,01,4
9,7,28079017,01,3
9,7,28079018,01,7
9,7,28079024,01,1
9,7,28079035,01,3
9,7,28079036,01,5
9,7,28079038,01,3
9,7,28079040,01,2
9,7,28079057,01,2
9,7,28079004,06,0.3
9,7,28079008,06,0.3
9,7,28079016,06,0.3
9,7,28079018,06,0.3
9,7,28079024,06,0.2
9,7,28079035,06,0.3
9,7,28079036,06,0.3
9,7,28079039,06,0.2
9,7,28079056,06,0.3
9,7,28079057,06,0.3
9,7,28079004,07,7
9,7,28079008,07,10
9,7,28079011,07,1
9,7,28079016,07,5
9,7,28079017,07,3
9,7,28079018,07,5
9,7,28079024,07,1
9,7,28079027,07,10
9,7,28079035,07,12
9,7,28079036,07,7
9,7,28079038,07,9
9,7,28079039,07,3
9,7,28079040,07,4
9,7,28079047,07,10
9,7,28079048,07,2
9,7,28079049,07,3
9,7,28079050,07,4
9,7,28079054,07,17
9,7,28079055,07,11
9,7,28079056,07,28
9,7,28079057,07,2
9,7,28079058,07,6
9,7,28079059,07,3
9,7,28079060,07,1
9,7,28079004,08,25
9,7,28079008,08,27
9,7,28079011,08,20
9,7,28079016,08,23
9,7,28079017,08,39
9,7,28079018,08,34
9,7,28079024,08,18
9,7,28079027,08,25
9,7,28079035,08,29
9,7,28079036,08,20
9,7,28079038,08,27
9,7,28079039,08,26
9,7,28079040,08,36
9,7,28079047,08,32
9,7,28079048,08,19
9,7,28079049,08,25
9,7,28079050,08,24
9,7,28079054,08,29
9,7,28079055,08,31
9,7,28079056,08,45
9,7,28079057,08,19
9,7,28079058,08,12
9,7,28079059,08,10
9,7,28079060,08,21
9,7,28079008,09,5
9,7,28079024,09,5
9,7,28079038,09,4
9,7,28079047,09,5
9,7,28079048,09,1
9,7,28079050,09,3
9,7,28079008,10,3
9,7,28079018,10,5
9,7,28079024,10,5
9,7,28079036,10,7
9,7,28079038,10,5
9,7,28079040,10,7
9,7,28079047,10,6
9,7,28079048,10,3
9,7,28079050,10,4
9,7,28079055,10,6
9,7,28079057,10,3
9,7,28079060,10,4
9,7,28079008,14,12
9,7,28079016,14,14
9,7,28079017,14,7
9,7,28079018,14,6
9,7,28079024,14,15
9,7,28079027,14,17
9,7,28079035,14,10
9,7,28079039,14,13
9,7,28079049,14,11
9,7,28079054,14,8
9,7,28079056,14,9
9,7,28079058,14,21
9,7,28079059,14,15
9,7,28079060,14,18
9,7,28079008,20,4
9,7,28079011,20,3.1
9,7,28079018,20,1
9,7,28079038,20,4
9,7,28079055,20,1
9,7,28079008,30,0.7
9,7,28079011,30,1.7
9,7,28079018,30,0.2
9,7,28079038,30,0.8
9,7,28079055,30,0.5
9,7,28079008,35,0.7
9,7,28079011,35,0.9
9,7,28079018,35,1
9,7,28079038,35,0.7
9,7,28079055,35,0.5
9,7,28079024,42,1.45
9,7,28079027,42,1.31
9,7,28079055,42,1.56
9,7,28079024,44,0.28
9,7,28079027,44,0.15
9,7,28079055,44,0.16
9,8,28079004,01,4
9,8,28079008,01,6
9,8,28079017,01,3
9,8,28079018,01,7
9,8,28079024,01,1
9,8,28079035,01,4
9,8,28079036,01,5
9,8,28079038,01,4
9,8,28079040,01,2
9,8,28079057,01,3
9,8,28079004,06,0.3
9,8,28079008,06,0.4
9,8,28079016,06,0.4
9,8,28079018,06,0.4
9,8,28079024,06,0.2
9,8,28079035,06,0.4
9,8,28079036,06,0.4
9,8,28079039,06,0.2
9,8,28079056,06,0.5
9,8,28079057,06,0.4
9,8,28079004,07,24
9,8,28079008,07,30
9,8,28079011,07,4
9,8,28079016,07,22
9,8,28079017,07,19
9,8,28079018,07,14
9,8,28079024,07,2
9,8,28079027,07,17
9,8,28079035,07,28
9,8,28079036,07,23
9,8,28079038,07,26
9,8,28079039,07,17
9,8,28079040,07,16
9,8,28079047,07,24
9,8,28079048,07,16
9,8,28079049,07,10
9,8,28079050,07,17
9,8,28079054,07,36
9,8,28079055,07,34
9,8,28079056,07,77
9,8,28079057,07,5
9,8,28079058,07,12
9,8,28079059,07,6
9,8,28079060,07,11
9,8,28079004,08,39
9,8,28079008,08,45
9,8,28079011,08,29
9,8,28079016,08,41
9,8,28079017,08,45
9,8,28079018,08,45
9,8,28079024,08,27
9,8,28079027,08,37
9,8,28079035,08,42
9,8,28079036,08,30
9,8,28079038,08,44
9,8,28079039,08,42
9,8,28079040,08,45
9,8,28079047,08,44
9,8,28079048,08,32
9,8,28079049,08,39
9,8,28079050,08,40
9,8,28079054,08,36
9,8,28079055,08,43
9,8,28079056,08,67
9,8,28079057,08,28
9,8,28079058,08,21
9,8,28079059,08,16
9,8,28079060,08,38
9,8,28079008,09,8
9,8,28079024,09,5
9,8,28079038,09,6
9,8,28079047,09,7
9,8,28079048,09,2
9,8,28079050,09,7
9,8,28079008,10,5
9,8,28079018,10,8
9,8,28079024,10,5
9,8,28079036,10,7
9,8,28079038,10,8
9,8,28079040,10,9
9,8,28079047,10,9
9,8,28079048,10,3
9,8,28079050,10,10
9,8,28079055,10,7
9,8,28079057,10,6
9,8,28079060,10,2
9,8,28079008,14,5
9,8,28079016,14,6
9,8,28079017,14,3
9,8,28079018,14,3
9,8,28079024,14,8
9,8,28079027,14,11
9,8,28079035,14,5
9,8,28079039,14,6
9,8,28079049,14,6
9,8,28079054,14,5
9,8,28079056,14,4
9,8,28079058,14,14
9,8,28079059,14,11
9,8,28079060,14,7
9,8,28079008,20,4.5
9,8,28079011,20,2.9
9,8,28079018,20,1
9,8,28079038,20,2.1
9,8,28079055,20,1
9,8,28079008,30,1
9,8,28079011,30,1.8
9,8,28079018,30,0.3
9,8,28079038,30,0.7
9,8,28079055,30,0.4
9,8,28079008,35,0.7
9,8,28079011,35,0.7
9,8,28079018,35,0.7
9,8,28079038,35,0.3
9,8,28079055,35,0.5
9,8,28079024,42,1.45
9,8,28079027,42,1.31
9,8,28079055,42,1.53
9,8,28079024,44,0.28
9,8,28079027,44,0.15
9,8,28079055,44,0.14
9,9,28079004,01,5
9,9,28079008,01,8
9,9,28079017,01,3
9,9,28079018,01,8
9,9,28079024,01,2
9,9,28079035,01,5
9,9,28079036,01,5
9,9,28079038,01,5
9,9,28079040,01,4
9,9,28079057,01,3
9,9,28079004,06,0.4
9,9,28079008,06,0.5
9,9,28079016,06,0.4
9,9,28079018,06,0.5
9,9,28079024,06,0.3
9,9,28079035,06,0.4
9,9,28079036,06,0.5
9,9,28079039,06,0.3
9,9,28079056,06,0.5
9,9,28079057,06,0.4
9,9,28079004,07,40
9,9,28079008,07,63
9,9,28079011,07,12
9,9,28079016,07,22
9,9,28079017,07,32
9,9,28079018,07,26
9,9,28079024,07,17
9,9,28079027,07,38
9,9,28079035,07,60
9,9,28079036,07,53
9,9,28079038,07,58
9,9,28079039,07,33
9,9,28079040,07,30
9,9,28079047,07,43
9,9,28079048,07,26
9,9,28079049,07,21
9,9,28079050,07,39
9,9,28079054,07,68
9,9,28079055,07,35
9,9,28079056,07,90
9,9,28079057,07,29
9,9,28079058,07,9
9,9,28079059,07,8
9,9,28079060,07,26
9,9,28079004,08,53
9,9,28079008,08,55
9,9,28079011,08,41
9,9,28079016,08,45
9,9,28079017,08,48
9,9,28079018,08,55
9,9,28079024,08,42
9,9,28079027,08,50
9,9,28079035,08,57
9,9,28079036,08,39
9,9,28079038,08,63
9,9,28079039,08,56
9,9,28079040,08,52
9,9,28079047,08,54
9,9,28079048,08,44
9,9,28079049,08,48
9,9,28079050,08,54
9,9,28079054,08,44
9,9,28079055,08,47
9,9,28079056,08,74
9,9,28079057,08,49
9,9,28079058,08,20
9,9,28079059,08,20
9,9,28079060,08,49
9,9,28079008,09,10
9,9,28079024,09,6
9,9,28079038,09,11
9,9,28079047,09,8
9,9,28079048,09,5
9,9,28079050,09,10
9,9,28079008,10,7
9,9,28079018,10,12
9,9,28079024,10,7
9,9,28079036,10,9
9,9,28079038,10,14
9,9,28079040,10,11
9,9,28079047,10,11
9,9,28079048,10,7
9,9,28079050,10,15
9,9,28079055,10,9
9,9,28079057,10,11
9,9,28079060,10,5
9,9,28079008,14,4
9,9,28079016,14,4
9,9,28079017,14,3
9,9,28079018,14,2
9,9,28079024,14,3
9,9,28079027,14,6
9,9,28079035,14,1
9,9,28079039,14,1
9,9,28079049,14,1
9,9,28079054,14,4
9,9,28079056,14,3
9,9,28079058,14,12
9,9,28079059,14,9
9,9,28079060,14,4
9,9,28079008,20,6
9,9,28079011,20,3
9,9,28079018,20,1.2
9,9,28079038,20,3.6
9,9,28079055,20,1
9,9,28079008,30,1.8
9,9,28079011,30,2
9,9,28079018,30,0.4
9,9,28079038,30,1.2
9,9,28079055,30,0.5
9,9,28079008,35,0.9
9,9,28079011,35,1
9,9,28079018,35,0.6
9,9,28079038,35,0.6
9,9,28079055,35,0.5
9,9,28079024,42,1.44
9,9,28079027,42,1.33
9,9,28079055,42,1.54
9,9,28079024,44,0.28
9,9,28079027,44,0.16
9,9,28079055,44,0.16
10,1,28079004,01,5
10,1,28079008,01,4
10,1,28079017,01,3
10,1,28079018,01,7
10,1,28079024,01,3
10,1,28079035,01,5
10,1,28079036,01,3
10,1,28079038,01,4
10,1,28079040,01,4
10,1,28079057,01,6
10,1,28079004,06,0.6
10,1,28079008,06,0.4
10,1,28079016,06,0.5
10,1,28079018,06,0.4
10,1,28079024,06,0.4
10,1,28079035,06,0.5
10,1,28079036,06,0.4
10,1,28079039,06,0.3
10,1,28079056,06,0.3
10,1,28079057,06,0.5
10,1,28079004,07,69
10,1,28079008,07,33
10,1,28079011,07,50
10,1,28079016,07,50
10,1,28079017,07,9
10,1,28079018,07,33
10,1,28079024,07,45
10,1,28079027,07,53
10,1,28079035,07,41
10,1,28079036,07,24
10,1,28079038,07,32
10,1,28079039,07,20
10,1,28079040,07,22
10,1,28079047,07,30
10,1,28079048,07,38
10,1,28079049,07,28
10,1,28079050,07,36
10,1,28079054,07,11
10,1,28079055,07,54
10,1,28079056,07,47
10,1,28079057,07,44
10,1,28079058,07,32
10,1,28079059,07,50
10,1,28079060,07,36
10,1,28079004,08,54
10,1,28079008,08,42
10,1,28079011,08,59
10,1,28079016,08,59
10,1,28079017,08,39
10,1,28079018,08,50
10,1,28079024,08,43
10,1,28079027,08,57
10,1,28079035,08,46
10,1,28079036,08,38
10,1,28079038,08,59
10,1,28079039,08,57
10,1,28079040,08,48
10,1,28079047,08,43
10,1,28079048,08,51
10,1,28079049,08,43
10,1,28079050,08,59
10,1,28079054,08,32
10,1,28079055,08,59
10,1,28079056,08,55
10,1,28079057,08,61
10,1,28079058,08,43
10,1,28079059,08,34
10,1,28079060,08,61
10,1,28079008,09,16
10,1,28079024,09,15
10,1,28079038,09,12
10,1,28079047,09,15
10,1,28079048,09,11
10,1,28079050,09,13
10,1,28079008,10,10
10,1,28079018,10,24
10,1,28079024,10,18
10,1,28079036,10,17
10,1,28079038,10,16
10,1,28079040,10,11
10,1,28079047,10,16
10,1,28079048,10,19
10,1,28079050,10,19
10,1,28079055,10,37
10,1,28079057,10,23
10,1,28079060,10,16
10,1,28079008,14,4
10,1,28079016,14,4
10,1,28079017,14,4
10,1,28079018,14,2
10,1,28079024,14,4
10,1,28079027,14,7
10,1,28079035,14,3
10,1,28079039,14,3
10,1,28079049,14,1
10,1,28079054,14,4
10,1,28079056,14,3
10,1,28079058,14,2
10,1,28079059,14,3
10,1,28079060,14,1
10,1,28079008,20,6.1
10,1,28079011,20,5.7
10,1,28079018,20,2.3
10,1,28079024,20,2.2
10,1,28079038,20,3.3
10,1,28079055,20,1
10,1,28079008,30,1.9
10,1,28079011,30,2.9
10,1,28079018,30,0.4
10,1,28079024,30,0.9
10,1,28079038,30,0.9
10,1,28079055,30,0.9
10,1,28079008,35,1.6
10,1,28079011,35,0.7
10,1,28079018,35,0.2
10,1,28079024,35,0.4
10,1,28079038,35,0.6
10,1,28079055,35,1
10,1,28079024,42,1.51
10,1,28079027,42,1.49
10,1,28079055,42,1.91
10,1,28079024,44,0.31
10,1,28079027,44,0.21
10,1,28079055,44,0.26
10,10,28079004,01,4
10,10,28079008,01,6
10,10,28079017,01,5
10,10,28079018,01,8
10,10,28079024,01,2
10,10,28079035,01,5
10,10,28079036,01,4
10,10,28079038,01,4
10,10,28079040,01,7
10,10,28079057,01,7
10,10,28079004,06,0.5
10,10,28079008,06,0.6
10,10,28079016,06,0.8
10,10,28079018,06,0.5
10,10,28079024,06,0.2
10,10,28079035,06,0.5
10,10,28079036,06,0.6
10,10,28079039,06,0.5
10,10,28079056,06,0.5
10,10,28079057,06,0.7
10,10,28079004,07,48
10,10,28079008,07,113
10,10,28079011,07,60
10,10,28079016,07,144
10,10,28079017,07,72
10,10,28079018,07,32
10,10,28079024,07,2
10,10,28079027,07,84
10,10,28079035,07,69
10,10,28079036,07,104
10,10,28079038,07,51
10,10,28079039,07,70
10,10,28079040,07,101
10,10,28079047,07,103
10,10,28079048,07,74
10,10,28079049,07,71
10,10,28079050,07,122
10,10,28079054,07,267
10,10,28079055,07,115
10,10,28079056,07,110
10,10,28079057,07,81
10,10,28079058,07,60
10,10,28079059,07,87
10,10,28079060,07,66
10,10,28079004,08,51
10,10,28079008,08,59
10,10,28079011,08,59
10,10,28079016,08,73
10,10,28079017,08,52
10,10,28079018,08,48
10,10,28079024,08,22
10,10,28079027,08,62
10,10,28079035,08,51
10,10,28079036,08,53
10,10,28079038,08,52
10,10,28079039,08,59
10,10,28079040,08,62
10,10,28079047,08,53
10,10,28079048,08,57
10,10,28079049,08,46
10,10,28079050,08,79
10,10,28079054,08,71
10,10,28079055,08,73
10,10,28079056,08,71
10,10,28079057,08,65
10,10,28079058,08,40
10,10,28079059,08,26
10,10,28079060,08,57
10,10,28079008,09,16
10,10,28079024,09,5
10,10,28079038,09,11
10,10,28079047,09,13
10,10,28079048,09,13
10,10,28079050,09,16
10,10,28079008,10,10
10,10,28079018,10,10
10,10,28079024,10,3
10,10,28079036,10,19
10,10,28079038,10,10
10,10,28079040,10,15
10,10,28079047,10,18
10,10,28079048,10,23
10,10,28079050,10,20
10,10,28079055,10,27
10,10,28079057,10,20
10,10,28079060,10,23
10,10,28079008,14,4
10,10,28079016,14,4
10,10,28079017,14,6
10,10,28079018,14,4
10,10,28079024,14,15
10,10,28079027,14,6
10,10,28079035,14,4
10,10,28079039,14,3
10,10,28079049,14,1
10,10,28079054,14,3
10,10,28079056,14,4
10,10,28079058,14,3
10,10,28079059,14,4
10,10,28079060,14,3
10,10,28079008,20,7.5
10,10,28079011,20,7
10,10,28079018,20,4.4
10,10,28079024,20,2.3
10,10,28079038,20,5.8
10,10,28079055,20,1
10,10,28079008,30,2.9
10,10,28079011,30,3.7
10,10,28079018,30,0.9
10,10,28079024,30,0.9
10,10,28079038,30,1.8
10,10,28079055,30,0.2
10,10,28079008,35,2.3
10,10,28079011,35,1.4
10,10,28079018,35,0.3
10,10,28079024,35,0.5
10,10,28079038,35,1.2
10,10,28079055,35,1
10,10,28079024,42,1.39
10,10,28079027,42,1.48
10,10,28079055,42,1.83
10,10,28079024,44,0.25
10,10,28079027,44,0.21
10,10,28079055,44,0.28
10,11,28079004,01,4
10,11,28079008,01,6
10,11,28079017,01,4
10,11,28079018,01,7
10,11,28079024,01,2
10,11,28079035,01,4
10,11,28079036,01,5
10,11,28079038,01,4
10,11,28079040,01,8
10,11,28079057,01,7
10,11,28079004,06,0.4
10,11,28079008,06,0.5
10,11,28079016,06,1.1
10,11,28079018,06,0.4
10,11,28079024,06,0.2
10,11,28079035,06,0.5
10,11,28079036,06,0.6
10,11,28079039,06,0.4
10,11,28079056,06,0.3
10,11,28079057,06,0.7
10,11,28079004,07,50
10,11,28079008,07,86
10,11,28079011,07,57
10,11,28079016,07,195
10,11,28079017,07,44
10,11,28079018,07,22
10,11,28079024,07,4
10,11,28079027,07,86
10,11,28079035,07,54
10,11,28079036,07,114
10,11,28079038,07,47
10,11,28079039,07,57
10,11,28079040,07,139
10,11,28079047,07,104
10,11,28079048,07,59
10,11,28079049,07,46
10,11,28079050,07,123
10,11,28079054,07,149
10,11,28079055,07,121
10,11,28079056,07,62
10,11,28079057,07,103
10,11,28079058,07,36
10,11,28079059,07,79
10,11,28079060,07,103
10,11,28079004,08,50
10,11,28079008,08,55
10,11,28079011,08,56
10,11,28079016,08,82
10,11,28079017,08,48
10,11,28079018,08,44
10,11,28079024,08,20
10,11,28079027,08,61
10,11,28079035,08,49
10,11,28079036,08,57
10,11,28079038,08,50
10,11,28079039,08,55
10,11,28079040,08,67
10,11,28079047,08,55
10,11,28079048,08,53
10,11,28079049,08,45
10,11,28079050,08,78
10,11,28079054,08,49
10,11,28079055,08,71
10,11,28079056,08,63
10,11,28079057,08,67
10,11,28079058,08,33
10,11,28079059,08,28
10,11,28079060,08,70
10,11,28079008,09,17
10,11,28079024,09,6
10,11,28079038,09,13
10,11,28079047,09,16
10,11,28079048,09,16
10,11,28079050,09,21
10,11,28079008,10,10
10,11,28079018,10,8
10,11,28079024,10,4
10,11,28079036,10,21
10,11,28079038,10,12
10,11,28079040,10,18
10,11,28079047,10,18
10,11,28079048,10,30
10,11,28079050,10,27
10,11,28079055,10,27
10,11,28079057,10,26
10,11,28079060,10,15
10,11,28079008,14,5
10,11,28079016,14,4
10,11,28079017,14,8
10,11,28079018,14,6
10,11,28079024,14,18
10,11,28079027,14,7
10,11,28079035,14,5
10,11,28079039,14,4
10,11,28079049,14,1
10,11,28079054,14,4
10,11,28079056,14,6
10,11,28079058,14,4
10,11,28079059,14,5
10,11,28079060,14,2
10,11,28079008,20,7.3
10,11,28079011,20,8.1
10,11,28079018,20,1.5
10,11,28079024,20,1.3
10,11,28079038,20,3.3
10,11,28079055,20,1
10,11,28079008,30,2.6
10,11,28079011,30,3.5
10,11,28079018,30,0.4
10,11,28079024,30,0.9
10,11,28079038,30,1.2
10,11,28079055,30,0.2
10,11,28079008,35,2
10,11,28079011,35,1.4
10,11,28079018,35,0.3
10,11,28079024,35,0.5
10,11,28079038,35,0.7
10,11,28079055,35,1
10,11,28079024,42,1.38
10,11,28079027,42,1.49
10,11,28079055,42,1.85
10,11,28079024,44,0.24
10,11,28079027,44,0.21
10,11,28079055,44,0.28
10,12,28079004,01,4
10,12,28079008,01,5
10,12,28079017,01,4
10,12,28079018,01,7
10,12,28079024,01,2
10,12,28079035,01,4
10,12,28079036,01,4
10,12,28079038,01,4
10,12,28079040,01,7
10,12,28079057,01,8
10,12,28079004,06,0.3
10,12,28079008,06,0.4
10,12,28079016,06,0.9
10,12,28079018,06,0.3
10,12,28079024,06,0.2
10,12,28079035,06,0.4
10,12,28079036,06,0.5
10,12,28079039,06,0.4
10,12,28079056,06,0.3
10,12,28079057,06,0.7
10,12,28079004,07,27
10,12,28079008,07,56
10,12,28079011,07,79
10,12,28079016,07,178
10,12,28079017,07,41
10,12,28079018,07,13
10,12,28079024,07,4
10,12,28079027,07,88
10,12,28079035,07,26
10,12,28079036,07,84
10,12,28079038,07,47
10,12,28079039,07,57
10,12,28079040,07,98
10,12,28079047,07,18
10,12,28079048,07,57
10,12,28079049,07,12
10,12,28079050,07,97
10,12,28079054,07,85
10,12,28079055,07,105
10,12,28079056,07,35
10,12,28079057,07,101
10,12,28079058,07,29
10,12,28079059,07,88
10,12,28079060,07,71
10,12,28079004,08,40
10,12,28079008,08,48
10,12,28079011,08,65
10,12,28079016,08,84
10,12,28079017,08,40
10,12,28079018,08,32
10,12,28079024,08,13
10,12,28079027,08,65
10,12,28079035,08,34
10,12,28079036,08,55
10,12,28079038,08,43
10,12,28079039,08,54
10,12,28079040,08,61
10,12,28079047,08,35
10,12,28079048,08,52
10,12,28079049,08,31
10,12,28079050,08,67
10,12,28079054,08,40
10,12,28079055,08,69
10,12,28079056,08,47
10,12,28079057,08,66
10,12,28079058,08,35
10,12,28079059,08,24
10,12,28079060,08,59
10,12,28079008,09,13
10,12,28079024,09,8
10,12,28079038,09,14
10,12,28079047,09,7
10,12,28079048,09,15
10,12,28079050,09,18
10,12,28079008,10,8
10,12,28079018,10,6
10,12,28079024,10,4
10,12,28079036,10,27
10,12,28079038,10,10
10,12,28079040,10,19
10,12,28079047,10,4
10,12,28079048,10,23
10,12,28079050,10,23
10,12,28079055,10,35
10,12,28079057,10,28
10,12,28079060,10,44
10,12,28079008,14,9
10,12,28079016,14,5
10,12,28079017,14,14
10,12,28079018,14,15
10,12,28079024,14,26
10,12,28079027,14,8
10,12,28079035,14,8
10,12,28079039,14,6
10,12,28079049,14,8
10,12,28079054,14,6
10,12,28079056,14,14
10,12,28079058,14,8
10,12,28079059,14,5
10,12,28079060,14,5
10,12,28079008,20,6.7
10,12,28079011,20,9.1
10,12,28079018,20,1.5
10,12,28079024,20,1.2
10,12,28079038,20,4.1
10,12,28079055,20,1
10,12,28079008,30,2.1
10,12,28079011,30,3.2
10,12,28079018,30,0.4
10,12,28079024,30,0.6
10,12,28079038,30,1.2
10,12,28079055,30,0.2
10,12,28079008,35,1.6
10,12,28079011,35,1
10,12,28079018,35,0.4
10,12,28079024,35,0.5
10,12,28079038,35,1.4
10,12,28079055,35,1
10,12,28079024,42,1.37
10,12,28079027,42,1.53
10,12,28079055,42,1.87
10,12,28079024,44,0.24
10,12,28079027,44,0.22
10,12,28079055,44,0.28
10,13,28079004,01,5
10,13,28079008,01,6
10,13,28079017,01,4
10,13,28079018,01,8
10,13,28079024,01,2
10,13,28079035,01,5
10,13,28079036,01,4
10,13,28079038,01,6
10,13,28079040,01,4
10,13,28079057,01,7
10,13,28079004,06,0.4
10,13,28079008,06,0.5
10,13,28079016,06,0.8
10,13,28079018,06,0.3
10,13,28079024,06,0.3
10,13,28079035,06,0.3
10,13,28079036,06,0.5
10,13,28079039,06,0.3
10,13,28079056,06,0.3
10,13,28079057,06,0.6
10,13,28079004,07,34
10,13,28079008,07,57
10,13,28079011,07,94
10,13,28079016,07,146
10,13,28079017,07,56
10,13,28079018,07,13
10,13,28079024,07,13
10,13,28079027,07,101
10,13,28079035,07,20
10,13,28079036,07,47
10,13,28079038,07,59
10,13,28079039,07,40
10,13,28079040,07,37
10,13,28079047,07,22
10,13,28079048,07,51
10,13,28079049,07,16
10,13,28079050,07,106
10,13,28079054,07,44
10,13,28079055,07,98
10,13,28079056,07,28
10,13,28079057,07,86
10,13,28079058,07,17
10,13,28079059,07,90
10,13,28079060,07,44
10,13,28079004,08,41
10,13,28079008,08,49
10,13,28079011,08,68
10,13,28079016,08,77
10,13,28079017,08,40
10,13,28079018,08,30
10,13,28079024,08,19
10,13,28079027,08,64
10,13,28079035,08,28
10,13,28079036,08,40
10,13,28079038,08,53
10,13,28079039,08,48
10,13,28079040,08,50
10,13,28079047,08,31
10,13,28079048,08,53
10,13,28079049,08,32
10,13,28079050,08,67
10,13,28079054,08,33
10,13,28079055,08,67
10,13,28079056,08,35
10,13,28079057,08,60
10,13,28079058,08,28
10,13,28079059,08,26
10,13,28079060,08,51
10,13,28079008,09,12
10,13,28079024,09,4
10,13,28079038,09,8
10,13,28079047,09,5
10,13,28079048,09,1
10,13,28079050,09,21
10,13,28079008,10,8
10,13,28079018,10,8
10,13,28079024,10,4
10,13,28079036,10,13
10,13,28079038,10,10
10,13,28079040,10,10
10,13,28079047,10,6
10,13,28079048,10,7
10,13,28079050,10,35
10,13,28079055,10,25
10,13,28079057,10,22
10,13,28079060,10,4
10,13,28079008,14,15
10,13,28079016,14,6
10,13,28079017,14,19
10,13,28079018,14,23
10,13,28079024,14,17
10,13,28079027,14,8
10,13,28079035,14,23
10,13,28079039,14,14
10,13,28079049,14,11
10,13,28079054,14,11
10,13,28079056,14,17
10,13,28079058,14,16
10,13,28079059,14,6
10,13,28079060,14,10
10,13,28079008,20,6.6
10,13,28079011,20,10
10,13,28079018,20,1.4
10,13,28079024,20,1
10,13,28079038,20,3.5
10,13,28079055,20,1
10,13,28079008,30,2
10,13,28079011,30,3.7
10,13,28079018,30,0.3
10,13,28079024,30,0.6
10,13,28079038,30,1.1
10,13,28079055,30,0.2
10,13,28079008,35,1.7
10,13,28079011,35,1.1
10,13,28079018,35,1
10,13,28079024,35,0.6
10,13,28079038,35,0.9
10,13,28079055,35,1
10,13,28079024,42,1.39
10,13,28079027,42,1.55
10,13,28079055,42,1.87
10,13,28079024,44,0.26
10,13,28079027,44,0.22
10,13,28079055,44,0.27
10,14,28079004,01,7
10,14,28079008,01,11
10,14,28079017,01,4
10,14,28079018,01,8
10,14,28079024,01,2
10,14,28079035,01,9
10,14,28079036,01,10
10,14,28079038,01,10
10,14,28079040,01,6
10,14,28079057,01,7
10,14,28079004,06,0.7
10,14,28079008,06,0.8
10,14,28079016,06,0.7
10,14,28079018,06,0.4
10,14,28079024,06,0.3
10,14,28079035,06,0.6
10,14,28079036,06,0.8
10,14,28079039,06,0.5
10,14,28079056,06,0.3
10,14,28079057,06,0.5
10,14,28079004,07,84
10,14,28079008,07,139
10,14,28079011,07,122
10,14,28079016,07,112
10,14,28079017,07,24
10,14,28079018,07,24
10,14,28079024,07,18
10,14,28079027,07,86
10,14,28079035,07,77
10,14,28079036,07,104
10,14,28079038,07,126
10,14,28079039,07,86
10,14,28079040,07,82
10,14,28079047,07,56
10,14,28079048,07,136
10,14,28079049,07,94
10,14,28079050,07,100
10,14,28079054,07,110
10,14,28079055,07,84
10,14,28079056,07,42
10,14,28079057,07,60
10,14,28079058,07,26
10,14,28079059,07,69
10,14,28079060,07,61
10,14,28079004,08,67
10,14,28079008,08,75
10,14,28079011,08,77
10,14,28079016,08,75
10,14,28079017,08,40
10,14,28079018,08,42
10,14,28079024,08,30
10,14,28079027,08,68
10,14,28079035,08,59
10,14,28079036,08,52
10,14,28079038,08,78
10,14,28079039,08,65
10,14,28079040,08,66
10,14,28079047,08,52
10,14,28079048,08,82
10,14,28079049,08,68
10,14,28079050,08,66
10,14,28079054,08,49
10,14,28079055,08,67
10,14,28079056,08,50
10,14,28079057,08,55
10,14,28079058,08,30
10,14,28079059,08,31
10,14,28079060,08,56
10,14,28079008,09,32
10,14,28079024,09,7
10,14,28079038,09,27
10,14,28079047,09,14
10,14,28079048,09,26
10,14,28079050,09,31
10,14,28079008,10,18
10,14,28079018,10,12
10,14,28079024,10,8
10,14,28079036,10,27
10,14,28079038,10,36
10,14,28079040,10,22
10,14,28079047,10,18
10,14,28079048,10,37
10,14,28079050,10,31
10,14,28079055,10,20
10,14,28079057,10,22
10,14,28079060,10,15
10,14,28079008,14,9
10,14,28079016,14,7
10,14,28079017,14,23
10,14,28079018,14,20
10,14,28079024,14,27
10,14,28079027,14,10
10,14,28079035,14,15
10,14,28079039,14,12
10,14,28079049,14,3
10,14,28079054,14,10
10,14,28079056,14,21
10,14,28079058,14,18
10,14,28079059,14,6
10,14,28079060,14,9
10,14,28079008,20,8.7
10,14,28079011,20,9
10,14,28079018,20,2.9
10,14,28079024,20,1.6
10,14,28079038,20,5.7
10,14,28079055,20,6.7
10,14,28079008,30,2.7
10,14,28079011,30,3.8
10,14,28079018,30,0.5
10,14,28079024,30,0.7
10,14,28079038,30,1.3
10,14,28079055,30,5
10,14,28079008,35,2.9
10,14,28079011,35,2
10,14,28079018,35,0.5
10,14,28079024,35,0.6
10,14,28079038,35,1.1
10,14,28079055,35,8
10,14,28079024,42,1.4
10,14,28079027,42,1.47
10,14,28079055,42,1.75
10,14,28079024,44,0.27
10,14,28079027,44,0.2
10,14,28079055,44,0.23
10,15,28079004,01,10
10,15,28079008,01,14
10,15,28079017,01,4
10,15,28079018,01,10
10,15,28079024,01,5
10,15,28079035,01,11
10,15,28079036,01,19
10,15,28079038,01,10
10,15,28079040,01,7
10,15,28079057,01,7
10,15,28079004,06,1.1
10,15,28079008,06,0.9
10,15,28079016,06,0.5
10,15,28079018,06,0.6
10,15,28079024,06,0.6
10,15,28079035,06,1
10,15,28079036,06,0.6
10,15,28079039,06,0.6
10,15,28079056,06,0.7
10,15,28079057,06,0.5
10,15,28079004,07,165
10,15,28079008,07,158
10,15,28079011,07,96
10,15,28079016,07,94
10,15,28079017,07,27
10,15,28079018,07,95
10,15,28079024,07,81
10,15,28079027,07,55
10,15,28079035,07,158
10,15,28079036,07,106
10,15,28079038,07,144
10,15,28079039,07,84
10,15,28079040,07,105
10,15,28079047,07,140
10,15,28079048,07,128
10,15,28079049,07,127
10,15,28079050,07,81
10,15,28079054,07,114
10,15,28079055,07,67
10,15,28079056,07,144
10,15,28079057,07,47
10,15,28079058,07,42
10,15,28079059,07,60
10,15,28079060,07,49
10,15,28079004,08,93
10,15,28079008,08,80
10,15,28079011,08,72
10,15,28079016,08,69
10,15,28079017,08,41
10,15,28079018,08,70
10,15,28079024,08,63
10,15,28079027,08,63
10,15,28079035,08,88
10,15,28079036,08,62
10,15,28079038,08,84
10,15,28079039,08,67
10,15,28079040,08,71
10,15,28079047,08,72
10,15,28079048,08,79
10,15,28079049,08,76
10,15,28079050,08,63
10,15,28079054,08,52
10,15,28079055,08,66
10,15,28079056,08,96
10,15,28079057,08,53
10,15,28079058,08,51
10,15,28079059,08,40
10,15,28079060,08,55
10,15,28079008,09,40
10,15,28079024,09,24
10,15,28079038,09,36
10,15,28079047,09,32
10,15,28079048,09,37
10,15,28079050,09,29
10,15,28079008,10,25
10,15,28079018,10,26
10,15,28079024,10,27
10,15,28079036,10,29
10,15,28079038,10,42
10,15,28079040,10,32
10,15,28079047,10,37
10,15,28079048,10,46
10,15,28079050,10,32
10,15,28079055,10,21
10,15,28079057,10,20
10,15,28079060,10,17
10,15,28079008,14,7
10,15,28079016,14,6
10,15,28079017,14,24
10,15,28079018,14,9
10,15,28079024,14,13
10,15,28079027,14,13
10,15,28079035,14,6
10,15,28079039,14,9
10,15,28079049,14,2
10,15,28079054,14,9
10,15,28079056,14,9
10,15,28079058,14,15
10,15,28079059,14,9
10,15,28079060,14,12
10,15,28079008,20,14.4
10,15,28079011,20,8.5
10,15,28079018,20,3
10,15,28079024,20,2.8
10,15,28079038,20,11
10,15,28079055,20,6.5
10,15,28079008,30,3.8
10,15,28079011,30,3.6
10,15,28079018,30,0.5
10,15,28079024,30,0.8
10,15,28079038,30,2.1
10,15,28079055,30,2.4
10,15,28079008,35,5
10,15,28079011,35,1.9
10,15,28079018,35,0.3
10,15,28079024,35,0.6
10,15,28079038,35,2.2
10,15,28079055,35,3.3
10,15,28079024,42,1.62
10,15,28079027,42,1.41
10,15,28079055,42,1.69
10,15,28079024,44,0.38
10,15,28079027,44,0.19
10,15,28079055,44,0.22
10,16,28079004,01,10
10,16,28079008,01,12
10,16,28079017,01,5
10,16,28079018,01,10
10,16,28079024,01,5
10,16,28079035,01,12
10,16,28079036,01,27
10,16,28079038,01,11
10,16,28079040,01,6
10,16,28079057,01,7
10,16,28079004,06,0.9
10,16,28079008,06,0.7
10,16,28079016,06,0.7
10,16,28079018,06,0.7
10,16,28079024,06,0.6
10,16,28079035,06,0.8
10,16,28079036,06,0.7
10,16,28079039,06,0.6
10,16,28079056,06,0.6
10,16,28079057,06,0.5
10,16,28079004,07,145
10,16,28079008,07,118
10,16,28079011,07,100
10,16,28079016,07,87
10,16,28079017,07,58
10,16,28079018,07,102
10,16,28079024,07,90
10,16,28079027,07,50
10,16,28079035,07,126
10,16,28079036,07,80
10,16,28079038,07,135
10,16,28079039,07,99
10,16,28079040,07,81
10,16,28079047,07,105
10,16,28079048,07,113
10,16,28079049,07,97
10,16,28079050,07,88
10,16,28079054,07,83
10,16,28079055,07,58
10,16,28079056,07,135
10,16,28079057,07,58
10,16,28079058,07,53
10,16,28079059,07,58
10,16,28079060,07,48
10,16,28079004,08,89
10,16,28079008,08,72
10,16,28079011,08,78
10,16,28079016,08,74
10,16,28079017,08,58
10,16,28079018,08,78
10,16,28079024,08,69
10,16,28079027,08,59
10,16,28079035,08,80
10,16,28079036,08,55
10,16,28079038,08,87
10,16,28079039,08,80
10,16,28079040,08,71
10,16,28079047,08,69
10,16,28079048,08,79
10,16,28079049,08,71
10,16,28079050,08,72
10,16,28079054,08,50
10,16,28079055,08,59
10,16,28079056,08,95
10,16,28079057,08,60
10,16,28079058,08,62
10,16,28079059,08,42
10,16,28079060,08,59
10,16,28079008,09,30
10,16,28079024,09,26
10,16,28079038,09,33
10,16,28079047,09,28
10,16,28079048,09,30
10,16,28079050,09,29
10,16,28079008,10,20
10,16,28079018,10,35
10,16,28079024,10,31
10,16,28079036,10,26
10,16,28079038,10,39
10,16,28079040,10,30
10,16,28079047,10,34
10,16,28079048,10,41
10,16,28079050,10,38
10,16,28079055,10,16
10,16,28079057,10,27
10,16,28079060,10,20
10,16,28079008,14,8
10,16,28079016,14,9
10,16,28079017,14,8
10,16,28079018,14,5
10,16,28079024,14,9
10,16,28079027,14,18
10,16,28079035,14,6
10,16,28079039,14,7
10,16,28079049,14,2
10,16,28079054,14,11
10,16,28079056,14,7
10,16,28079058,14,13
10,16,28079059,14,11
10,16,28079060,14,11
10,16,28079008,20,10.5
10,16,28079011,20,8.2
10,16,28079018,20,5.4
10,16,28079024,20,6.1
10,16,28079038,20,9.5
10,16,28079055,20,5.3
10,16,28079008,30,3.3
10,16,28079011,30,3.7
10,16,28079018,30,0.8
10,16,28079024,30,1.3
10,16,28079038,30,1.9
10,16,28079055,30,1.1
10,16,28079008,35,4
10,16,28079011,35,1.9
10,16,28079018,35,0.6
10,16,28079024,35,0.8
10,16,28079038,35,1.9
10,16,28079055,35,1.1
10,16,28079024,42,1.66
10,16,28079027,42,1.45
10,16,28079055,42,1.69
10,16,28079024,44,0.38
10,16,28079027,44,0.21
10,16,28079055,44,0.22
10,17,28079004,01,9
10,17,28079008,01,11
10,17,28079017,01,4
10,17,28079018,01,8
10,17,28079024,01,3
10,17,28079035,01,9
10,17,28079036,01,30
10,17,28079038,01,10
10,17,28079040,01,6
10,17,28079057,01,7
10,17,28079004,06,0.8
10,17,28079008,06,0.7
10,17,28079016,06,0.6
10,17,28079018,06,0.4
10,17,28079024,06,0.3
10,17,28079035,06,0.6
10,17,28079036,06,0.6
10,17,28079039,06,0.6
10,17,28079056,06,0.3
10,17,28079057,06,0.6
10,17,28079004,07,112
10,17,28079008,07,106
10,17,28079011,07,128
10,17,28079016,07,77
10,17,28079017,07,21
10,17,28079018,07,27
10,17,28079024,07,21
10,17,28079027,07,59
10,17,28079035,07,73
10,17,28079036,07,71
10,17,28079038,07,100
10,17,28079039,07,110
10,17,28079040,07,58
10,17,28079047,07,57
10,17,28079048,07,100
10,17,28079049,07,85
10,17,28079050,07,110
10,17,28079054,07,71
10,17,28079055,07,67
10,17,28079056,07,64
10,17,28079057,07,63
10,17,28079058,07,53
10,17,28079060,07,69
10,17,28079004,08,80
10,17,28079008,08,71
10,17,28079011,08,90
10,17,28079016,08,73
10,17,28079017,08,43
10,17,28079018,08,50
10,17,28079024,08,26
10,17,28079027,08,70
10,17,28079035,08,69
10,17,28079036,08,54
10,17,28079038,08,83
10,17,28079039,08,89
10,17,28079040,08,69
10,17,28079047,08,59
10,17,28079048,08,79
10,17,28079049,08,70
10,17,28079050,08,88
10,17,28079054,08,55
10,17,28079055,08,70
10,17,28079056,08,64
10,17,28079057,08,73
10,17,28079058,08,61
10,17,28079060,08,76
10,17,28079008,09,26
10,17,28079024,09,12
10,17,28079038,09,26
10,17,28079047,09,19
10,17,28079048,09,33
10,17,28079050,09,32
10,17,28079008,10,18
10,17,28079018,10,21
10,17,28079024,10,16
10,17,28079036,10,32
10,17,28079038,10,34
10,17,28079040,10,26
10,17,28079047,10,25
10,17,28079048,10,46
10,17,28079050,10,43
10,17,28079055,10,25
10,17,28079057,10,30
10,17,28079060,10,30
10,17,28079008,14,6
10,17,28079016,14,7
10,17,28079017,14,24
10,17,28079018,14,18
10,17,28079024,14,35
10,17,28079027,14,13
10,17,28079035,14,6
10,17,28079039,14,4
10,17,28079049,14,2
10,17,28079054,14,10
10,17,28079056,14,16
10,17,28079058,14,9
10,17,28079060,14,4
10,17,28079008,20,8.6
10,17,28079011,20,9.8
10,17,28079018,20,3.4
10,17,28079024,20,5.7
10,17,28079038,20,9.9
10,17,28079055,20,6.6
10,17,28079008,30,2.8
10,17,28079011,30,3.9
10,17,28079018,30,0.6
10,17,28079024,30,1.5
10,17,28079038,30,1.8
10,17,28079055,30,1.2
10,17,28079008,35,3.5
10,17,28079011,35,2.9
10,17,28079018,35,0.4
10,17,28079024,35,0.9
10,17,28079038,35,2
10,17,28079055,35,1.3
10,17,28079024,42,1.42
10,17,28079027,42,1.49
10,17,28079055,42,1.78
10,17,28079024,44,0.26
10,17,28079027,44,0.22
10,17,28079055,44,0.25
10,18,28079004,01,6
10,18,28079008,01,8
10,18,28079017,01,4
10,18,28079018,01,8
10,18,28079024,01,2
10,18,28079035,01,7
10,18,28079036,01,17
10,18,28079038,01,8
10,18,28079040,01,5
10,18,28079057,01,8
10,18,28079004,06,0.5
10,18,28079008,06,0.6
10,18,28079016,06,0.7
10,18,28079018,06,0.4
10,18,28079024,06,0.2
10,18,28079035,06,0.4
10,18,28079036,06,0.6
10,18,28079039,06,0.8
10,18,28079056,06,0.4
10,18,28079057,06,0.6
10,18,28079004,07,37
10,18,28079008,07,96
10,18,28079011,07,110
10,18,28079016,07,137
10,18,28079017,07,23
10,18,28079018,07,21
10,18,28079024,07,2
10,18,28079027,07,67
10,18,28079035,07,22
10,18,28079036,07,83
10,18,28079038,07,61
10,18,28079039,07,148
10,18,28079040,07,44
10,18,28079047,07,17
10,18,28079048,07,70
10,18,28079049,07,49
10,18,28079050,07,148
10,18,28079054,07,18
10,18,28079055,07,106
10,18,28079056,07,72
10,18,28079057,07,79
10,18,28079058,07,18
10,18,28079059,07,66
10,18,28079060,07,96
10,18,28079004,08,62
10,18,28079008,08,72
10,18,28079011,08,87
10,18,28079016,08,86
10,18,28079017,08,52
10,18,28079018,08,60
10,18,28079024,08,21
10,18,28079027,08,72
10,18,28079035,08,53
10,18,28079036,08,62
10,18,28079038,08,75
10,18,28079039,08,100
10,18,28079040,08,69
10,18,28079047,08,51
10,18,28079048,08,73
10,18,28079049,08,60
10,18,28079050,08,99
10,18,28079054,08,45
10,18,28079055,08,81
10,18,28079056,08,77
10,18,28079057,08,82
10,18,28079058,08,46
10,18,28079059,08,47
10,18,28079060,08,89
10,18,28079008,09,18
10,18,28079024,09,4
10,18,28079038,09,12
10,18,28079047,09,9
10,18,28079048,09,20
10,18,28079050,09,30
10,18,28079008,10,16
10,18,28079018,10,13
10,18,28079024,10,6
10,18,28079036,10,25
10,18,28079038,10,22
10,18,28079040,10,17
10,18,28079047,10,11
10,18,28079048,10,28
10,18,28079050,10,51
10,18,28079055,10,26
10,18,28079057,10,29
10,18,28079060,10,30
10,18,28079008,14,5
10,18,28079016,14,4
10,18,28079017,14,16
10,18,28079018,14,9
10,18,28079024,14,32
10,18,28079027,14,9
10,18,28079035,14,12
10,18,28079039,14,3
10,18,28079049,14,1
10,18,28079054,14,15
10,18,28079056,14,11
10,18,28079058,14,10
10,18,28079059,14,4
10,18,28079060,14,2
10,18,28079008,20,8.9
10,18,28079011,20,11
10,18,28079018,20,4
10,18,28079024,20,2.3
10,18,28079038,20,7.6
10,18,28079055,20,6.4
10,18,28079008,30,3
10,18,28079011,30,4.1
10,18,28079018,30,0.4
10,18,28079024,30,0.8
10,18,28079038,30,1.4
10,18,28079055,30,1.2
10,18,28079008,35,3.4
10,18,28079011,35,3.7
10,18,28079018,35,0.3
10,18,28079024,35,0.7
10,18,28079038,35,1.6
10,18,28079055,35,1.4
10,18,28079024,42,1.34
10,18,28079027,42,1.47
10,18,28079055,42,1.82
10,18,28079024,44,0.23
10,18,28079027,44,0.2
10,18,28079055,44,0.26
10,19,28079004,01,6
10,19,28079008,01,7
10,19,28079017,01,5
10,19,28079018,01,8
10,19,28079024,01,2
10,19,28079035,01,6
10,19,28079036,01,10
10,19,28079038,01,7
10,19,28079040,01,6
10,19,28079057,01,10
10,19,28079004,06,0.5
10,19,28079008,06,0.6
10,19,28079016,06,1.1
10,19,28079018,06,0.6
10,19,28079024,06,0.2
10,19,28079035,06,0.4
10,19,28079036,06,0.7
10,19,28079039,06,0.8
10,19,28079056,06,0.7
10,19,28079057,06,0.8
10,19,28079004,07,56
10,19,28079008,07,92
10,19,28079011,07,171
10,19,28079016,07,183
10,19,28079017,07,61
10,19,28079018,07,45
10,19,28079024,07,1
10,19,28079027,07,95
10,19,28079035,07,20
10,19,28079036,07,117
10,19,28079038,07,72
10,19,28079039,07,160
10,19,28079040,07,54
10,19,28079047,07,52
10,19,28079048,07,55
10,19,28079049,07,15
10,19,28079050,07,141
10,19,28079054,07,87
10,19,28079055,07,118
10,19,28079056,07,143
10,19,28079057,07,149
10,19,28079058,07,33
10,19,28079059,07,71
10,19,28079060,07,127
10,19,28079004,08,71
10,19,28079008,08,75
10,19,28079011,08,103
10,19,28079016,08,98
10,19,28079017,08,75
10,19,28079018,08,78
10,19,28079024,08,25
10,19,28079027,08,75
10,19,28079035,08,55
10,19,28079036,08,61
10,19,28079038,08,81
10,19,28079039,08,102
10,19,28079040,08,83
10,19,28079047,08,71
10,19,28079048,08,72
10,19,28079049,08,53
10,19,28079050,08,97
10,19,28079054,08,69
10,19,28079055,08,77
10,19,28079056,08,109
10,19,28079057,08,98
10,19,28079058,08,37
10,19,28079059,08,40
10,19,28079060,08,95
10,19,28079008,09,11
10,19,28079024,09,4
10,19,28079038,09,8
10,19,28079047,09,7
10,19,28079048,09,6
10,19,28079050,09,27
10,19,28079008,10,9
10,19,28079018,10,17
10,19,28079024,10,6
10,19,28079036,10,12
10,19,28079038,10,16
10,19,28079040,10,13
10,19,28079047,10,12
10,19,28079048,10,9
10,19,28079050,10,40
10,19,28079055,10,14
10,19,28079057,10,28
10,19,28079060,10,24
10,19,28079008,14,4
10,19,28079016,14,4
10,19,28079017,14,4
10,19,28079018,14,3
10,19,28079024,14,28
10,19,28079027,14,7
10,19,28079035,14,12
10,19,28079039,14,6
10,19,28079049,14,1
10,19,28079054,14,6
10,19,28079056,14,4
10,19,28079058,14,5
10,19,28079059,14,3
10,19,28079060,14,1
10,19,28079008,20,8.8
10,19,28079011,20,9.9
10,19,28079018,20,3.6
10,19,28079024,20,1.4
10,19,28079038,20,5.5
10,19,28079055,20,5.7
10,19,28079008,30,3
10,19,28079011,30,3.7
10,19,28079018,30,0.5
10,19,28079024,30,0.5
10,19,28079038,30,1.3
10,19,28079055,30,1.2
10,19,28079008,35,2.6
10,19,28079011,35,2.8
10,19,28079018,35,0.2
10,19,28079024,35,0.6
10,19,28079038,35,1.1
10,19,28079055,35,1.1
10,19,28079024,42,1.35
10,19,28079027,42,1.49
10,19,28079055,42,1.72
10,19,28079024,44,0.24
10,19,28079027,44,0.22
10,19,28079055,44,0.23
10,2,28079004,01,6
10,2,28079008,01,3
10,2,28079017,01,3
10,2,28079018,01,8
10,2,28079024,01,2
10,2,28079035,01,4
10,2,28079036,01,3
10,2,28079038,01,3
10,2,28079040,01,3
10,2,28079057,01,6
10,2,28079004,06,0.6
10,2,28079008,06,0.3
10,2,28079016,06,0.5
10,2,28079018,06,0.5
10,2,28079024,06,0.4
10,2,28079035,06,0.4
10,2,28079036,06,0.3
10,2,28079039,06,0.4
10,2,28079056,06,0.4
10,2,28079057,06,0.5
10,2,28079004,07,110
10,2,28079008,07,19
10,2,28079011,07,8
10,2,28079016,07,63
10,2,28079017,07,18
10,2,28079018,07,43
10,2,28079024,07,34
10,2,28079027,07,66
10,2,28079035,07,28
10,2,28079036,07,12
10,2,28079038,07,13
10,2,28079039,07,29
10,2,28079040,07,15
10,2,28079047,07,22
10,2,28079048,07,10
10,2,28079049,07,12
10,2,28079050,07,18
10,2,28079054,07,9
10,2,28079055,07,75
10,2,28079056,07,60
10,2,28079057,07,49
10,2,28079058,07,29
10,2,28079059,07,54
10,2,28079060,07,54
10,2,28079004,08,52
10,2,28079008,08,39
10,2,28079011,08,38
10,2,28079016,08,60
10,2,28079017,08,39
10,2,28079018,08,51
10,2,28079024,08,44
10,2,28079027,08,52
10,2,28079035,08,43
10,2,28079036,08,33
10,2,28079038,08,43
10,2,28079039,08,54
10,2,28079040,08,46
10,2,28079047,08,41
10,2,28079048,08,37
10,2,28079049,08,38
10,2,28079050,08,43
10,2,28079054,08,30
10,2,28079055,08,58
10,2,28079056,08,57
10,2,28079057,08,61
10,2,28079058,08,39
10,2,28079059,08,32
10,2,28079060,08,63
10,2,28079008,09,12
10,2,28079024,09,17
10,2,28079038,09,10
10,2,28079047,09,11
10,2,28079048,09,10
10,2,28079050,09,9
10,2,28079008,10,7
10,2,28079018,10,26
10,2,28079024,10,28
10,2,28079036,10,12
10,2,28079038,10,11
10,2,28079040,10,11
10,2,28079047,10,11
10,2,28079048,10,17
10,2,28079050,10,11
10,2,28079055,10,34
10,2,28079057,10,33
10,2,28079060,10,24
10,2,28079008,14,7
10,2,28079016,14,4
10,2,28079017,14,3
10,2,28079018,14,2
10,2,28079024,14,3
10,2,28079027,14,7
10,2,28079035,14,5
10,2,28079039,14,3
10,2,28079049,14,3
10,2,28079054,14,4
10,2,28079056,14,3
10,2,28079058,14,2
10,2,28079059,14,3
10,2,28079060,14,1
10,2,28079008,20,5.1
10,2,28079011,20,6.5
10,2,28079018,20,2.3
10,2,28079024,20,2.9
10,2,28079038,20,4.9
10,2,28079055,20,1
10,2,28079008,30,1.6
10,2,28079011,30,3
10,2,28079018,30,0.4
10,2,28079024,30,1
10,2,28079038,30,0.8
10,2,28079055,30,1
10,2,28079008,35,1.2
10,2,28079011,35,0.9
10,2,28079018,35,0.2
10,2,28079024,35,0.5
10,2,28079038,35,0.6
10,2,28079055,35,0.7
10,2,28079024,42,1.49
10,2,28079027,42,1.52
10,2,28079055,42,1.83
10,2,28079024,44,0.3
10,2,28079027,44,0.21
10,2,28079055,44,0.23
10,20,28079004,01,7
10,20,28079008,01,6
10,20,28079017,01,7
10,20,28079018,01,9
10,20,28079024,01,2
10,20,28079035,01,6
10,20,28079036,01,16
10,20,28079038,01,8
10,20,28079040,01,9
10,20,28079057,01,13
10,20,28079004,06,0.7
10,20,28079008,06,0.7
10,20,28079016,06,1.5
10,20,28079018,06,0.9
10,20,28079024,06,0.3
10,20,28079035,06,0.4
10,20,28079036,06,1.3
10,20,28079039,06,1
10,20,28079056,06,1.4
10,20,28079057,06,1.2
10,20,28079004,07,104
10,20,28079008,07,80
10,20,28079011,07,260
10,20,28079016,07,256
10,20,28079017,07,184
10,20,28079018,07,79
10,20,28079024,07,4
10,20,28079027,07,166
10,20,28079035,07,20
10,20,28079036,07,281
10,20,28079038,07,116
10,20,28079039,07,202
10,20,28079040,07,190
10,20,28079047,07,97
10,20,28079048,07,74
10,20,28079049,07,11
10,20,28079050,07,187
10,20,28079054,07,339
10,20,28079055,07,206
10,20,28079056,07,388
10,20,28079057,07,264
10,20,28079058,07,41
10,20,28079059,07,92
10,20,28079060,07,201
10,20,28079004,08,83
10,20,28079008,08,75
10,20,28079011,08,128
10,20,28079016,08,112
10,20,28079017,08,101
10,20,28079018,08,87
10,20,28079024,08,41
10,20,28079027,08,96
10,20,28079035,08,55
10,20,28079036,08,94
10,20,28079038,08,97
10,20,28079039,08,112
10,20,28079040,08,117
10,20,28079047,08,82
10,20,28079048,08,80
10,20,28079049,08,48
10,20,28079050,08,111
10,20,28079054,08,121
10,20,28079055,08,102
10,20,28079056,08,186
10,20,28079057,08,126
10,20,28079058,08,36
10,20,28079059,08,39
10,20,28079060,08,113
10,20,28079008,09,12
10,20,28079024,09,5
10,20,28079038,09,15
10,20,28079047,09,12
10,20,28079048,09,7
10,20,28079050,09,25
10,20,28079008,10,10
10,20,28079018,10,21
10,20,28079024,10,7
10,20,28079036,10,34
10,20,28079038,10,22
10,20,28079040,10,29
10,20,28079047,10,18
10,20,28079048,10,16
10,20,28079050,10,41
10,20,28079055,10,25
10,20,28079057,10,36
10,20,28079060,10,24
10,20,28079008,14,4
10,20,28079016,14,4
10,20,28079017,14,3
10,20,28079018,14,3
10,20,28079024,14,16
10,20,28079027,14,8
10,20,28079035,14,9
10,20,28079039,14,2
10,20,28079049,14,1
10,20,28079054,14,4
10,20,28079056,14,3
10,20,28079058,14,4
10,20,28079059,14,3
10,20,28079060,14,3
10,20,28079008,20,9.1
10,20,28079011,20,15.3
10,20,28079018,20,7.1
10,20,28079024,20,1.4
10,20,28079038,20,12.9
10,20,28079055,20,6.8
10,20,28079008,30,3.5
10,20,28079011,30,4.7
10,20,28079018,30,1.1
10,20,28079024,30,0.7
10,20,28079038,30,2.6
10,20,28079055,30,1.9
10,20,28079008,35,2.9
10,20,28079011,35,4.6
10,20,28079018,35,0.8
10,20,28079024,35,0.5
10,20,28079038,35,2.4
10,20,28079055,35,1.1
10,20,28079024,42,1.36
10,20,28079027,42,1.52
10,20,28079055,42,1.82
10,20,28079024,44,0.25
10,20,28079027,44,0.25
10,20,28079055,44,0.29
10,21,28079004,01,9
10,21,28079008,01,8
10,21,28079017,01,8
10,21,28079018,01,10
10,21,28079024,01,2
10,21,28079035,01,6
10,21,28079036,01,17
10,21,28079038,01,8
10,21,28079040,01,12
10,21,28079057,01,14
10,21,28079004,06,1.2
10,21,28079008,06,0.8
10,21,28079016,06,1.3
10,21,28079018,06,0.9
10,21,28079024,06,0.3
10,21,28079035,06,0.5
10,21,28079036,06,1.7
10,21,28079039,06,1.4
10,21,28079056,06,1.2
10,21,28079057,06,1.2
10,21,28079004,07,229
10,21,28079008,07,121
10,21,28079011,07,227
10,21,28079016,07,249
10,21,28079017,07,224
10,21,28079018,07,109
10,21,28079024,07,24
10,21,28079027,07,152
10,21,28079035,07,43
10,21,28079036,07,449
10,21,28079038,07,119
10,21,28079039,07,320
10,21,28079040,07,263
10,21,28079047,07,269
10,21,28079048,07,112
10,21,28079049,07,33
10,21,28079050,07,218
10,21,28079054,07,346
10,21,28079055,07,161
10,21,28079056,07,353
10,21,28079057,07,297
10,21,28079058,07,43
10,21,28079059,07,62
10,21,28079060,07,241
10,21,28079004,08,101
10,21,28079008,08,81
10,21,28079011,08,113
10,21,28079016,08,106
10,21,28079017,08,104
10,21,28079018,08,87
10,21,28079024,08,55
10,21,28079027,08,93
10,21,28079035,08,67
10,21,28079036,08,153
10,21,28079038,08,94
10,21,28079039,08,142
10,21,28079040,08,131
10,21,28079047,08,115
10,21,28079048,08,86
10,21,28079049,08,51
10,21,28079050,08,114
10,21,28079054,08,115
10,21,28079055,08,92
10,21,28079056,08,169
10,21,28079057,08,131
10,21,28079058,08,38
10,21,28079059,08,39
10,21,28079060,08,124
10,21,28079008,09,16
10,21,28079024,09,7
10,21,28079038,09,14
10,21,28079047,09,27
10,21,28079048,09,14
10,21,28079050,09,31
10,21,28079008,10,11
10,21,28079018,10,25
10,21,28079024,10,10
10,21,28079036,10,51
10,21,28079038,10,18
10,21,28079040,10,44
10,21,28079047,10,37
10,21,28079048,10,16
10,21,28079050,10,43
10,21,28079055,10,22
10,21,28079057,10,41
10,21,28079060,10,30
10,21,28079008,14,4
10,21,28079016,14,4
10,21,28079017,14,3
10,21,28079018,14,3
10,21,28079024,14,3
10,21,28079027,14,8
10,21,28079035,14,5
10,21,28079039,14,2
10,21,28079049,14,1
10,21,28079054,14,4
10,21,28079056,14,4
10,21,28079058,14,3
10,21,28079059,14,2
10,21,28079060,14,1
10,21,28079008,20,8.3
10,21,28079011,20,18.6
10,21,28079018,20,6.8
10,21,28079024,20,2
10,21,28079038,20,10.7
10,21,28079055,20,6.2
10,21,28079008,30,3.1
10,21,28079011,30,5.3
10,21,28079018,30,1.1
10,21,28079024,30,0.8
10,21,28079038,30,2.8
10,21,28079055,30,1.7
10,21,28079008,35,2.7
10,21,28079011,35,5.3
10,21,28079018,35,0.6
10,21,28079024,35,0.4
10,21,28079038,35,2.2
10,21,28079055,35,1.1
10,21,28079024,42,1.4
10,21,28079027,42,1.51
10,21,28079055,42,1.76
10,21,28079024,44,0.27
10,21,28079027,44,0.25
10,21,28079055,44,0.27
10,22,28079004,01,11
10,22,28079008,01,10
10,22,28079017,01,7
10,22,28079018,01,10
10,22,28079024,01,2
10,22,28079035,01,7
10,22,28079036,01,15
10,22,28079038,01,8
10,22,28079040,01,12
10,22,28079057,01,11
10,22,28079004,06,1.4
10,22,28079008,06,1
10,22,28079016,06,1.1
10,22,28079018,06,0.9
10,22,28079024,06,0.3
10,22,28079035,06,0.6
10,22,28079036,06,1.6
10,22,28079039,06,1.5
10,22,28079056,06,1.1
10,22,28079057,06,1
10,22,28079004,07,320
10,22,28079008,07,201
10,22,28079011,07,224
10,22,28079016,07,179
10,22,28079017,07,163
10,22,28079018,07,116
10,22,28079024,07,32
10,22,28079027,07,176
10,22,28079035,07,90
10,22,28079036,07,364
10,22,28079038,07,103
10,22,28079039,07,360
10,22,28079040,07,250
10,22,28079047,07,205
10,22,28079048,07,66
10,22,28079049,07,88
10,22,28079050,07,138
10,22,28079054,07,103
10,22,28079055,07,218
10,22,28079056,07,278
10,22,28079057,07,192
10,22,28079058,07,50
10,22,28079059,07,64
10,22,28079060,07,222
10,22,28079004,08,105
10,22,28079008,08,94
10,22,28079011,08,110
10,22,28079016,08,92
10,22,28079017,08,90
10,22,28079018,08,76
10,22,28079024,08,43
10,22,28079027,08,91
10,22,28079035,08,68
10,22,28079036,08,149
10,22,28079038,08,82
10,22,28079039,08,141
10,22,28079040,08,123
10,22,28079047,08,97
10,22,28079048,08,72
10,22,28079049,08,50
10,22,28079050,08,88
10,22,28079054,08,64
10,22,28079055,08,92
10,22,28079056,08,138
10,22,28079057,08,104
10,22,28079058,08,33
10,22,28079059,08,33
10,22,28079060,08,118
10,22,28079008,09,24
10,22,28079024,09,10
10,22,28079038,09,15
10,22,28079047,09,24
10,22,28079048,09,11
10,22,28079050,09,25
10,22,28079008,10,15
10,22,28079018,10,25
10,22,28079024,10,12
10,22,28079036,10,56
10,22,28079038,10,17
10,22,28079040,10,45
10,22,28079047,10,31
10,22,28079048,10,27
10,22,28079050,10,33
10,22,28079055,10,28
10,22,28079057,10,30
10,22,28079060,10,47
10,22,28079008,14,4
10,22,28079016,14,4
10,22,28079017,14,3
10,22,28079018,14,4
10,22,28079024,14,3
10,22,28079027,14,8
10,22,28079035,14,3
10,22,28079039,14,2
10,22,28079049,14,1
10,22,28079054,14,3
10,22,28079056,14,4
10,22,28079058,14,2
10,22,28079059,14,2
10,22,28079060,14,1
10,22,28079008,20,10.6
10,22,28079011,20,14.4
10,22,28079018,20,6.6
10,22,28079024,20,2.6
10,22,28079038,20,6.8
10,22,28079055,20,7.3
10,22,28079008,30,3.7
10,22,28079011,30,4.8
10,22,28079018,30,1.2
10,22,28079024,30,0.9
10,22,28079038,30,1.7
10,22,28079055,30,2.2
10,22,28079008,35,4.4
10,22,28079011,35,4.3
10,22,28079018,35,0.6
10,22,28079024,35,0.4
10,22,28079038,35,1.4
10,22,28079055,35,1.2
10,22,28079024,42,1.42
10,22,28079027,42,1.55
10,22,28079055,42,1.85
10,22,28079024,44,0.27
10,22,28079027,44,0.27
10,22,28079055,44,0.33
10,23,28079004,01,7
10,23,28079008,01,5
10,23,28079017,01,4
10,23,28079018,01,9
10,23,28079024,01,2
10,23,28079035,01,5
10,23,28079036,01,14
10,23,28079038,01,6
10,23,28079040,01,10
10,23,28079057,01,9
10,23,28079004,06,0.8
10,23,28079008,06,0.5
10,23,28079016,06,0.9
10,23,28079018,06,0.7
10,23,28079024,06,0.3
10,23,28079035,06,0.5
10,23,28079036,06,0.9
10,23,28079039,06,0.7
10,23,28079056,06,0.6
10,23,28079057,06,0.9
10,23,28079004,07,152
10,23,28079008,07,63
10,23,28079011,07,114
10,23,28079016,07,130
10,23,28079017,07,54
10,23,28079018,07,75
10,23,28079024,07,16
10,23,28079027,07,225
10,23,28079035,07,25
10,23,28079036,07,135
10,23,28079038,07,62
10,23,28079039,07,140
10,23,28079040,07,180
10,23,28079047,07,112
10,23,28079048,07,68
10,23,28079049,07,63
10,23,28079050,07,108
10,23,28079054,07,157
10,23,28079055,07,277
10,23,28079056,07,84
10,23,28079057,07,132
10,23,28079058,07,31
10,23,28079059,07,43
10,23,28079060,07,165
10,23,28079004,08,73
10,23,28079008,08,57
10,23,28079011,08,79
10,23,28079016,08,79
10,23,28079017,08,69
10,23,28079018,08,65
10,23,28079024,08,28
10,23,28079027,08,94
10,23,28079035,08,48
10,23,28079036,08,88
10,23,28079038,08,69
10,23,28079039,08,91
10,23,28079040,08,102
10,23,28079047,08,68
10,23,28079048,08,70
10,23,28079049,08,47
10,23,28079050,08,78
10,23,28079054,08,67
10,23,28079055,08,100
10,23,28079056,08,75
10,23,28079057,08,85
10,23,28079058,08,28
10,23,28079059,08,31
10,23,28079060,08,101
10,23,28079008,09,16
10,23,28079024,09,10
10,23,28079038,09,17
10,23,28079047,09,21
10,23,28079048,09,15
10,23,28079050,09,20
10,23,28079008,10,11
10,23,28079018,10,26
10,23,28079024,10,10
10,23,28079036,10,36
10,23,28079038,10,17
10,23,28079040,10,33
10,23,28079047,10,23
10,23,28079048,10,19
10,23,28079050,10,27
10,23,28079055,10,35
10,23,28079057,10,26
10,23,28079060,10,40
10,23,28079008,14,5
10,23,28079016,14,4
10,23,28079017,14,3
10,23,28079018,14,3
10,23,28079024,14,12
10,23,28079027,14,9
10,23,28079035,14,7
10,23,28079039,14,3
10,23,28079049,14,2
10,23,28079054,14,4
10,23,28079056,14,5
10,23,28079058,14,2
10,23,28079059,14,3
10,23,28079060,14,1
10,23,28079008,20,8.5
10,23,28079011,20,11.7
10,23,28079018,20,5
10,23,28079024,20,2.6
10,23,28079038,20,6.2
10,23,28079055,20,9
10,23,28079008,30,3
10,23,28079011,30,4.4
10,23,28079018,30,1.1
10,23,28079024,30,0.9
10,23,28079038,30,1.6
10,23,28079055,30,2.7
10,23,28079008,35,3.3
10,23,28079011,35,3.3
10,23,28079018,35,0.4
10,23,28079024,35,0.5
10,23,28079038,35,1.3
10,23,28079055,35,1.3
10,23,28079024,42,1.39
10,23,28079027,42,1.66
10,23,28079055,42,1.95
10,23,28079024,44,0.26
10,23,28079027,44,0.35
10,23,28079055,44,0.39
10,24,28079004,01,5
10,24,28079008,01,4
10,24,28079017,01,3
10,24,28079018,01,7
10,24,28079024,01,2
10,24,28079035,01,4
10,24,28079036,01,13
10,24,28079038,01,5
10,24,28079040,01,6
10,24,28079057,01,7
10,24,28079004,06,0.5
10,24,28079008,06,0.4
10,24,28079016,06,0.7
10,24,28079018,06,0.4
10,24,28079024,06,0.2
10,24,28079035,06,0.3
10,24,28079036,06,0.7
10,24,28079039,06,0.5
10,24,28079056,06,0.3
10,24,28079057,06,0.6
10,24,28079004,07,59
10,24,28079008,07,31
10,24,28079011,07,107
10,24,28079016,07,91
10,24,28079017,07,23
10,24,28079018,07,5
10,24,28079024,07,3
10,24,28079027,07,166
10,24,28079035,07,8
10,24,28079036,07,95
10,24,28079038,07,33
10,24,28079039,07,69
10,24,28079040,07,56
10,24,28079047,07,17
10,24,28079048,07,60
10,24,28079049,07,12
10,24,28079050,07,114
10,24,28079054,07,137
10,24,28079055,07,279
10,24,28079056,07,16
10,24,28079057,07,55
10,24,28079058,07,29
10,24,28079059,07,116
10,24,28079060,07,87
10,24,28079004,08,54
10,24,28079008,08,53
10,24,28079011,08,76
10,24,28079016,08,68
10,24,28079017,08,60
10,24,28079018,08,52
10,24,28079024,08,23
10,24,28079027,08,79
10,24,28079035,08,41
10,24,28079036,08,64
10,24,28079038,08,63
10,24,28079039,08,70
10,24,28079040,08,72
10,24,28079047,08,53
10,24,28079048,08,68
10,24,28079049,08,50
10,24,28079050,08,78
10,24,28079054,08,60
10,24,28079055,08,107
10,24,28079056,08,52
10,24,28079057,08,64
10,24,28079058,08,30
10,24,28079059,08,25
10,24,28079060,08,74
10,24,28079008,09,15
10,24,28079024,09,6
10,24,28079038,09,14
10,24,28079047,09,12
10,24,28079048,09,18
10,24,28079050,09,25
10,24,28079008,10,8
10,24,28079018,10,8
10,24,28079024,10,6
10,24,28079036,10,29
10,24,28079038,10,14
10,24,28079040,10,20
10,24,28079047,10,12
10,24,28079048,10,21
10,24,28079050,10,32
10,24,28079055,10,36
10,24,28079057,10,17
10,24,28079060,10,16
10,24,28079008,14,4
10,24,28079016,14,4
10,24,28079017,14,3
10,24,28079018,14,4
10,24,28079024,14,19
10,24,28079027,14,8
10,24,28079035,14,9
10,24,28079039,14,3
10,24,28079049,14,1
10,24,28079054,14,3
10,24,28079056,14,7
10,24,28079058,14,2
10,24,28079059,14,3
10,24,28079060,14,1
10,24,28079008,20,5.7
10,24,28079011,20,12.8
10,24,28079018,20,1.6
10,24,28079024,20,1.4
10,24,28079038,20,4.7
10,24,28079055,20,11.9
10,24,28079008,30,2
10,24,28079011,30,4.1
10,24,28079018,30,0.4
10,24,28079024,30,0.8
10,24,28079038,30,1.5
10,24,28079055,30,2.4
10,24,28079008,35,1.4
10,24,28079011,35,2.6
10,24,28079018,35,0.6
10,24,28079024,35,0.5
10,24,28079038,35,0.9
10,24,28079055,35,1.5
10,24,28079024,42,1.36
10,24,28079027,42,1.53
10,24,28079055,42,2.01
10,24,28079024,44,0.24
10,24,28079027,44,0.25
10,24,28079055,44,0.45
10,3,28079004,01,5
10,3,28079008,01,3
10,3,28079017,01,3
10,3,28079018,01,8
10,3,28079024,01,2
10,3,28079035,01,3
10,3,28079036,01,3
10,3,28079038,01,3
10,3,28079040,01,3
10,3,28079057,01,6
10,3,28079004,06,0.6
10,3,28079008,06,0.3
10,3,28079016,06,0.5
10,3,28079018,06,0.5
10,3,28079024,06,0.4
10,3,28079035,06,0.3
10,3,28079036,06,0.3
10,3,28079039,06,0.3
10,3,28079056,06,0.4
10,3,28079057,06,0.5
10,3,28079004,07,86
10,3,28079008,07,10
10,3,28079011,07,6
10,3,28079016,07,58
10,3,28079017,07,12
10,3,28079018,07,38
10,3,28079024,07,26
10,3,28079027,07,34
10,3,28079035,07,14
10,3,28079036,07,4
10,3,28079038,07,7
10,3,28079039,07,31
10,3,28079040,07,9
10,3,28079047,07,31
10,3,28079048,07,4
10,3,28079049,07,11
10,3,28079050,07,10
10,3,28079054,07,7
10,3,28079055,07,44
10,3,28079056,07,54
10,3,28079057,07,50
10,3,28079058,07,29
10,3,28079059,07,41
10,3,28079060,07,48
10,3,28079004,08,47
10,3,28079008,08,33
10,3,28079011,08,33
10,3,28079016,08,55
10,3,28079017,08,34
10,3,28079018,08,49
10,3,28079024,08,39
10,3,28079027,08,49
10,3,28079035,08,36
10,3,28079036,08,27
10,3,28079038,08,35
10,3,28079039,08,54
10,3,28079040,08,40
10,3,28079047,08,39
10,3,28079048,08,31
10,3,28079049,08,37
10,3,28079050,08,35
10,3,28079054,08,28
10,3,28079055,08,53
10,3,28079056,08,54
10,3,28079057,08,57
10,3,28079058,08,41
10,3,28079059,08,31
10,3,28079060,08,59
10,3,28079008,09,8
10,3,28079024,09,15
10,3,28079038,09,6
10,3,28079047,09,11
10,3,28079048,09,7
10,3,28079050,09,9
10,3,28079008,10,4
10,3,28079018,10,28
10,3,28079024,10,19
10,3,28079036,10,8
10,3,28079038,10,7
10,3,28079040,10,8
10,3,28079047,10,12
10,3,28079048,10,12
10,3,28079050,10,12
10,3,28079055,10,43
10,3,28079057,10,32
10,3,28079060,10,27
10,3,28079008,14,8
10,3,28079016,14,3
10,3,28079017,14,6
10,3,28079018,14,2
10,3,28079024,14,3
10,3,28079027,14,7
10,3,28079035,14,6
10,3,28079039,14,3
10,3,28079049,14,2
10,3,28079054,14,5
10,3,28079056,14,3
10,3,28079058,14,2
10,3,28079059,14,4
10,3,28079060,14,1
10,3,28079008,20,3
10,3,28079011,20,4.2
10,3,28079018,20,1.9
10,3,28079024,20,2.9
10,3,28079038,20,2.3
10,3,28079055,20,1
10,3,28079008,30,0.9
10,3,28079011,30,1.9
10,3,28079018,30,0.4
10,3,28079024,30,1.1
10,3,28079038,30,0.7
10,3,28079055,30,0.9
10,3,28079008,35,0.9
10,3,28079011,35,0.2
10,3,28079018,35,0.2
10,3,28079024,35,0.4
10,3,28079038,35,0.4
10,3,28079055,35,0.7
10,3,28079024,42,1.48
10,3,28079027,42,1.44
10,3,28079055,42,1.75
10,3,28079024,44,0.3
10,3,28079027,44,0.19
10,3,28079055,44,0.21
10,4,28079004,01,5
10,4,28079008,01,3
10,4,28079017,01,3
10,4,28079018,01,8
10,4,28079024,01,2
10,4,28079035,01,4
10,4,28079036,01,5
10,4,28079038,01,3
10,4,28079040,01,4
10,4,28079057,01,6
10,4,28079004,06,0.5
10,4,28079008,06,0.3
10,4,28079016,06,0.5
10,4,28079018,06,0.5
10,4,28079024,06,0.4
10,4,28079035,06,0.4
10,4,28079036,06,0.6
10,4,28079039,06,0.3
10,4,28079056,06,0.2
10,4,28079057,06,0.5
10,4,28079004,07,69
10,4,28079008,07,18
10,4,28079011,07,31
10,4,28079016,07,54
10,4,28079017,07,6
10,4,28079018,07,46
10,4,28079024,07,25
10,4,28079027,07,21
10,4,28079035,07,31
10,4,28079036,07,30
10,4,28079038,07,17
10,4,28079039,07,7
10,4,28079040,07,23
10,4,28079047,07,12
10,4,28079048,07,13
10,4,28079049,07,21
10,4,28079050,07,38
10,4,28079054,07,71
10,4,28079055,07,22
10,4,28079056,07,27
10,4,28079057,07,39
10,4,28079058,07,28
10,4,28079059,07,34
10,4,28079060,07,44
10,4,28079004,08,47
10,4,28079008,08,34
10,4,28079011,08,45
10,4,28079016,08,54
10,4,28079017,08,31
10,4,28079018,08,45
10,4,28079024,08,35
10,4,28079027,08,44
10,4,28079035,08,38
10,4,28079036,08,29
10,4,28079038,08,41
10,4,28079039,08,38
10,4,28079040,08,42
10,4,28079047,08,37
10,4,28079048,08,38
10,4,28079049,08,34
10,4,28079050,08,46
10,4,28079054,08,39
10,4,28079055,08,47
10,4,28079056,08,42
10,4,28079057,08,53
10,4,28079058,08,39
10,4,28079059,08,28
10,4,28079060,08,55
10,4,28079008,09,10
10,4,28079024,09,13
10,4,28079038,09,11
10,4,28079047,09,10
10,4,28079048,09,10
10,4,28079050,09,14
10,4,28079008,10,5
10,4,28079018,10,23
10,4,28079024,10,15
10,4,28079036,10,10
10,4,28079038,10,10
10,4,28079040,10,11
10,4,28079047,10,11
10,4,28079048,10,20
10,4,28079050,10,24
10,4,28079055,10,58
10,4,28079057,10,23
10,4,28079060,10,21
10,4,28079008,14,6
10,4,28079016,14,4
10,4,28079017,14,4
10,4,28079018,14,2
10,4,28079024,14,3
10,4,28079027,14,6
10,4,28079035,14,3
10,4,28079039,14,8
10,4,28079049,14,1
10,4,28079054,14,3
10,4,28079056,14,3
10,4,28079058,14,2
10,4,28079059,14,4
10,4,28079060,14,1
10,4,28079008,20,3.5
10,4,28079011,20,4.5
10,4,28079018,20,2.3
10,4,28079024,20,2.7
10,4,28079038,20,1.8
10,4,28079055,20,1
10,4,28079008,30,1.1
10,4,28079011,30,2.1
10,4,28079018,30,0.5
10,4,28079024,30,1
10,4,28079038,30,0.6
10,4,28079055,30,1
10,4,28079008,35,1
10,4,28079011,35,0.3
10,4,28079018,35,0.2
10,4,28079024,35,0.4
10,4,28079038,35,0.3
10,4,28079055,35,1
10,4,28079024,42,1.49
10,4,28079027,42,1.43
10,4,28079055,42,1.74
10,4,28079024,44,0.29
10,4,28079027,44,0.18
10,4,28079055,44,0.2
10,5,28079004,01,4
10,5,28079008,01,6
10,5,28079017,01,3
10,5,28079018,01,7
10,5,28079024,01,2
10,5,28079035,01,4
10,5,28079036,01,4
10,5,28079038,01,3
10,5,28079040,01,4
10,5,28079057,01,5
10,5,28079004,06,0.5
10,5,28079008,06,0.5
10,5,28079016,06,0.5
10,5,28079018,06,0.4
10,5,28079024,06,0.4
10,5,28079035,06,0.4
10,5,28079036,06,0.5
10,5,28079039,06,0.4
10,5,28079056,06,0.2
10,5,28079057,06,0.4
10,5,28079004,07,65
10,5,28079008,07,62
10,5,28079011,07,41
10,5,28079016,07,43
10,5,28079017,07,7
10,5,28079018,07,20
10,5,28079024,07,31
10,5,28079027,07,26
10,5,28079035,07,37
10,5,28079036,07,55
10,5,28079038,07,26
10,5,28079039,07,48
10,5,28079040,07,43
10,5,28079047,07,45
10,5,28079048,07,49
10,5,28079049,07,56
10,5,28079050,07,45
10,5,28079054,07,58
10,5,28079055,07,26
10,5,28079056,07,21
10,5,28079057,07,34
10,5,28079058,07,26
10,5,28079059,07,25
10,5,28079060,07,40
10,5,28079004,08,44
10,5,28079008,08,47
10,5,28079011,08,50
10,5,28079016,08,49
10,5,28079017,08,31
10,5,28079018,08,39
10,5,28079024,08,32
10,5,28079027,08,45
10,5,28079035,08,38
10,5,28079036,08,37
10,5,28079038,08,42
10,5,28079039,08,50
10,5,28079040,08,48
10,5,28079047,08,44
10,5,28079048,08,49
10,5,28079049,08,41
10,5,28079050,08,51
10,5,28079054,08,35
10,5,28079055,08,47
10,5,28079056,08,42
10,5,28079057,08,49
10,5,28079058,08,38
10,5,28079059,08,28
10,5,28079060,08,50
10,5,28079008,09,18
10,5,28079024,09,11
10,5,28079038,09,11
10,5,28079047,09,13
10,5,28079048,09,12
10,5,28079050,09,18
10,5,28079008,10,16
10,5,28079018,10,11
10,5,28079024,10,13
10,5,28079036,10,27
10,5,28079038,10,13
10,5,28079040,10,17
10,5,28079047,10,24
10,5,28079048,10,24
10,5,28079050,10,27
10,5,28079055,10,36
10,5,28079057,10,18
10,5,28079060,10,17
10,5,28079008,14,4
10,5,28079016,14,4
10,5,28079017,14,4
10,5,28079018,14,2
10,5,28079024,14,3
10,5,28079027,14,6
10,5,28079035,14,3
10,5,28079039,14,2
10,5,28079049,14,1
10,5,28079054,14,3
10,5,28079056,14,3
10,5,28079058,14,2
10,5,28079059,14,3
10,5,28079060,14,1
10,5,28079008,20,5.7
10,5,28079011,20,6.9
10,5,28079018,20,1.8
10,5,28079024,20,2.6
10,5,28079038,20,3
10,5,28079055,20,1
10,5,28079008,30,1.6
10,5,28079011,30,3.2
10,5,28079018,30,0.4
10,5,28079024,30,1
10,5,28079038,30,0.7
10,5,28079055,30,1
10,5,28079008,35,1.4
10,5,28079011,35,1.1
10,5,28079018,35,0.4
10,5,28079024,35,0.4
10,5,28079038,35,0.5
10,5,28079055,35,1
10,5,28079024,42,1.51
10,5,28079027,42,1.5
10,5,28079055,42,1.77
10,5,28079024,44,0.3
10,5,28079027,44,0.19
10,5,28079055,44,0.2
10,6,28079004,01,4
10,6,28079008,01,5
10,6,28079017,01,3
10,6,28079018,01,7
10,6,28079024,01,2
10,6,28079035,01,4
10,6,28079036,01,4
10,6,28079038,01,4
10,6,28079040,01,4
10,6,28079057,01,5
10,6,28079004,06,0.5
10,6,28079008,06,0.4
10,6,28079016,06,0.4
10,6,28079018,06,0.4
10,6,28079024,06,0.4
10,6,28079035,06,0.4
10,6,28079036,06,0.4
10,6,28079039,06,0.4
10,6,28079056,06,0.3
10,6,28079057,06,0.4
10,6,28079004,07,63
10,6,28079008,07,53
10,6,28079011,07,44
10,6,28079016,07,42
10,6,28079017,07,27
10,6,28079018,07,31
10,6,28079024,07,36
10,6,28079027,07,34
10,6,28079035,07,45
10,6,28079036,07,47
10,6,28079038,07,41
10,6,28079039,07,57
10,6,28079040,07,36
10,6,28079047,07,68
10,6,28079048,07,42
10,6,28079049,07,53
10,6,28079050,07,50
10,6,28079054,07,45
10,6,28079055,07,35
10,6,28079056,07,43
10,6,28079057,07,31
10,6,28079058,07,31
10,6,28079059,07,26
10,6,28079060,07,35
10,6,28079004,08,42
10,6,28079008,08,40
10,6,28079011,08,49
10,6,28079016,08,46
10,6,28079017,08,34
10,6,28079018,08,39
10,6,28079024,08,30
10,6,28079027,08,46
10,6,28079035,08,41
10,6,28079036,08,38
10,6,28079038,08,46
10,6,28079039,08,51
10,6,28079040,08,46
10,6,28079047,08,45
10,6,28079048,08,45
10,6,28079049,08,37
10,6,28079050,08,51
10,6,28079054,08,33
10,6,28079055,08,49
10,6,28079056,08,45
10,6,28079057,08,49
10,6,28079058,08,46
10,6,28079059,08,25
10,6,28079060,08,50
10,6,28079008,09,16
10,6,28079024,09,10
10,6,28079038,09,14
10,6,28079047,09,14
10,6,28079048,09,17
10,6,28079050,09,18
10,6,28079008,10,12
10,6,28079018,10,13
10,6,28079024,10,12
10,6,28079036,10,21
10,6,28079038,10,20
10,6,28079040,10,12
10,6,28079047,10,18
10,6,28079048,10,35
10,6,28079050,10,36
10,6,28079055,10,24
10,6,28079057,10,15
10,6,28079060,10,16
10,6,28079008,14,4
10,6,28079016,14,3
10,6,28079017,14,3
10,6,28079018,14,2
10,6,28079024,14,3
10,6,28079027,14,6
10,6,28079035,14,3
10,6,28079039,14,2
10,6,28079049,14,1
10,6,28079054,14,3
10,6,28079056,14,3
10,6,28079058,14,2
10,6,28079059,14,3
10,6,28079060,14,1
10,6,28079008,20,7.5
10,6,28079011,20,6.9
10,6,28079018,20,1.7
10,6,28079024,20,2.9
10,6,28079038,20,4.2
10,6,28079055,20,1
10,6,28079008,30,2.3
10,6,28079011,30,3.2
10,6,28079018,30,0.4
10,6,28079024,30,1
10,6,28079038,30,1.2
10,6,28079055,30,1.1
10,6,28079008,35,1.8
10,6,28079011,35,1.1
10,6,28079018,35,0.4
10,6,28079024,35,0.5
10,6,28079038,35,0.7
10,6,28079055,35,1
10,6,28079024,42,1.54
10,6,28079027,42,1.45
10,6,28079055,42,1.75
10,6,28079024,44,0.31
10,6,28079027,44,0.18
10,6,28079055,44,0.2
10,7,28079004,01,5
10,7,28079008,01,5
10,7,28079017,01,4
10,7,28079018,01,8
10,7,28079024,01,2
10,7,28079035,01,4
10,7,28079036,01,3
10,7,28079038,01,3
10,7,28079040,01,4
10,7,28079057,01,5
10,7,28079004,06,0.5
10,7,28079008,06,0.4
10,7,28079016,06,0.5
10,7,28079018,06,0.5
10,7,28079024,06,0.4
10,7,28079035,06,0.4
10,7,28079036,06,0.4
10,7,28079039,06,0.4
10,7,28079056,06,0.4
10,7,28079057,06,0.5
10,7,28079004,07,83
10,7,28079008,07,61
10,7,28079011,07,50
10,7,28079016,07,75
10,7,28079017,07,39
10,7,28079018,07,52
10,7,28079024,07,42
10,7,28079027,07,45
10,7,28079035,07,48
10,7,28079036,07,44
10,7,28079038,07,34
10,7,28079039,07,63
10,7,28079040,07,36
10,7,28079047,07,66
10,7,28079048,07,60
10,7,28079049,07,47
10,7,28079050,07,67
10,7,28079054,07,41
10,7,28079055,07,51
10,7,28079056,07,90
10,7,28079057,07,37
10,7,28079058,07,39
10,7,28079059,07,30
10,7,28079060,07,47
10,7,28079004,08,47
10,7,28079008,08,39
10,7,28079011,08,47
10,7,28079016,08,47
10,7,28079017,08,33
10,7,28079018,08,41
10,7,28079024,08,32
10,7,28079027,08,51
10,7,28079035,08,40
10,7,28079036,08,33
10,7,28079038,08,45
10,7,28079039,08,49
10,7,28079040,08,43
10,7,28079047,08,40
10,7,28079048,08,46
10,7,28079049,08,34
10,7,28079050,08,51
10,7,28079054,08,32
10,7,28079055,08,54
10,7,28079056,08,58
10,7,28079057,08,49
10,7,28079058,08,41
10,7,28079059,08,26
10,7,28079060,08,50
10,7,28079008,09,10
10,7,28079024,09,11
10,7,28079038,09,11
10,7,28079047,09,11
10,7,28079048,09,13
10,7,28079050,09,13
10,7,28079008,10,5
10,7,28079018,10,15
10,7,28079024,10,13
10,7,28079036,10,12
10,7,28079038,10,12
10,7,28079040,10,10
10,7,28079047,10,13
10,7,28079048,10,21
10,7,28079050,10,17
10,7,28079055,10,18
10,7,28079057,10,15
10,7,28079060,10,21
10,7,28079008,14,4
10,7,28079016,14,4
10,7,28079017,14,3
10,7,28079018,14,1
10,7,28079024,14,3
10,7,28079027,14,5
10,7,28079035,14,3
10,7,28079039,14,2
10,7,28079049,14,1
10,7,28079054,14,4
10,7,28079056,14,3
10,7,28079058,14,3
10,7,28079059,14,3
10,7,28079060,14,1
10,7,28079008,20,5.4
10,7,28079011,20,9.1
10,7,28079018,20,2.2
10,7,28079024,20,3.3
10,7,28079038,20,3.8
10,7,28079055,20,1
10,7,28079008,30,1.6
10,7,28079011,30,3.5
10,7,28079018,30,0.4
10,7,28079024,30,1.1
10,7,28079038,30,1.1
10,7,28079055,30,0.7
10,7,28079008,35,1.3
10,7,28079011,35,1.2
10,7,28079018,35,0.4
10,7,28079024,35,0.4
10,7,28079038,35,0.7
10,7,28079055,35,1
10,7,28079024,42,1.65
10,7,28079027,42,1.46
10,7,28079055,42,1.75
10,7,28079024,44,0.35
10,7,28079027,44,0.18
10,7,28079055,44,0.2
10,8,28079004,01,6
10,8,28079008,01,5
10,8,28079017,01,5
10,8,28079018,01,8
10,8,28079024,01,2
10,8,28079035,01,4
10,8,28079036,01,3
10,8,28079038,01,3
10,8,28079040,01,4
10,8,28079057,01,6
10,8,28079004,06,0.7
10,8,28079008,06,0.4
10,8,28079016,06,0.6
10,8,28079018,06,0.7
10,8,28079024,06,0.4
10,8,28079035,06,0.5
10,8,28079036,06,0.4
10,8,28079039,06,0.4
10,8,28079056,06,0.6
10,8,28079057,06,0.5
10,8,28079004,07,131
10,8,28079008,07,74
10,8,28079011,07,40
10,8,28079016,07,104
10,8,28079017,07,76
10,8,28079018,07,77
10,8,28079024,07,38
10,8,28079027,07,65
10,8,28079035,07,46
10,8,28079036,07,40
10,8,28079038,07,35
10,8,28079039,07,52
10,8,28079040,07,46
10,8,28079047,07,102
10,8,28079048,07,53
10,8,28079049,07,43
10,8,28079050,07,114
10,8,28079054,07,144
10,8,28079055,07,88
10,8,28079056,07,170
10,8,28079057,07,48
10,8,28079058,07,54
10,8,28079059,07,41
10,8,28079060,07,71
10,8,28079004,08,57
10,8,28079008,08,45
10,8,28079011,08,52
10,8,28079016,08,56
10,8,28079017,08,37
10,8,28079018,08,48
10,8,28079024,08,28
10,8,28079027,08,52
10,8,28079035,08,42
10,8,28079036,08,35
10,8,28079038,08,48
10,8,28079039,08,48
10,8,28079040,08,48
10,8,28079047,08,44
10,8,28079048,08,48
10,8,28079049,08,33
10,8,28079050,08,70
10,8,28079054,08,46
10,8,28079055,08,63
10,8,28079056,08,81
10,8,28079057,08,52
10,8,28079058,08,39
10,8,28079059,08,29
10,8,28079060,08,54
10,8,28079008,09,12
10,8,28079024,09,11
10,8,28079038,09,8
10,8,28079047,09,12
10,8,28079048,09,9
10,8,28079050,09,14
10,8,28079008,10,7
10,8,28079018,10,19
10,8,28079024,10,13
10,8,28079036,10,8
10,8,28079038,10,7
10,8,28079040,10,10
10,8,28079047,10,14
10,8,28079048,10,13
10,8,28079050,10,19
10,8,28079055,10,20
10,8,28079057,10,16
10,8,28079060,10,15
10,8,28079008,14,4
10,8,28079016,14,4
10,8,28079017,14,3
10,8,28079018,14,1
10,8,28079024,14,3
10,8,28079027,14,6
10,8,28079035,14,3
10,8,28079039,14,2
10,8,28079049,14,1
10,8,28079054,14,3
10,8,28079056,14,3
10,8,28079058,14,2
10,8,28079059,14,3
10,8,28079060,14,1
10,8,28079008,20,4.9
10,8,28079011,20,6.5
10,8,28079018,20,2.7
10,8,28079024,20,3.9
10,8,28079038,20,3.3
10,8,28079055,20,1
10,8,28079008,30,1.6
10,8,28079011,30,2.9
10,8,28079018,30,0.6
10,8,28079024,30,1.1
10,8,28079038,30,1
10,8,28079055,30,0.2
10,8,28079008,35,1.5
10,8,28079011,35,1
10,8,28079018,35,0.3
10,8,28079024,35,0.5
10,8,28079038,35,0.8
10,8,28079055,35,1
10,8,28079024,42,1.65
10,8,28079027,42,1.42
10,8,28079055,42,1.67
10,8,28079024,44,0.34
10,8,28079027,44,0.19
10,8,28079055,44,0.2
10,9,28079004,01,6
10,9,28079008,01,7
10,9,28079017,01,5
10,9,28079018,01,8
10,9,28079024,01,2
10,9,28079035,01,5
10,9,28079036,01,4
10,9,28079038,01,4
10,9,28079040,01,6
10,9,28079057,01,6
10,9,28079004,06,0.7
10,9,28079008,06,0.6
10,9,28079016,06,0.7
10,9,28079018,06,0.7
10,9,28079024,06,0.3
10,9,28079035,06,0.6
10,9,28079036,06,0.5
10,9,28079039,06,0.5
10,9,28079056,06,0.8
10,9,28079057,06,0.6
10,9,28079004,07,132
10,9,28079008,07,124
10,9,28079011,07,89
10,9,28079016,07,121
10,9,28079017,07,111
10,9,28079018,07,62
10,9,28079024,07,21
10,9,28079027,07,84
10,9,28079035,07,94
10,9,28079036,07,73
10,9,28079038,07,83
10,9,28079039,07,66
10,9,28079040,07,68
10,9,28079047,07,93
10,9,28079048,07,67
10,9,28079049,07,69
10,9,28079050,07,157
10,9,28079054,07,267
10,9,28079055,07,136
10,9,28079056,07,160
10,9,28079057,07,62
10,9,28079058,07,59
10,9,28079059,07,44
10,9,28079060,07,113
10,9,28079004,08,66
10,9,28079008,08,55
10,9,28079011,08,68
10,9,28079016,08,68
10,9,28079017,08,47
10,9,28079018,08,54
10,9,28079024,08,24
10,9,28079027,08,65
10,9,28079035,08,54
10,9,28079036,08,43
10,9,28079038,08,61
10,9,28079039,08,56
10,9,28079040,08,55
10,9,28079047,08,47
10,9,28079048,08,56
10,9,28079049,08,40
10,9,28079050,08,91
10,9,28079054,08,69
10,9,28079055,08,74
10,9,28079056,08,81
10,9,28079057,08,58
10,9,28079058,08,44
10,9,28079059,08,29
10,9,28079060,08,70
10,9,28079008,09,14
10,9,28079024,09,8
10,9,28079038,09,12
10,9,28079047,09,12
10,9,28079048,09,14
10,9,28079050,09,21
10,9,28079008,10,8
10,9,28079018,10,13
10,9,28079024,10,10
10,9,28079036,10,9
10,9,28079038,10,12
10,9,28079040,10,11
10,9,28079047,10,14
10,9,28079048,10,21
10,9,28079050,10,30
10,9,28079055,10,25
10,9,28079057,10,14
10,9,28079060,10,18
10,9,28079008,14,4
10,9,28079016,14,4
10,9,28079017,14,3
10,9,28079018,14,2
10,9,28079024,14,8
10,9,28079027,14,6
10,9,28079035,14,3
10,9,28079039,14,3
10,9,28079049,14,1
10,9,28079054,14,3
10,9,28079056,14,2
10,9,28079058,14,2
10,9,28079059,14,3
10,9,28079060,14,1
10,9,28079008,20,6
10,9,28079011,20,6.5
10,9,28079018,20,3.7
10,9,28079024,20,3.6
10,9,28079038,20,3.7
10,9,28079055,20,1
10,9,28079008,30,2.3
10,9,28079011,30,3.5
10,9,28079018,30,0.8
10,9,28079024,30,1
10,9,28079038,30,1.3
10,9,28079055,30,0.2
10,9,28079008,35,1.6
10,9,28079011,35,1.1
10,9,28079018,35,0.4
10,9,28079024,35,0.5
10,9,28079038,35,0.7
10,9,28079055,35,1
10,9,28079024,42,1.54
10,9,28079027,42,1.47
10,9,28079055,42,1.68
10,9,28079024,44,0.3
10,9,28079027,44,0.21
10,9,28079055,44,0.23
11,1,28079004,01,5
11,1,28079008,01,3
11,1,28079017,01,3
11,1,28079018,01,7
11,1,28079024,01,2
11,1,28079035,01,4
11,1,28079036,01,7
11,1,28079038,01,4
11,1,28079040,01,5
11,1,28079057,01,7
11,1,28079004,06,0.4
11,1,28079008,06,0.4
11,1,28079016,06,0.5
11,1,28079018,06,0.3
11,1,28079024,06,0.3
11,1,28079035,06,0.4
11,1,28079036,06,0.5
11,1,28079039,06,0.5
11,1,28079056,06,0.2
11,1,28079057,06,0.5
11,1,28079004,07,44
11,1,28079008,07,20
11,1,28079011,07,81
11,1,28079016,07,58
11,1,28079017,07,10
11,1,28079018,07,1
11,1,28079024,07,29
11,1,28079027,07,111
11,1,28079035,07,11
11,1,28079036,07,47
11,1,28079038,07,29
11,1,28079039,07,56
11,1,28079040,07,50
11,1,28079047,07,9
11,1,28079048,07,44
11,1,28079049,07,14
11,1,28079050,07,94
11,1,28079054,07,88
11,1,28079055,07,193
11,1,28079056,07,4
11,1,28079057,07,34
11,1,28079058,07,19
11,1,28079059,07,155
11,1,28079060,07,66
11,1,28079004,08,53
11,1,28079008,08,50
11,1,28079011,08,66
11,1,28079016,08,57
11,1,28079017,08,51
11,1,28079018,08,32
11,1,28079024,08,30
11,1,28079027,08,62
11,1,28079035,08,43
11,1,28079036,08,54
11,1,28079038,08,56
11,1,28079039,08,66
11,1,28079040,08,70
11,1,28079047,08,50
11,1,28079048,08,61
11,1,28079049,08,55
11,1,28079050,08,78
11,1,28079054,08,58
11,1,28079055,08,89
11,1,28079056,08,39
11,1,28079057,08,57
11,1,28079058,08,31
11,1,28079059,08,22
11,1,28079060,08,70
11,1,28079008,09,15
11,1,28079024,09,8
11,1,28079038,09,10
11,1,28079047,09,13
11,1,28079048,09,16
11,1,28079050,09,22
11,1,28079008,10,7
11,1,28079018,10,8
11,1,28079024,10,10
11,1,28079036,10,15
11,1,28079038,10,10
11,1,28079040,10,18
11,1,28079047,10,13
11,1,28079048,10,17
11,1,28079050,10,29
11,1,28079055,10,31
11,1,28079057,10,17
11,1,28079060,10,13
11,1,28079008,14,4
11,1,28079016,14,4
11,1,28079017,14,4
11,1,28079018,14,13
11,1,28079024,14,8
11,1,28079027,14,7
11,1,28079035,14,6
11,1,28079039,14,2
11,1,28079049,14,1
11,1,28079054,14,3
11,1,28079056,14,13
11,1,28079058,14,2
11,1,28079059,14,3
11,1,28079060,14,1
11,1,28079008,20,5.1
11,1,28079011,20,11.7
11,1,28079018,20,0.8
11,1,28079024,20,1.1
11,1,28079038,20,4.3
11,1,28079055,20,8.9
11,1,28079008,30,1.7
11,1,28079011,30,3.7
11,1,28079018,30,0.3
11,1,28079024,30,0.6
11,1,28079038,30,1.1
11,1,28079055,30,2.2
11,1,28079008,35,1.2
11,1,28079011,35,2.3
11,1,28079018,35,1
11,1,28079024,35,0.6
11,1,28079038,35,0.8
11,1,28079055,35,1.4
11,1,28079024,42,1.49
11,1,28079027,42,1.55
11,1,28079055,42,2.07
11,1,28079024,44,0.28
11,1,28079027,44,0.22
11,1,28079055,44,0.49
11,10,28079004,01,6
11,10,28079008,01,6
11,10,28079017,01,4
11,10,28079018,01,8
11,10,28079024,01,3
11,10,28079035,01,5
11,10,28079036,01,24
11,10,28079038,01,5
11,10,28079040,01,4
11,10,28079057,01,6
11,10,28079004,06,0.7
11,10,28079008,06,0.6
11,10,28079016,06,0.3
11,10,28079018,06,0.5
11,10,28079024,06,0.4
11,10,28079035,06,0.6
11,10,28079036,06,0.8
11,10,28079039,06,0.5
11,10,28079056,06,0.4
11,10,28079057,06,0.5
11,10,28079004,07,110
11,10,28079008,07,96
11,10,28079011,07,58
11,10,28079016,07,16
11,10,28079017,07,47
11,10,28079018,07,47
11,10,28079024,07,52
11,10,28079027,07,57
11,10,28079035,07,95
11,10,28079036,07,41
11,10,28079038,07,89
11,10,28079039,07,62
11,10,28079040,07,39
11,10,28079047,07,57
11,10,28079048,07,51
11,10,28079049,07,50
11,10,28079050,07,35
11,10,28079054,07,57
11,10,28079055,07,51
11,10,28079056,07,103
11,10,28079057,07,31
11,10,28079058,07,22
11,10,28079059,07,12
11,10,28079060,07,43
11,10,28079004,08,92
11,10,28079008,08,75
11,10,28079011,08,74
11,10,28079016,08,49
11,10,28079017,08,61
11,10,28079018,08,69
11,10,28079024,08,55
11,10,28079027,08,60
11,10,28079035,08,77
11,10,28079036,08,50
11,10,28079038,08,82
11,10,28079039,08,78
11,10,28079040,08,70
11,10,28079047,08,65
11,10,28079048,08,69
11,10,28079049,08,68
11,10,28079050,08,66
11,10,28079054,08,53
11,10,28079055,08,64
11,10,28079056,08,86
11,10,28079057,08,64
11,10,28079058,08,51
11,10,28079059,08,31
11,10,28079060,08,70
11,10,28079008,09,16
11,10,28079024,09,14
11,10,28079038,09,20
11,10,28079047,09,14
11,10,28079048,09,10
11,10,28079050,09,14
11,10,28079008,10,10
11,10,28079018,10,18
11,10,28079024,10,14
11,10,28079036,10,10
11,10,28079038,10,26
11,10,28079040,10,15
11,10,28079047,10,17
11,10,28079048,10,11
11,10,28079050,10,16
11,10,28079055,10,12
11,10,28079057,10,12
11,10,28079060,10,15
11,10,28079008,14,4
11,10,28079016,14,12
11,10,28079017,14,4
11,10,28079018,14,3
11,10,28079024,14,3
11,10,28079027,14,7
11,10,28079035,14,3
11,10,28079039,14,2
11,10,28079049,14,2
11,10,28079054,14,6
11,10,28079056,14,4
11,10,28079058,14,4
11,10,28079059,14,9
11,10,28079060,14,2
11,10,28079008,20,8
11,10,28079011,20,8.9
11,10,28079018,20,2.2
11,10,28079038,20,10
11,10,28079055,20,3.7
11,10,28079008,30,2.9
11,10,28079011,30,3.4
11,10,28079018,30,0.4
11,10,28079038,30,2.3
11,10,28079055,30,0.8
11,10,28079008,35,2.5
11,10,28079011,35,1.9
11,10,28079018,35,0.2
11,10,28079038,35,1.9
11,10,28079055,35,0.6
11,10,28079024,42,1.59
11,10,28079027,42,1.4
11,10,28079055,42,1.63
11,10,28079024,44,0.33
11,10,28079027,44,0.18
11,10,28079055,44,0.18
11,11,28079004,01,5
11,11,28079008,01,5
11,11,28079017,01,3
11,11,28079018,01,8
11,11,28079024,01,3
11,11,28079035,01,5
11,11,28079036,01,33
11,11,28079038,01,6
11,11,28079040,01,3
11,11,28079057,01,6
11,11,28079004,06,0.6
11,11,28079008,06,0.5
11,11,28079016,06,0.3
11,11,28079018,06,0.4
11,11,28079024,06,0.4
11,11,28079035,06,0.5
11,11,28079036,06,0.7
11,11,28079039,06,0.5
11,11,28079056,06,0.4
11,11,28079057,06,0.4
11,11,28079004,07,78
11,11,28079008,07,46
11,11,28079011,07,24
11,11,28079016,07,10
11,11,28079017,07,19
11,11,28079018,07,33
11,11,28079024,07,47
11,11,28079027,07,42
11,11,28079035,07,65
11,11,28079036,07,19
11,11,28079038,07,101
11,11,28079039,07,67
11,11,28079040,07,22
11,11,28079047,07,28
11,11,28079048,07,31
11,11,28079049,07,16
11,11,28079050,07,24
11,11,28079054,07,27
11,11,28079055,07,62
11,11,28079056,07,69
11,11,28079057,07,23
11,11,28079058,07,15
11,11,28079059,07,26
11,11,28079060,07,23
11,11,28079004,08,83
11,11,28079008,08,61
11,11,28079011,08,61
11,11,28079016,08,47
11,11,28079017,08,48
11,11,28079018,08,64
11,11,28079024,08,61
11,11,28079027,08,45
11,11,28079035,08,70
11,11,28079036,08,36
11,11,28079038,08,82
11,11,28079039,08,76
11,11,28079040,08,54
11,11,28079047,08,51
11,11,28079048,08,61
11,11,28079049,08,56
11,11,28079050,08,60
11,11,28079054,08,42
11,11,28079055,08,59
11,11,28079056,08,76
11,11,28079057,08,58
11,11,28079058,08,37
11,11,28079059,08,31
11,11,28079060,08,60
11,11,28079008,09,13
11,11,28079024,09,17
11,11,28079038,09,21
11,11,28079047,09,11
11,11,28079048,09,6
11,11,28079050,09,12
11,11,28079008,10,8
11,11,28079018,10,19
11,11,28079024,10,18
11,11,28079036,10,8
11,11,28079038,10,26
11,11,28079040,10,12
11,11,28079047,10,13
11,11,28079048,10,6
11,11,28079050,10,14
11,11,28079055,10,19
11,11,28079057,10,11
11,11,28079060,10,4
11,11,28079008,14,9
11,11,28079016,14,15
11,11,28079017,14,9
11,11,28079018,14,5
11,11,28079024,14,5
11,11,28079027,14,8
11,11,28079035,14,3
11,11,28079039,14,3
11,11,28079049,14,7
11,11,28079054,14,13
11,11,28079056,14,6
11,11,28079058,14,7
11,11,28079059,14,6
11,11,28079060,14,6
11,11,28079008,20,7
11,11,28079011,20,6.6
11,11,28079018,20,2.4
11,11,28079038,20,7.1
11,11,28079055,20,3.2
11,11,28079008,30,2.5
11,11,28079011,30,2.9
11,11,28079018,30,0.4
11,11,28079038,30,1.6
11,11,28079055,30,0.8
11,11,28079008,35,1.8
11,11,28079011,35,1.3
11,11,28079018,35,0.2
11,11,28079038,35,1.2
11,11,28079055,35,0.5
11,11,28079024,42,1.65
11,11,28079027,42,1.34
11,11,28079055,42,1.67
11,11,28079024,44,0.34
11,11,28079027,44,0.16
11,11,28079055,44,0.19
11,12,28079004,01,5
11,12,28079008,01,5
11,12,28079017,01,4
11,12,28079018,01,8
11,12,28079024,01,2
11,12,28079035,01,6
11,12,28079036,01,21
11,12,28079038,01,7
11,12,28079040,01,4
11,12,28079057,01,6
11,12,28079004,06,0.6
11,12,28079008,06,0.5
11,12,28079016,06,0.4
11,12,28079018,06,0.4
11,12,28079024,06,0.4
11,12,28079035,06,0.5
11,12,28079036,06,0.7
11,12,28079039,06,0.6
11,12,28079056,06,0.3
11,12,28079057,06,0.4
11,12,28079004,07,64
11,12,28079008,07,59
11,12,28079011,07,41
11,12,28079016,07,27
11,12,28079017,07,21
11,12,28079018,07,27
11,12,28079024,07,30
11,12,28079027,07,31
11,12,28079035,07,41
11,12,28079036,07,36
11,12,28079038,07,110
11,12,28079039,07,104
11,12,28079040,07,23
11,12,28079047,07,17
11,12,28079048,07,44
11,12,28079049,07,20
11,12,28079050,07,39
11,12,28079054,07,16
11,12,28079055,07,52
11,12,28079056,07,58
11,12,28079057,07,31
11,12,28079058,07,23
11,12,28079059,07,17
11,12,28079060,07,25
11,12,28079004,08,75
11,12,28079008,08,60
11,12,28079011,08,63
11,12,28079016,08,55
11,12,28079017,08,48
11,12,28079018,08,60
11,12,28079024,08,54
11,12,28079027,08,38
11,12,28079035,08,59
11,12,28079036,08,41
11,12,28079038,08,83
11,12,28079039,08,83
11,12,28079040,08,53
11,12,28079047,08,40
11,12,28079048,08,63
11,12,28079049,08,52
11,12,28079050,08,62
11,12,28079054,08,31
11,12,28079055,08,51
11,12,28079056,08,71
11,12,28079057,08,51
11,12,28079058,08,39
11,12,28079059,08,20
11,12,28079060,08,57
11,12,28079008,09,14
11,12,28079024,09,11
11,12,28079038,09,24
11,12,28079047,09,8
11,12,28079048,09,8
11,12,28079050,09,14
11,12,28079008,10,11
11,12,28079018,10,15
11,12,28079024,10,14
11,12,28079036,10,16
11,12,28079038,10,33
11,12,28079040,10,14
11,12,28079047,10,10
11,12,28079048,10,13
11,12,28079050,10,20
11,12,28079055,10,10
11,12,28079057,10,15
11,12,28079060,10,8
11,12,28079008,14,11
11,12,28079016,14,10
11,12,28079017,14,14
11,12,28079018,14,10
11,12,28079024,14,7
11,12,28079027,14,11
11,12,28079035,14,9
11,12,28079039,14,4
11,12,28079049,14,9
11,12,28079054,14,20
11,12,28079056,14,11
11,12,28079058,14,10
11,12,28079059,14,10
11,12,28079060,14,10
11,12,28079008,20,6.3
11,12,28079011,20,6.6
11,12,28079018,20,2.4
11,12,28079038,20,9.3
11,12,28079055,20,3.2
11,12,28079008,30,1.6
11,12,28079011,30,2.6
11,12,28079018,30,0.4
11,12,28079038,30,1.8
11,12,28079055,30,0.6
11,12,28079008,35,1.6
11,12,28079011,35,1
11,12,28079018,35,0.2
11,12,28079038,35,1.6
11,12,28079055,35,0.4
11,12,28079024,42,1.56
11,12,28079027,42,1.33
11,12,28079055,42,1.65
11,12,28079024,44,0.33
11,12,28079027,44,0.15
11,12,28079055,44,0.18
11,13,28079004,01,5
11,13,28079008,01,5
11,13,28079017,01,4
11,13,28079018,01,6
11,13,28079024,01,2
11,13,28079035,01,6
11,13,28079036,01,12
11,13,28079038,01,7
11,13,28079040,01,4
11,13,28079057,01,6
11,13,28079004,06,0.5
11,13,28079008,06,0.4
11,13,28079016,06,0.5
11,13,28079018,06,0.5
11,13,28079024,06,0.4
11,13,28079035,06,0.5
11,13,28079036,06,0.4
11,13,28079039,06,0.5
11,13,28079056,06,0.3
11,13,28079057,06,0.4
11,13,28079004,07,49
11,13,28079008,07,54
11,13,28079011,07,52
11,13,28079016,07,40
11,13,28079017,07,22
11,13,28079018,07,30
11,13,28079024,07,27
11,13,28079027,07,31
11,13,28079035,07,35
11,13,28079036,07,34
11,13,28079038,07,73
11,13,28079039,07,71
11,13,28079040,07,19
11,13,28079047,07,20
11,13,28079048,07,72
11,13,28079049,07,23
11,13,28079050,07,49
11,13,28079054,07,14
11,13,28079055,07,40
11,13,28079056,07,62
11,13,28079057,07,24
11,13,28079058,07,25
11,13,28079059,07,31
11,13,28079060,07,24
11,13,28079004,08,70
11,13,28079008,08,56
11,13,28079011,08,66
11,13,28079016,08,57
11,13,28079017,08,45
11,13,28079018,08,61
11,13,28079024,08,53
11,13,28079027,08,47
11,13,28079035,08,58
11,13,28079036,08,43
11,13,28079038,08,77
11,13,28079039,08,75
11,13,28079040,08,49
11,13,28079047,08,44
11,13,28079048,08,71
11,13,28079049,08,52
11,13,28079050,08,66
11,13,28079054,08,23
11,13,28079055,08,52
11,13,28079056,08,61
11,13,28079057,08,48
11,13,28079058,08,41
11,13,28079059,08,24
11,13,28079060,08,57
11,13,28079008,09,14
11,13,28079024,09,11
11,13,28079038,09,13
11,13,28079047,09,8
11,13,28079048,09,10
11,13,28079050,09,15
11,13,28079008,10,10
11,13,28079018,10,18
11,13,28079024,10,15
11,13,28079036,10,11
11,13,28079038,10,22
11,13,28079040,10,11
11,13,28079047,10,12
11,13,28079048,10,19
11,13,28079050,10,23
11,13,28079055,10,9
11,13,28079057,10,13
11,13,28079060,10,8
11,13,28079008,14,14
11,13,28079016,14,10
11,13,28079017,14,17
11,13,28079018,14,11
11,13,28079024,14,12
11,13,28079027,14,15
11,13,28079035,14,12
11,13,28079039,14,5
11,13,28079049,14,12
11,13,28079054,14,29
11,13,28079056,14,14
11,13,28079058,14,10
11,13,28079059,14,11
11,13,28079060,14,9
11,13,28079008,20,8.1
11,13,28079011,20,8.8
11,13,28079018,20,3.3
11,13,28079038,20,6.8
11,13,28079055,20,2.7
11,13,28079008,30,2.3
11,13,28079011,30,3.2
11,13,28079018,30,0.4
11,13,28079038,30,1.3
11,13,28079055,30,0.6
11,13,28079008,35,2.1
11,13,28079011,35,1.7
11,13,28079018,35,0.4
11,13,28079038,35,1.2
11,13,28079055,35,0.3
11,13,28079024,42,1.74
11,13,28079027,42,1.33
11,13,28079055,42,1.58
11,13,28079024,44,0.36
11,13,28079027,44,0.16
11,13,28079055,44,0.18
11,14,28079004,01,5
11,14,28079008,01,5
11,14,28079017,01,3
11,14,28079018,01,6
11,14,28079024,01,2
11,14,28079035,01,7
11,14,28079036,01,9
11,14,28079038,01,7
11,14,28079040,01,5
11,14,28079057,01,6
11,14,28079004,06,0.5
11,14,28079008,06,0.5
11,14,28079016,06,0.5
11,14,28079018,06,0.4
11,14,28079024,06,0.3
11,14,28079035,06,0.5
11,14,28079036,06,0.4
11,14,28079039,06,0.4
11,14,28079056,06,1.4
11,14,28079057,06,0.4
11,14,28079004,07,42
11,14,28079008,07,63
11,14,28079011,07,65
11,14,28079016,07,42
11,14,28079017,07,17
11,14,28079018,07,28
11,14,28079024,07,25
11,14,28079027,07,20
11,14,28079035,07,37
11,14,28079036,07,45
11,14,28079038,07,61
11,14,28079039,07,56
11,14,28079040,07,31
11,14,28079047,07,25
11,14,28079048,07,61
11,14,28079049,07,28
11,14,28079050,07,53
11,14,28079054,07,14
11,14,28079055,07,24
11,14,28079056,07,38
11,14,28079057,07,27
11,14,28079058,07,29
11,14,28079059,07,26
11,14,28079060,07,23
11,14,28079004,08,67
11,14,28079008,08,63
11,14,28079011,08,70
11,14,28079016,08,62
11,14,28079017,08,44
11,14,28079018,08,58
11,14,28079024,08,53
11,14,28079027,08,42
11,14,28079035,08,60
11,14,28079036,08,49
11,14,28079038,08,74
11,14,28079039,08,72
11,14,28079040,08,60
11,14,28079047,08,50
11,14,28079048,08,71
11,14,28079049,08,57
11,14,28079050,08,61
11,14,28079054,08,30
11,14,28079055,08,46
11,14,28079056,08,58
11,14,28079057,08,48
11,14,28079058,08,51
11,14,28079059,08,29
11,14,28079060,08,53
11,14,28079008,09,15
11,14,28079024,09,12
11,14,28079038,09,13
11,14,28079047,09,9
11,14,28079048,09,8
11,14,28079050,09,15
11,14,28079008,10,11
11,14,28079018,10,25
11,14,28079024,10,15
11,14,28079036,10,11
11,14,28079038,10,21
11,14,28079040,10,15
11,14,28079047,10,13
11,14,28079048,10,19
11,14,28079050,10,24
11,14,28079055,10,9
11,14,28079057,10,11
11,14,28079060,10,11
11,14,28079008,14,12
11,14,28079016,14,9
11,14,28079017,14,20
11,14,28079018,14,11
11,14,28079024,14,16
11,14,28079027,14,22
11,14,28079035,14,12
11,14,28079039,14,8
11,14,28079049,14,11
11,14,28079054,14,27
11,14,28079056,14,14
11,14,28079058,14,9
11,14,28079059,14,13
11,14,28079060,14,10
11,14,28079008,20,7.7
11,14,28079011,20,9.4
11,14,28079024,20,4
11,14,28079038,20,6.1
11,14,28079055,20,3.4
11,14,28079008,30,2.2
11,14,28079011,30,3.3
11,14,28079024,30,1
11,14,28079038,30,1.2
11,14,28079055,30,0.6
11,14,28079008,35,2.4
11,14,28079011,35,2.1
11,14,28079024,35,0.9
11,14,28079038,35,1.2
11,14,28079055,35,0.5
11,14,28079024,42,1.71
11,14,28079027,42,1.35
11,14,28079055,42,1.59
11,14,28079024,44,0.34
11,14,28079027,44,0.17
11,14,28079055,44,0.18
11,15,28079004,01,5
11,15,28079008,01,6
11,15,28079017,01,4
11,15,28079024,01,2
11,15,28079035,01,7
11,15,28079036,01,7
11,15,28079038,01,6
11,15,28079040,01,5
11,15,28079057,01,6
11,15,28079004,06,0.5
11,15,28079008,06,0.6
11,15,28079016,06,0.4
11,15,28079018,06,0.4
11,15,28079024,06,0.3
11,15,28079035,06,0.5
11,15,28079036,06,0.4
11,15,28079039,06,0.4
11,15,28079056,06,0.3
11,15,28079057,06,0.4
11,15,28079004,07,44
11,15,28079008,07,68
11,15,28079011,07,73
11,15,28079016,07,42
11,15,28079017,07,29
11,15,28079018,07,30
11,15,28079024,07,22
11,15,28079027,07,28
11,15,28079035,07,39
11,15,28079036,07,49
11,15,28079038,07,55
11,15,28079039,07,48
11,15,28079040,07,38
11,15,28079047,07,27
11,15,28079048,07,52
11,15,28079049,07,30
11,15,28079050,07,106
11,15,28079054,07,29
11,15,28079055,07,36
11,15,28079056,07,39
11,15,28079057,07,39
11,15,28079058,07,32
11,15,28079059,07,33
11,15,28079060,07,42
11,15,28079004,08,67
11,15,28079008,08,65
11,15,28079011,08,78
11,15,28079016,08,63
11,15,28079017,08,54
11,15,28079018,08,58
11,15,28079024,08,51
11,15,28079027,08,55
11,15,28079035,08,61
11,15,28079036,08,52
11,15,28079038,08,72
11,15,28079039,08,75
11,15,28079040,08,64
11,15,28079047,08,50
11,15,28079048,08,67
11,15,28079049,08,59
11,15,28079050,08,87
11,15,28079054,08,38
11,15,28079055,08,58
11,15,28079056,08,57
11,15,28079057,08,56
11,15,28079058,08,60
11,15,28079059,08,33
11,15,28079060,08,60
11,15,28079008,09,17
11,15,28079024,09,12
11,15,28079038,09,13
11,15,28079047,09,11
11,15,28079048,09,11
11,15,28079050,09,18
11,15,28079008,10,12
11,15,28079018,10,17
11,15,28079024,10,15
11,15,28079036,10,16
11,15,28079038,10,20
11,15,28079040,10,19
11,15,28079047,10,16
11,15,28079048,10,20
11,15,28079050,10,30
11,15,28079055,10,16
11,15,28079057,10,17
11,15,28079060,10,13
11,15,28079008,14,13
11,15,28079016,14,10
11,15,28079017,14,17
11,15,28079018,14,13
11,15,28079024,14,17
11,15,28079027,14,18
11,15,28079035,14,13
11,15,28079039,14,9
11,15,28079049,14,11
11,15,28079054,14,24
11,15,28079056,14,17
11,15,28079058,14,12
11,15,28079059,14,11
11,15,28079060,14,8
11,15,28079008,20,7.8
11,15,28079011,20,9.2
11,15,28079024,20,3
11,15,28079038,20,6.2
11,15,28079055,20,4.3
11,15,28079008,30,2.5
11,15,28079011,30,3.3
11,15,28079024,30,1
11,15,28079038,30,1.2
11,15,28079055,30,0.5
11,15,28079008,35,2.9
11,15,28079011,35,1.9
11,15,28079024,35,0.7
11,15,28079038,35,1.5
11,15,28079055,35,0.6
11,15,28079024,42,1.75
11,15,28079027,42,1.43
11,15,28079055,42,1.66
11,15,28079024,44,0.35
11,15,28079027,44,0.2
11,15,28079055,44,0.19
11,16,28079004,01,5
11,16,28079008,01,5
11,16,28079017,01,4
11,16,28079018,01,7
11,16,28079024,01,2
11,16,28079035,01,7
11,16,28079036,01,6
11,16,28079038,01,6
11,16,28079040,01,5
11,16,28079057,01,7
11,16,28079004,06,0.4
11,16,28079008,06,0.5
11,16,28079016,06,0.5
11,16,28079018,06,0.4
11,16,28079024,06,0.2
11,16,28079035,06,0.4
11,16,28079036,06,0.4
11,16,28079039,06,0.4
11,16,28079056,06,0.3
11,16,28079057,06,0.6
11,16,28079004,07,32
11,16,28079008,07,70
11,16,28079011,07,62
11,16,28079016,07,51
11,16,28079017,07,16
11,16,28079018,07,25
11,16,28079024,07,6
11,16,28079027,07,32
11,16,28079035,07,28
11,16,28079036,07,43
11,16,28079038,07,45
11,16,28079039,07,50
11,16,28079040,07,35
11,16,28079047,07,22
11,16,28079048,07,43
11,16,28079049,07,25
11,16,28079050,07,107
11,16,28079054,07,25
11,16,28079055,07,38
11,16,28079056,07,39
11,16,28079057,07,58
11,16,28079058,07,17
11,16,28079059,07,36
11,16,28079060,07,43
11,16,28079004,08,59
11,16,28079008,08,66
11,16,28079011,08,78
11,16,28079016,08,76
11,16,28079017,08,50
11,16,28079018,08,55
11,16,28079024,08,28
11,16,28079027,08,63
11,16,28079035,08,54
11,16,28079036,08,53
11,16,28079038,08,68
11,16,28079039,08,78
11,16,28079040,08,66
11,16,28079047,08,50
11,16,28079048,08,63
11,16,28079049,08,58
11,16,28079050,08,89
11,16,28079054,08,43
11,16,28079055,08,66
11,16,28079056,08,59
11,16,28079057,08,70
11,16,28079058,08,49
11,16,28079059,08,41
11,16,28079060,08,68
11,16,28079008,09,17
11,16,28079024,09,8
11,16,28079038,09,13
11,16,28079047,09,11
11,16,28079048,09,15
11,16,28079050,09,21
11,16,28079008,10,13
11,16,28079018,10,12
11,16,28079024,10,10
11,16,28079036,10,18
11,16,28079038,10,19
11,16,28079040,10,19
11,16,28079047,10,16
11,16,28079048,10,22
11,16,28079050,10,32
11,16,28079055,10,19
11,16,28079057,10,24
11,16,28079060,10,13
11,16,28079008,14,11
11,16,28079016,14,9
11,16,28079017,14,25
11,16,28079018,14,16
11,16,28079024,14,36
11,16,28079027,14,16
11,16,28079035,14,17
11,16,28079039,14,8
11,16,28079049,14,11
11,16,28079054,14,21
11,16,28079056,14,18
11,16,28079058,14,16
11,16,28079059,14,10
11,16,28079060,14,7
11,16,28079008,20,7.4
11,16,28079011,20,7.6
11,16,28079018,20,2.5
11,16,28079024,20,2.9
11,16,28079038,20,5.2
11,16,28079055,20,4.3
11,16,28079008,30,2.3
11,16,28079011,30,3
11,16,28079018,30,0.3
11,16,28079024,30,0.9
11,16,28079038,30,1
11,16,28079055,30,0.7
11,16,28079008,35,2.3
11,16,28079011,35,1.8
11,16,28079018,35,0.2
11,16,28079024,35,0.6
11,16,28079038,35,1.2
11,16,28079055,35,0.6
11,16,28079024,42,1.54
11,16,28079027,42,1.44
11,16,28079055,42,1.69
11,16,28079024,44,0.29
11,16,28079027,44,0.2
11,16,28079055,44,0.21
11,17,28079004,01,4
11,17,28079008,01,4
11,17,28079017,01,3
11,17,28079018,01,7
11,17,28079024,01,1
11,17,28079035,01,5
11,17,28079036,01,6
11,17,28079038,01,5
11,17,28079040,01,4
11,17,28079057,01,6
11,17,28079004,06,0.3
11,17,28079008,06,0.4
11,17,28079016,06,0.4
11,17,28079018,06,0.3
11,17,28079024,06,0.2
11,17,28079035,06,0.3
11,17,28079036,06,0.4
11,17,28079039,06,0.3
11,17,28079056,06,0.3
11,17,28079057,06,0.4
11,17,28079004,07,9
11,17,28079008,07,33
11,17,28079011,07,19
11,17,28079016,07,22
11,17,28079017,07,12
11,17,28079018,07,9
11,17,28079024,07,1
11,17,28079027,07,48
11,17,28079035,07,12
11,17,28079036,07,36
11,17,28079038,07,25
11,17,28079039,07,29
11,17,28079040,07,18
11,17,28079047,07,6
11,17,28079048,07,25
11,17,28079049,07,3
11,17,28079050,07,66
11,17,28079054,07,13
11,17,28079055,07,44
11,17,28079056,07,18
11,17,28079057,07,34
11,17,28079058,07,7
11,17,28079059,07,26
11,17,28079060,07,21
11,17,28079004,08,38
11,17,28079008,08,47
11,17,28079011,08,54
11,17,28079016,08,56
11,17,28079017,08,46
11,17,28079018,08,44
11,17,28079024,08,14
11,17,28079027,08,75
11,17,28079035,08,31
11,17,28079036,08,55
11,17,28079038,08,48
11,17,28079039,08,67
11,17,28079040,08,60
11,17,28079047,08,36
11,17,28079048,08,49
11,17,28079049,08,27
11,17,28079050,08,65
11,17,28079054,08,38
11,17,28079055,08,70
11,17,28079056,08,50
11,17,28079057,08,68
11,17,28079058,08,31
11,17,28079059,08,40
11,17,28079060,08,56
11,17,28079008,09,9
11,17,28079024,09,4
11,17,28079038,09,6
11,17,28079047,09,6
11,17,28079048,09,14
11,17,28079050,09,12
11,17,28079008,10,9
11,17,28079018,10,8
11,17,28079024,10,4
11,17,28079036,10,15
11,17,28079038,10,10
11,17,28079040,10,13
11,17,28079047,10,7
11,17,28079048,10,28
11,17,28079050,10,25
11,17,28079055,10,21
11,17,28079057,10,19
11,17,28079060,10,16
11,17,28079008,14,21
11,17,28079016,14,20
11,17,28079017,14,27
11,17,28079018,14,19
11,17,28079024,14,40
11,17,28079027,14,11
11,17,28079035,14,30
11,17,28079039,14,9
11,17,28079049,14,32
11,17,28079054,14,25
11,17,28079056,14,21
11,17,28079058,14,27
11,17,28079059,14,14
11,17,28079060,14,14
11,17,28079008,20,6.7
11,17,28079011,20,7.5
11,17,28079018,20,0.8
11,17,28079024,20,1.7
11,17,28079038,20,3.6
11,17,28079055,20,3.5
11,17,28079008,30,2
11,17,28079011,30,2.9
11,17,28079018,30,0.2
11,17,28079024,30,0.7
11,17,28079038,30,0.9
11,17,28079055,30,0.6
11,17,28079008,35,1.7
11,17,28079011,35,1.5
11,17,28079018,35,0.7
11,17,28079024,35,0.7
11,17,28079038,35,0.8
11,17,28079055,35,0.6
11,17,28079024,42,1.35
11,17,28079027,42,1.43
11,17,28079055,42,1.69
11,17,28079024,44,0.25
11,17,28079027,44,0.2
11,17,28079055,44,0.21
11,18,28079004,01,4
11,18,28079008,01,4
11,18,28079017,01,4
11,18,28079018,01,7
11,18,28079024,01,1
11,18,28079035,01,4
11,18,28079036,01,5
11,18,28079038,01,5
11,18,28079040,01,5
11,18,28079057,01,6
11,18,28079004,06,0.3
11,18,28079008,06,0.5
11,18,28079016,06,0.4
11,18,28079018,06,0.3
11,18,28079024,06,0.2
11,18,28079035,06,0.3
11,18,28079036,06,0.4
11,18,28079039,06,0.4
11,18,28079056,06,0.3
11,18,28079057,06,0.3
11,18,28079004,07,11
11,18,28079008,07,46
11,18,28079011,07,24
11,18,28079016,07,17
11,18,28079017,07,19
11,18,28079018,07,5
11,18,28079024,07,1
11,18,28079027,07,28
11,18,28079035,07,11
11,18,28079036,07,41
11,18,28079038,07,30
11,18,28079039,07,30
11,18,28079040,07,23
11,18,28079047,07,6
11,18,28079048,07,23
11,18,28079049,07,3
11,18,28079050,07,63
11,18,28079054,07,6
11,18,28079055,07,19
11,18,28079056,07,22
11,18,28079057,07,20
11,18,28079058,07,5
11,18,28079059,07,6
11,18,28079060,07,19
11,18,28079004,08,38
11,18,28079008,08,54
11,18,28079011,08,53
11,18,28079016,08,54
11,18,28079017,08,51
11,18,28079018,08,39
11,18,28079024,08,10
11,18,28079027,08,59
11,18,28079035,08,33
11,18,28079036,08,53
11,18,28079038,08,49
11,18,28079039,08,65
11,18,28079040,08,59
11,18,28079047,08,39
11,18,28079048,08,46
11,18,28079049,08,31
11,18,28079050,08,67
11,18,28079054,08,30
11,18,28079055,08,58
11,18,28079056,08,50
11,18,28079057,08,56
11,18,28079058,08,22
11,18,28079059,08,31
11,18,28079060,08,50
11,18,28079008,09,8
11,18,28079024,09,3
11,18,28079038,09,4
11,18,28079047,09,5
11,18,28079048,09,7
11,18,28079050,09,10
11,18,28079008,10,8
11,18,28079018,10,6
11,18,28079024,10,3
11,18,28079036,10,22
11,18,28079038,10,9
11,18,28079040,10,14
11,18,28079047,10,7
11,18,28079048,10,14
11,18,28079050,10,21
11,18,28079055,10,15
11,18,28079057,10,12
11,18,28079060,10,12
11,18,28079008,14,14
11,18,28079016,14,16
11,18,28079017,14,18
11,18,28079018,14,21
11,18,28079024,14,46
11,18,28079027,14,17
11,18,28079035,14,26
11,18,28079039,14,16
11,18,28079049,14,22
11,18,28079054,14,27
11,18,28079056,14,19
11,18,28079058,14,36
11,18,28079059,14,19
11,18,28079060,14,19
11,18,28079008,20,6.7
11,18,28079011,20,6.2
11,18,28079018,20,0.9
11,18,28079024,20,1
11,18,28079038,20,3.4
11,18,28079055,20,3.4
11,18,28079008,30,2.1
11,18,28079011,30,2.6
11,18,28079018,30,0.2
11,18,28079024,30,0.6
11,18,28079038,30,1
11,18,28079055,30,0.6
11,18,28079008,35,1.7
11,18,28079011,35,0.8
11,18,28079018,35,1
11,18,28079024,35,0.5
11,18,28079038,35,0.7
11,18,28079055,35,0.6
11,18,28079024,42,1.33
11,18,28079027,42,1.32
11,18,28079055,42,1.53
11,18,28079024,44,0.23
11,18,28079027,44,0.17
11,18,28079055,44,0.16
11,19,28079004,01,4
11,19,28079008,01,4
11,19,28079017,01,4
11,19,28079018,01,7
11,19,28079024,01,1
11,19,28079035,01,5
11,19,28079036,01,4
11,19,28079038,01,5
11,19,28079040,01,4
11,19,28079057,01,6
11,19,28079004,06,0.3
11,19,28079008,06,0.4
11,19,28079016,06,0.4
11,19,28079018,06,0.3
11,19,28079024,06,0.2
11,19,28079035,06,0.4
11,19,28079036,06,0.3
11,19,28079039,06,0.3
11,19,28079056,06,0.3
11,19,28079057,06,0.3
11,19,28079004,07,8
11,19,28079008,07,36
11,19,28079011,07,13
11,19,28079016,07,17
11,19,28079017,07,19
11,19,28079018,07,4
11,19,28079024,07,1
11,19,28079027,07,7
11,19,28079035,07,9
11,19,28079036,07,19
11,19,28079038,07,32
11,19,28079039,07,27
11,19,28079040,07,20
11,19,28079047,07,2
11,19,28079048,07,24
11,19,28079049,07,2
11,19,28079050,07,56
11,19,28079054,07,8
11,19,28079055,07,15
11,19,28079056,07,27
11,19,28079057,07,22
11,19,28079058,07,5
11,19,28079059,07,4
11,19,28079060,07,11
11,19,28079004,08,45
11,19,28079008,08,50
11,19,28079011,08,48
11,19,28079016,08,57
11,19,28079017,08,55
11,19,28079018,08,44
11,19,28079024,08,11
11,19,28079027,08,47
11,19,28079035,08,43
11,19,28079036,08,44
11,19,28079038,08,59
11,19,28079039,08,67
11,19,28079040,08,52
11,19,28079047,08,31
11,19,28079048,08,52
11,19,28079049,08,34
11,19,28079050,08,68
11,19,28079054,08,42
11,19,28079055,08,62
11,19,28079056,08,59
11,19,28079057,08,59
11,19,28079058,08,30
11,19,28079059,08,32
11,19,28079060,08,54
11,19,28079008,09,7
11,19,28079024,09,3
11,19,28079038,09,4
11,19,28079047,09,3
11,19,28079048,09,2
11,19,28079050,09,9
11,19,28079008,10,6
11,19,28079018,10,6
11,19,28079024,10,3
11,19,28079036,10,4
11,19,28079038,10,9
11,19,28079040,10,9
11,19,28079047,10,4
11,19,28079048,10,7
11,19,28079050,10,19
11,19,28079055,10,8
11,19,28079057,10,10
11,19,28079060,10,8
11,19,28079008,14,19
11,19,28079016,14,17
11,19,28079017,14,17
11,19,28079018,14,23
11,19,28079024,14,47
11,19,28079027,14,24
11,19,28079035,14,23
11,19,28079039,14,13
11,19,28079049,14,27
11,19,28079054,14,16
11,19,28079056,14,17
11,19,28079058,14,23
11,19,28079059,14,21
11,19,28079060,14,12
11,19,28079008,20,5.4
11,19,28079011,20,6.8
11,19,28079018,20,1
11,19,28079024,20,0.7
11,19,28079038,20,3
11,19,28079055,20,2.7
11,19,28079008,30,1.8
11,19,28079011,30,1.9
11,19,28079018,30,0.2
11,19,28079024,30,0.6
11,19,28079038,30,0.8
11,19,28079055,30,0.6
11,19,28079008,35,1.6
11,19,28079011,35,0.9
11,19,28079018,35,0.6
11,19,28079024,35,0.6
11,19,28079038,35,0.6
11,19,28079055,35,0.5
11,19,28079024,42,1.33
11,19,28079027,42,1.25
11,19,28079055,42,1.49
11,19,28079024,44,0.23
11,19,28079027,44,0.14
11,19,28079055,44,0.16
11,2,28079004,01,5
11,2,28079008,01,4
11,2,28079017,01,3
11,2,28079018,01,7
11,2,28079024,01,1
11,2,28079035,01,4
11,2,28079036,01,5
11,2,28079038,01,4
11,2,28079040,01,4
11,2,28079057,01,7
11,2,28079004,06,0.5
11,2,28079008,06,0.4
11,2,28079016,06,0.6
11,2,28079018,06,0.3
11,2,28079024,06,0.3
11,2,28079035,06,0.4
11,2,28079036,06,0.4
11,2,28079039,06,0.4
11,2,28079056,06,0.2
11,2,28079057,06,0.6
11,2,28079004,07,71
11,2,28079008,07,33
11,2,28079011,07,98
11,2,28079016,07,77
11,2,28079017,07,2
11,2,28079018,07,1
11,2,28079024,07,8
11,2,28079027,07,110
11,2,28079035,07,34
11,2,28079036,07,35
11,2,28079038,07,41
11,2,28079039,07,42
11,2,28079040,07,13
11,2,28079047,07,7
11,2,28079048,07,36
11,2,28079049,07,18
11,2,28079050,07,83
11,2,28079054,07,96
11,2,28079055,07,160
11,2,28079056,07,2
11,2,28079057,07,59
11,2,28079058,07,9
11,2,28079059,07,134
11,2,28079060,07,56
11,2,28079004,08,51
11,2,28079008,08,51
11,2,28079011,08,66
11,2,28079016,08,62
11,2,28079017,08,30
11,2,28079018,08,28
11,2,28079024,08,30
11,2,28079027,08,57
11,2,28079035,08,46
11,2,28079036,08,50
11,2,28079038,08,55
11,2,28079039,08,62
11,2,28079040,08,60
11,2,28079047,08,44
11,2,28079048,08,55
11,2,28079049,08,51
11,2,28079050,08,70
11,2,28079054,08,54
11,2,28079055,08,65
11,2,28079056,08,33
11,2,28079057,08,65
11,2,28079058,08,26
11,2,28079059,08,26
11,2,28079060,08,69
11,2,28079008,09,15
11,2,28079024,09,7
11,2,28079038,09,7
11,2,28079047,09,12
11,2,28079048,09,10
11,2,28079050,09,20
11,2,28079008,10,8
11,2,28079018,10,6
11,2,28079024,10,8
11,2,28079036,10,9
11,2,28079038,10,9
11,2,28079040,10,11
11,2,28079047,10,12
11,2,28079048,10,13
11,2,28079050,10,27
11,2,28079055,10,20
11,2,28079057,10,18
11,2,28079060,10,11
11,2,28079008,14,4
11,2,28079016,14,4
11,2,28079017,14,19
11,2,28079018,14,14
11,2,28079024,14,10
11,2,28079027,14,8
11,2,28079035,14,4
11,2,28079039,14,2
11,2,28079049,14,1
11,2,28079054,14,4
11,2,28079056,14,14
11,2,28079058,14,2
11,2,28079059,14,3
11,2,28079060,14,1
11,2,28079008,20,4.7
11,2,28079011,20,12.7
11,2,28079018,20,0.6
11,2,28079024,20,1.9
11,2,28079038,20,2.9
11,2,28079055,20,6
11,2,28079008,30,1.5
11,2,28079011,30,3.9
11,2,28079018,30,0.2
11,2,28079024,30,0.8
11,2,28079038,30,0.8
11,2,28079055,30,1.9
11,2,28079008,35,1.1
11,2,28079011,35,2.4
11,2,28079018,35,1
11,2,28079024,35,0.6
11,2,28079038,35,0.6
11,2,28079055,35,1.4
11,2,28079024,42,1.42
11,2,28079027,42,1.62
11,2,28079055,42,2.05
11,2,28079024,44,0.26
11,2,28079027,44,0.23
11,2,28079055,44,0.4
11,20,28079004,01,4
11,20,28079008,01,4
11,20,28079017,01,4
11,20,28079018,01,7
11,20,28079024,01,1
11,20,28079035,01,5
11,20,28079036,01,4
11,20,28079038,01,5
11,20,28079040,01,4
11,20,28079057,01,6
11,20,28079004,06,0.3
11,20,28079008,06,0.4
11,20,28079016,06,0.3
11,20,28079018,06,0.3
11,20,28079024,06,0.2
11,20,28079035,06,0.3
11,20,28079036,06,0.3
11,20,28079039,06,0.4
11,20,28079056,06,0.4
11,20,28079057,06,0.4
11,20,28079004,07,10
11,20,28079008,07,37
11,20,28079011,07,14
11,20,28079016,07,9
11,20,28079017,07,25
11,20,28079018,07,4
11,20,28079024,07,1
11,20,28079027,07,7
11,20,28079035,07,9
11,20,28079036,07,17
11,20,28079038,07,25
11,20,28079039,07,31
11,20,28079040,07,16
11,20,28079047,07,3
11,20,28079048,07,23
11,20,28079049,07,2
11,20,28079050,07,53
11,20,28079054,07,7
11,20,28079055,07,9
11,20,28079056,07,25
11,20,28079057,07,27
11,20,28079058,07,6
11,20,28079059,07,4
11,20,28079060,07,12
11,20,28079004,08,44
11,20,28079008,08,53
11,20,28079011,08,48
11,20,28079016,08,47
11,20,28079017,08,60
11,20,28079018,08,40
11,20,28079024,08,10
11,20,28079027,08,50
11,20,28079035,08,35
11,20,28079036,08,43
11,20,28079038,08,50
11,20,28079039,08,73
11,20,28079040,08,58
11,20,28079047,08,34
11,20,28079048,08,54
11,20,28079049,08,30
11,20,28079050,08,65
11,20,28079054,08,39
11,20,28079055,08,55
11,20,28079056,08,54
11,20,28079057,08,64
11,20,28079058,08,34
11,20,28079059,08,27
11,20,28079060,08,52
11,20,28079008,09,8
11,20,28079024,09,3
11,20,28079038,09,4
11,20,28079047,09,5
11,20,28079048,09,2
11,20,28079050,09,9
11,20,28079008,10,7
11,20,28079018,10,7
11,20,28079024,10,4
11,20,28079036,10,5
11,20,28079038,10,9
11,20,28079040,10,11
11,20,28079047,10,6
11,20,28079048,10,6
11,20,28079050,10,18
11,20,28079055,10,8
11,20,28079057,10,12
11,20,28079060,10,6
11,20,28079008,14,18
11,20,28079016,14,25
11,20,28079017,14,14
11,20,28079018,14,24
11,20,28079024,14,49
11,20,28079027,14,26
11,20,28079035,14,29
11,20,28079039,14,9
11,20,28079049,14,31
11,20,28079054,14,20
11,20,28079056,14,20
11,20,28079058,14,14
11,20,28079059,14,24
11,20,28079060,14,15
11,20,28079008,20,5.5
11,20,28079011,20,5.9
11,20,28079018,20,0.8
11,20,28079024,20,0.7
11,20,28079038,20,2.4
11,20,28079055,20,2.5
11,20,28079008,30,1.7
11,20,28079011,30,2
11,20,28079018,30,0.2
11,20,28079024,30,0.5
11,20,28079038,30,0.8
11,20,28079055,30,0.6
11,20,28079008,35,1.1
11,20,28079011,35,0.6
11,20,28079018,35,0.7
11,20,28079024,35,0.6
11,20,28079038,35,0.5
11,20,28079055,35,0.4
11,20,28079024,42,1.33
11,20,28079027,42,1.24
11,20,28079055,42,1.46
11,20,28079024,44,0.24
11,20,28079027,44,0.14
11,20,28079055,44,0.15
11,21,28079004,01,4
11,21,28079008,01,4
11,21,28079017,01,4
11,21,28079018,01,7
11,21,28079024,01,1
11,21,28079035,01,5
11,21,28079036,01,4
11,21,28079038,01,4
11,21,28079040,01,4
11,21,28079057,01,6
11,21,28079004,06,0.3
11,21,28079008,06,0.4
11,21,28079016,06,0.4
11,21,28079018,06,0.3
11,21,28079024,06,0.2
11,21,28079035,06,0.3
11,21,28079036,06,0.3
11,21,28079039,06,0.3
11,21,28079056,06,0.3
11,21,28079057,06,0.3
11,21,28079004,07,16
11,21,28079008,07,28
11,21,28079011,07,9
11,21,28079016,07,14
11,21,28079017,07,20
11,21,28079018,07,4
11,21,28079024,07,1
11,21,28079027,07,6
11,21,28079035,07,7
11,21,28079036,07,15
11,21,28079038,07,21
11,21,28079039,07,17
11,21,28079040,07,17
11,21,28079047,07,2
11,21,28079048,07,17
11,21,28079049,07,1
11,21,28079050,07,41
11,21,28079054,07,8
11,21,28079055,07,9
11,21,28079056,07,18
11,21,28079057,07,15
11,21,28079058,07,4
11,21,28079059,07,4
11,21,28079060,07,2
11,21,28079004,08,45
11,21,28079008,08,44
11,21,28079011,08,40
11,21,28079016,08,55
11,21,28079017,08,48
11,21,28079018,08,39
11,21,28079024,08,13
11,21,28079027,08,49
11,21,28079035,08,32
11,21,28079036,08,41
11,21,28079038,08,46
11,21,28079039,08,56
11,21,28079040,08,52
11,21,28079047,08,33
11,21,28079048,08,48
11,21,28079049,08,28
11,21,28079050,08,56
11,21,28079054,08,32
11,21,28079055,08,52
11,21,28079056,08,49
11,21,28079057,08,43
11,21,28079058,08,26
11,21,28079059,08,30
11,21,28079060,08,30
11,21,28079008,09,7
11,21,28079024,09,4
11,21,28079038,09,4
11,21,28079047,09,5
11,21,28079048,09,2
11,21,28079050,09,9
11,21,28079008,10,6
11,21,28079018,10,7
11,21,28079024,10,4
11,21,28079036,10,6
11,21,28079038,10,8
11,21,28079040,10,10
11,21,28079047,10,7
11,21,28079048,10,7
11,21,28079050,10,16
11,21,28079055,10,6
11,21,28079057,10,8
11,21,28079060,10,4
11,21,28079008,14,21
11,21,28079016,14,17
11,21,28079017,14,22
11,21,28079018,14,24
11,21,28079024,14,44
11,21,28079027,14,25
11,21,28079035,14,29
11,21,28079039,14,19
11,21,28079049,14,26
11,21,28079054,14,26
11,21,28079056,14,21
11,21,28079058,14,29
11,21,28079059,14,20
11,21,28079060,14,34
11,21,28079008,20,4.9
11,21,28079011,20,5.2
11,21,28079018,20,0.7
11,21,28079024,20,0.6
11,21,28079038,20,2.2
11,21,28079055,20,1.8
11,21,28079008,30,1.6
11,21,28079011,30,2.2
11,21,28079018,30,0.2
11,21,28079024,30,0.5
11,21,28079038,30,0.7
11,21,28079055,30,0.5
11,21,28079008,35,1.2
11,21,28079011,35,0.5
11,21,28079018,35,1
11,21,28079024,35,0.6
11,21,28079038,35,0.4
11,21,28079055,35,0.8
11,21,28079024,42,1.33
11,21,28079027,42,1.25
11,21,28079055,42,1.46
11,21,28079024,44,0.24
11,21,28079027,44,0.14
11,21,28079055,44,0.14
11,22,28079004,01,4
11,22,28079008,01,3
11,22,28079017,01,3
11,22,28079018,01,7
11,22,28079024,01,1
11,22,28079035,01,4
11,22,28079036,01,3
11,22,28079038,01,5
11,22,28079040,01,4
11,22,28079057,01,6
11,22,28079004,06,0.4
11,22,28079008,06,0.4
11,22,28079016,06,0.4
11,22,28079018,06,0.3
11,22,28079024,06,0.2
11,22,28079035,06,0.4
11,22,28079036,06,0.3
11,22,28079039,06,0.3
11,22,28079056,06,0.4
11,22,28079057,06,0.4
11,22,28079004,07,18
11,22,28079008,07,23
11,22,28079011,07,15
11,22,28079016,07,12
11,22,28079017,07,16
11,22,28079018,07,4
11,22,28079024,07,1
11,22,28079027,07,6
11,22,28079035,07,13
11,22,28079036,07,13
11,22,28079038,07,26
11,22,28079039,07,15
11,22,28079040,07,15
11,22,28079047,07,2
11,22,28079048,07,19
11,22,28079049,07,2
11,22,28079050,07,54
11,22,28079054,07,7
11,22,28079055,07,7
11,22,28079056,07,49
11,22,28079057,07,21
11,22,28079058,07,3
11,22,28079059,07,3
11,22,28079060,07,3
11,22,28079004,08,62
11,22,28079008,08,46
11,22,28079011,08,49
11,22,28079016,08,51
11,22,28079017,08,56
11,22,28079018,08,49
11,22,28079024,08,21
11,22,28079027,08,46
11,22,28079035,08,44
11,22,28079036,08,36
11,22,28079038,08,60
11,22,28079039,08,58
11,22,28079040,08,53
11,22,28079047,08,30
11,22,28079048,08,51
11,22,28079049,08,34
11,22,28079050,08,65
11,22,28079054,08,34
11,22,28079055,08,52
11,22,28079056,08,70
11,22,28079057,08,53
11,22,28079058,08,24
11,22,28079059,08,24
11,22,28079060,08,34
11,22,28079008,09,9
11,22,28079024,09,5
11,22,28079038,09,6
11,22,28079047,09,5
11,22,28079048,09,4
11,22,28079050,09,12
11,22,28079008,10,7
11,22,28079018,10,8
11,22,28079024,10,6
11,22,28079036,10,5
11,22,28079038,10,10
11,22,28079040,10,10
11,22,28079047,10,6
11,22,28079048,10,7
11,22,28079050,10,20
11,22,28079055,10,9
11,22,28079057,10,10
11,22,28079060,10,4
11,22,28079008,14,18
11,22,28079016,14,19
11,22,28079017,14,15
11,22,28079018,14,15
11,22,28079024,14,30
11,22,28079027,14,25
11,22,28079035,14,21
11,22,28079039,14,14
11,22,28079049,14,20
11,22,28079054,14,22
11,22,28079056,14,11
11,22,28079058,14,27
11,22,28079059,14,24
11,22,28079060,14,28
11,22,28079008,20,4.7
11,22,28079011,20,4.6
11,22,28079018,20,0.7
11,22,28079024,20,0.6
11,22,28079038,20,3.5
11,22,28079055,20,2
11,22,28079008,30,1.6
11,22,28079011,30,2
11,22,28079018,30,0.2
11,22,28079024,30,0.5
11,22,28079038,30,1
11,22,28079055,30,0.5
11,22,28079008,35,1.2
11,22,28079011,35,0.3
11,22,28079018,35,1
11,22,28079024,35,0.6
11,22,28079038,35,0.6
11,22,28079055,35,0.2
11,22,28079024,42,1.34
11,22,28079027,42,1.25
11,22,28079055,42,1.48
11,22,28079024,44,0.24
11,22,28079027,44,0.14
11,22,28079055,44,0.15
11,23,28079004,01,4
11,23,28079008,01,4
11,23,28079017,01,3
11,23,28079018,01,7
11,23,28079024,01,1
11,23,28079035,01,5
11,23,28079036,01,3
11,23,28079038,01,3
11,23,28079040,01,4
11,23,28079057,01,6
11,23,28079004,06,0.4
11,23,28079008,06,0.4
11,23,28079016,06,0.4
11,23,28079018,06,0.4
11,23,28079024,06,0.2
11,23,28079035,06,0.4
11,23,28079036,06,0.3
11,23,28079039,06,0.3
11,23,28079056,06,0.4
11,23,28079057,06,0.4
11,23,28079004,07,16
11,23,28079008,07,24
11,23,28079011,07,7
11,23,28079016,07,17
11,23,28079017,07,19
11,23,28079018,07,9
11,23,28079024,07,1
11,23,28079027,07,8
11,23,28079035,07,14
11,23,28079036,07,9
11,23,28079038,07,12
11,23,28079039,07,14
11,23,28079040,07,11
11,23,28079047,07,6
11,23,28079048,07,19
11,23,28079049,07,3
11,23,28079050,07,28
11,23,28079054,07,10
11,23,28079055,07,22
11,23,28079056,07,60
11,23,28079057,07,11
11,23,28079058,07,4
11,23,28079059,07,3
11,23,28079060,07,3
11,23,28079004,08,55
11,23,28079008,08,51
11,23,28079011,08,41
11,23,28079016,08,61
11,23,28079017,08,63
11,23,28079018,08,57
11,23,28079024,08,30
11,23,28079027,08,53
11,23,28079035,08,51
11,23,28079036,08,39
11,23,28079038,08,41
11,23,28079039,08,56
11,23,28079040,08,51
11,23,28079047,08,50
11,23,28079048,08,48
11,23,28079049,08,42
11,23,28079050,08,49
11,23,28079054,08,49
11,23,28079055,08,65
11,23,28079056,08,74
11,23,28079057,08,41
11,23,28079058,08,24
11,23,28079059,08,27
11,23,28079060,08,36
11,23,28079008,09,9
11,23,28079024,09,6
11,23,28079038,09,7
11,23,28079047,09,8
11,23,28079048,09,9
11,23,28079050,09,12
11,23,28079008,10,7
11,23,28079018,10,11
11,23,28079024,10,7
11,23,28079036,10,8
11,23,28079038,10,9
11,23,28079040,10,10
11,23,28079047,10,10
11,23,28079048,10,16
11,23,28079050,10,18
11,23,28079055,10,10
11,23,28079057,10,10
11,23,28079060,10,6
11,23,28079008,14,11
11,23,28079016,14,12
11,23,28079017,14,8
11,23,28079018,14,7
11,23,28079024,14,22
11,23,28079027,14,19
11,23,28079035,14,12
11,23,28079039,14,12
11,23,28079049,14,10
11,23,28079054,14,12
11,23,28079056,14,6
11,23,28079058,14,24
11,23,28079059,14,20
11,23,28079060,14,23
11,23,28079008,20,4.1
11,23,28079011,20,4.7
11,23,28079018,20,1
11,23,28079024,20,0.8
11,23,28079038,20,2.5
11,23,28079055,20,2.2
11,23,28079008,30,1.4
11,23,28079011,30,2.1
11,23,28079018,30,0.3
11,23,28079024,30,0.6
11,23,28079038,30,0.8
11,23,28079055,30,0.7
11,23,28079008,35,1
11,23,28079011,35,0.3
11,23,28079018,35,1
11,23,28079024,35,0.6
11,23,28079038,35,0.5
11,23,28079055,35,0.3
11,23,28079024,42,1.36
11,23,28079027,42,1.27
11,23,28079055,42,1.51
11,23,28079024,44,0.25
11,23,28079027,44,0.15
11,23,28079055,44,0.17
11,24,28079004,01,4
11,24,28079008,01,4
11,24,28079017,01,3
11,24,28079018,01,7
11,24,28079024,01,1
11,24,28079035,01,4
11,24,28079036,01,2
11,24,28079038,01,3
11,24,28079040,01,4
11,24,28079057,01,5
11,24,28079004,06,0.4
11,24,28079008,06,0.4
11,24,28079016,06,0.4
11,24,28079018,06,0.4
11,24,28079024,06,0.2
11,24,28079035,06,0.4
11,24,28079036,06,0.3
11,24,28079039,06,0.3
11,24,28079056,06,0.4
11,24,28079057,06,0.3
11,24,28079004,07,18
11,24,28079008,07,25
11,24,28079011,07,4
11,24,28079016,07,18
11,24,28079017,07,21
11,24,28079018,07,5
11,24,28079024,07,1
11,24,28079027,07,26
11,24,28079035,07,14
11,24,28079036,07,7
11,24,28079038,07,8
11,24,28079039,07,5
11,24,28079040,07,6
11,24,28079047,07,4
11,24,28079048,07,7
11,24,28079049,07,3
11,24,28079050,07,24
11,24,28079054,07,12
11,24,28079055,07,59
11,24,28079056,07,77
11,24,28079057,07,2
11,24,28079058,07,3
11,24,28079059,07,7
11,24,28079060,07,1
11,24,28079004,08,44
11,24,28079008,08,50
11,24,28079011,08,36
11,24,28079016,08,61
11,24,28079017,08,57
11,24,28079018,08,46
11,24,28079024,08,26
11,24,28079027,08,70
11,24,28079035,08,45
11,24,28079036,08,33
11,24,28079038,08,35
11,24,28079039,08,40
11,24,28079040,08,45
11,24,28079047,08,39
11,24,28079048,08,35
11,24,28079049,08,43
11,24,28079050,08,39
11,24,28079054,08,49
11,24,28079055,08,76
11,24,28079056,08,73
11,24,28079057,08,32
11,24,28079058,08,18
11,24,28079059,08,30
11,24,28079060,08,33
11,24,28079008,09,10
11,24,28079024,09,8
11,24,28079038,09,9
11,24,28079047,09,9
11,24,28079048,09,9
11,24,28079050,09,11
11,24,28079008,10,8
11,24,28079018,10,11
11,24,28079024,10,9
11,24,28079036,10,9
11,24,28079038,10,8
11,24,28079040,10,9
11,24,28079047,10,10
11,24,28079048,10,13
11,24,28079050,10,16
11,24,28079055,10,15
11,24,28079057,10,9
11,24,28079060,10,10
11,24,28079008,14,8
11,24,28079016,14,8
11,24,28079017,14,6
11,24,28079018,14,12
11,24,28079024,14,20
11,24,28079027,14,7
11,24,28079035,14,11
11,24,28079039,14,19
11,24,28079049,14,7
11,24,28079054,14,8
11,24,28079056,14,5
11,24,28079058,14,30
11,24,28079059,14,13
11,24,28079060,14,21
11,24,28079008,20,4.6
11,24,28079011,20,4.4
11,24,28079018,20,1.8
11,24,28079024,20,0.9
11,24,28079038,20,1.8
11,24,28079055,20,2.8
11,24,28079008,30,1.6
11,24,28079011,30,1.8
11,24,28079018,30,0.4
11,24,28079024,30,0.5
11,24,28079038,30,0.7
11,24,28079055,30,0.7
11,24,28079008,35,1.2
11,24,28079011,35,0.3
11,24,28079018,35,0.7
11,24,28079024,35,0.6
11,24,28079038,35,0.3
11,24,28079055,35,0.4
11,24,28079024,42,1.36
11,24,28079027,42,1.34
11,24,28079055,42,1.56
11,24,28079024,44,0.25
11,24,28079027,44,0.2
11,24,28079055,44,0.22
11,3,28079004,01,4
11,3,28079008,01,4
11,3,28079017,01,3
11,3,28079018,01,7
11,3,28079024,01,2
11,3,28079035,01,4
11,3,28079036,01,5
11,3,28079038,01,4
11,3,28079040,01,4
11,3,28079057,01,7
11,3,28079004,06,0.4
11,3,28079008,06,0.4
11,3,28079016,06,0.6
11,3,28079018,06,0.4
11,3,28079024,06,0.4
11,3,28079035,06,0.4
11,3,28079036,06,0.4
11,3,28079039,06,0.4
11,3,28079056,06,0.3
11,3,28079057,06,0.5
11,3,28079004,07,33
11,3,28079008,07,35
11,3,28079011,07,77
11,3,28079016,07,84
11,3,28079017,07,1
11,3,28079018,07,5
11,3,28079024,07,10
11,3,28079027,07,105
11,3,28079035,07,35
11,3,28079036,07,39
11,3,28079038,07,34
11,3,28079039,07,31
11,3,28079040,07,10
11,3,28079047,07,10
11,3,28079048,07,51
11,3,28079049,07,26
11,3,28079050,07,76
11,3,28079054,07,92
11,3,28079055,07,114
11,3,28079056,07,6
11,3,28079057,07,50
11,3,28079058,07,12
11,3,28079059,07,95
11,3,28079060,07,49
11,3,28079004,08,51
11,3,28079008,08,47
11,3,28079011,08,63
11,3,28079016,08,62
11,3,28079017,08,22
11,3,28079018,08,44
11,3,28079024,08,50
11,3,28079027,08,50
11,3,28079035,08,48
11,3,28079036,08,45
11,3,28079038,08,55
11,3,28079039,08,63
11,3,28079040,08,59
11,3,28079047,08,45
11,3,28079048,08,55
11,3,28079049,08,47
11,3,28079050,08,71
11,3,28079054,08,55
11,3,28079055,08,52
11,3,28079056,08,46
11,3,28079057,08,64
11,3,28079058,08,30
11,3,28079059,08,26
11,3,28079060,08,68
11,3,28079008,09,15
11,3,28079024,09,6
11,3,28079038,09,9
11,3,28079047,09,13
11,3,28079048,09,12
11,3,28079050,09,23
11,3,28079008,10,9
11,3,28079018,10,8
11,3,28079024,10,7
11,3,28079036,10,14
11,3,28079038,10,11
11,3,28079040,10,10
11,3,28079047,10,14
11,3,28079048,10,13
11,3,28079050,10,29
11,3,28079055,10,19
11,3,28079057,10,20
11,3,28079060,10,12
11,3,28079008,14,4
11,3,28079016,14,4
11,3,28079017,14,20
11,3,28079018,14,5
11,3,28079024,14,3
11,3,28079027,14,7
11,3,28079035,14,3
11,3,28079039,14,2
11,3,28079049,14,1
11,3,28079054,14,3
11,3,28079056,14,6
11,3,28079058,14,2
11,3,28079059,14,3
11,3,28079060,14,1
11,3,28079008,20,5
11,3,28079011,20,10.6
11,3,28079018,20,0.8
11,3,28079024,20,1.6
11,3,28079038,20,3.4
11,3,28079055,20,5.1
11,3,28079008,30,1.6
11,3,28079011,30,3.9
11,3,28079018,30,0.2
11,3,28079024,30,0.8
11,3,28079038,30,0.9
11,3,28079055,30,1.5
11,3,28079008,35,1.3
11,3,28079011,35,2
11,3,28079018,35,1
11,3,28079024,35,0.6
11,3,28079038,35,0.6
11,3,28079055,35,1.2
11,3,28079024,42,1.42
11,3,28079027,42,1.7
11,3,28079055,42,2.13
11,3,28079024,44,0.28
11,3,28079027,44,0.21
11,3,28079055,44,0.4
11,4,28079004,01,4
11,4,28079008,01,4
11,4,28079017,01,3
11,4,28079018,01,7
11,4,28079024,01,2
11,4,28079035,01,4
11,4,28079036,01,5
11,4,28079038,01,3
11,4,28079040,01,5
11,4,28079057,01,6
11,4,28079004,06,0.4
11,4,28079008,06,0.5
11,4,28079016,06,0.7
11,4,28079018,06,0.4
11,4,28079024,06,0.3
11,4,28079035,06,0.4
11,4,28079036,06,0.5
11,4,28079039,06,0.4
11,4,28079056,06,0.3
11,4,28079057,06,0.4
11,4,28079004,07,34
11,4,28079008,07,47
11,4,28079011,07,68
11,4,28079016,07,96
11,4,28079017,07,2
11,4,28079018,07,14
11,4,28079024,07,11
11,4,28079027,07,38
11,4,28079035,07,36
11,4,28079036,07,50
11,4,28079038,07,27
11,4,28079039,07,30
11,4,28079040,07,59
11,4,28079047,07,15
11,4,28079048,07,71
11,4,28079049,07,35
11,4,28079050,07,54
11,4,28079054,07,85
11,4,28079055,07,45
11,4,28079056,07,12
11,4,28079057,07,19
11,4,28079058,07,8
11,4,28079059,07,66
11,4,28079060,07,24
11,4,28079004,08,53
11,4,28079008,08,50
11,4,28079011,08,65
11,4,28079016,08,64
11,4,28079017,08,26
11,4,28079018,08,51
11,4,28079024,08,50
11,4,28079027,08,51
11,4,28079035,08,51
11,4,28079036,08,48
11,4,28079038,08,56
11,4,28079039,08,59
11,4,28079040,08,65
11,4,28079047,08,46
11,4,28079048,08,64
11,4,28079049,08,48
11,4,28079050,08,68
11,4,28079054,08,52
11,4,28079055,08,51
11,4,28079056,08,46
11,4,28079057,08,61
11,4,28079058,08,25
11,4,28079059,08,29
11,4,28079060,08,61
11,4,28079008,09,17
11,4,28079024,09,7
11,4,28079038,09,8
11,4,28079047,09,14
11,4,28079048,09,19
11,4,28079050,09,22
11,4,28079008,10,10
11,4,28079018,10,11
11,4,28079024,10,7
11,4,28079036,10,21
11,4,28079038,10,9
11,4,28079040,10,25
11,4,28079047,10,15
11,4,28079048,10,25
11,4,28079050,10,25
11,4,28079055,10,21
11,4,28079057,10,16
11,4,28079060,10,8
11,4,28079008,14,4
11,4,28079016,14,4
11,4,28079017,14,17
11,4,28079018,14,3
11,4,28079024,14,3
11,4,28079027,14,6
11,4,28079035,14,3
11,4,28079039,14,2
11,4,28079049,14,1
11,4,28079054,14,3
11,4,28079056,14,5
11,4,28079058,14,2
11,4,28079059,14,3
11,4,28079060,14,1
11,4,28079008,20,5.5
11,4,28079011,20,9.6
11,4,28079018,20,1.3
11,4,28079024,20,2.2
11,4,28079038,20,3.8
11,4,28079055,20,4.8
11,4,28079008,30,1.6
11,4,28079011,30,3.5
11,4,28079018,30,0.3
11,4,28079024,30,0.9
11,4,28079038,30,0.9
11,4,28079055,30,1.3
11,4,28079008,35,1.2
11,4,28079011,35,1.8
11,4,28079018,35,1
11,4,28079024,35,0.6
11,4,28079038,35,0.7
11,4,28079055,35,1.2
11,4,28079024,42,1.43
11,4,28079027,42,1.54
11,4,28079055,42,1.85
11,4,28079024,44,0.28
11,4,28079027,44,0.2
11,4,28079055,44,0.29
11,5,28079004,01,4
11,5,28079008,01,4
11,5,28079017,01,3
11,5,28079018,01,7
11,5,28079024,01,2
11,5,28079035,01,4
11,5,28079036,01,4
11,5,28079038,01,3
11,5,28079040,01,5
11,5,28079057,01,6
11,5,28079004,06,0.4
11,5,28079008,06,0.5
11,5,28079016,06,0.5
11,5,28079018,06,0.4
11,5,28079024,06,0.3
11,5,28079035,06,0.4
11,5,28079036,06,0.5
11,5,28079039,06,0.4
11,5,28079056,06,0.3
11,5,28079057,06,0.4
11,5,28079004,07,22
11,5,28079008,07,57
11,5,28079011,07,50
11,5,28079016,07,52
11,5,28079017,07,3
11,5,28079018,07,19
11,5,28079024,07,12
11,5,28079027,07,23
11,5,28079035,07,28
11,5,28079036,07,37
11,5,28079038,07,26
11,5,28079039,07,30
11,5,28079040,07,53
11,5,28079047,07,6
11,5,28079048,07,57
11,5,28079049,07,31
11,5,28079050,07,30
11,5,28079054,07,69
11,5,28079055,07,28
11,5,28079056,07,14
11,5,28079057,07,12
11,5,28079058,07,7
11,5,28079059,07,32
11,5,28079060,07,7
11,5,28079004,08,57
11,5,28079008,08,51
11,5,28079011,08,63
11,5,28079016,08,66
11,5,28079017,08,37
11,5,28079018,08,52
11,5,28079024,08,45
11,5,28079027,08,62
11,5,28079035,08,50
11,5,28079036,08,47
11,5,28079038,08,56
11,5,28079039,08,65
11,5,28079040,08,65
11,5,28079047,08,40
11,5,28079048,08,65
11,5,28079049,08,46
11,5,28079050,08,64
11,5,28079054,08,49
11,5,28079055,08,61
11,5,28079056,08,47
11,5,28079057,08,58
11,5,28079058,08,37
11,5,28079059,08,38
11,5,28079060,08,54
11,5,28079008,09,19
11,5,28079024,09,7
11,5,28079038,09,10
11,5,28079047,09,12
11,5,28079048,09,16
11,5,28079050,09,17
11,5,28079008,10,11
11,5,28079018,10,14
11,5,28079024,10,8
11,5,28079036,10,16
11,5,28079038,10,11
11,5,28079040,10,26
11,5,28079047,10,12
11,5,28079048,10,15
11,5,28079050,10,18
11,5,28079055,10,13
11,5,28079057,10,12
11,5,28079060,10,6
11,5,28079008,14,4
11,5,28079016,14,4
11,5,28079017,14,9
11,5,28079018,14,3
11,5,28079024,14,3
11,5,28079027,14,6
11,5,28079035,14,3
11,5,28079039,14,2
11,5,28079049,14,1
11,5,28079054,14,3
11,5,28079056,14,4
11,5,28079058,14,3
11,5,28079059,14,3
11,5,28079060,14,1
11,5,28079008,20,6.1
11,5,28079011,20,8.1
11,5,28079018,20,1.7
11,5,28079024,20,2.1
11,5,28079038,20,4
11,5,28079055,20,5.1
11,5,28079008,30,1.8
11,5,28079011,30,3.3
11,5,28079018,30,0.4
11,5,28079024,30,0.8
11,5,28079038,30,0.8
11,5,28079055,30,0.7
11,5,28079008,35,1.4
11,5,28079011,35,1.2
11,5,28079018,35,0.4
11,5,28079024,35,0.5
11,5,28079038,35,0.7
11,5,28079055,35,0.8
11,5,28079024,42,1.44
11,5,28079027,42,1.47
11,5,28079055,42,1.69
11,5,28079024,44,0.28
11,5,28079027,44,0.2
11,5,28079055,44,0.21
11,6,28079004,01,3
11,6,28079008,01,4
11,6,28079017,01,3
11,6,28079018,01,7
11,6,28079024,01,2
11,6,28079035,01,4
11,6,28079036,01,4
11,6,28079038,01,3
11,6,28079040,01,5
11,6,28079057,01,6
11,6,28079004,06,0.4
11,6,28079008,06,0.4
11,6,28079016,06,0.4
11,6,28079018,06,0.4
11,6,28079024,06,0.3
11,6,28079035,06,0.4
11,6,28079036,06,0.5
11,6,28079039,06,0.3
11,6,28079056,06,0.3
11,6,28079057,06,0.4
11,6,28079004,07,31
11,6,28079008,07,38
11,6,28079011,07,25
11,6,28079016,07,33
11,6,28079017,07,13
11,6,28079018,07,20
11,6,28079024,07,14
11,6,28079027,07,28
11,6,28079035,07,32
11,6,28079036,07,39
11,6,28079038,07,24
11,6,28079039,07,20
11,6,28079040,07,33
11,6,28079047,07,6
11,6,28079048,07,37
11,6,28079049,07,14
11,6,28079050,07,23
11,6,28079054,07,54
11,6,28079055,07,27
11,6,28079056,07,24
11,6,28079057,07,22
11,6,28079058,07,8
11,6,28079059,07,24
11,6,28079060,07,11
11,6,28079004,08,54
11,6,28079008,08,52
11,6,28079011,08,61
11,6,28079016,08,63
11,6,28079017,08,47
11,6,28079018,08,54
11,6,28079024,08,43
11,6,28079027,08,66
11,6,28079035,08,51
11,6,28079036,08,48
11,6,28079038,08,58
11,6,28079039,08,63
11,6,28079040,08,60
11,6,28079047,08,42
11,6,28079048,08,62
11,6,28079049,08,46
11,6,28079050,08,62
11,6,28079054,08,51
11,6,28079055,08,64
11,6,28079056,08,53
11,6,28079057,08,62
11,6,28079058,08,45
11,6,28079059,08,41
11,6,28079060,08,56
11,6,28079008,09,16
11,6,28079024,09,9
11,6,28079038,09,11
11,6,28079047,09,10
11,6,28079048,09,14
11,6,28079050,09,12
11,6,28079008,10,8
11,6,28079018,10,16
11,6,28079024,10,10
11,6,28079036,10,16
11,6,28079038,10,11
11,6,28079040,10,15
11,6,28079047,10,11
11,6,28079048,10,15
11,6,28079050,10,11
11,6,28079055,10,10
11,6,28079057,10,8
11,6,28079060,10,2
11,6,28079008,14,4
11,6,28079016,14,4
11,6,28079017,14,4
11,6,28079018,14,3
11,6,28079024,14,3
11,6,28079027,14,6
11,6,28079035,14,3
11,6,28079039,14,2
11,6,28079049,14,1
11,6,28079054,14,3
11,6,28079056,14,3
11,6,28079058,14,2
11,6,28079059,14,3
11,6,28079060,14,1
11,6,28079008,20,6
11,6,28079011,20,7.3
11,6,28079018,20,1.8
11,6,28079024,20,2.2
11,6,28079038,20,3.3
11,6,28079055,20,5.1
11,6,28079008,30,1.6
11,6,28079011,30,3.1
11,6,28079018,30,0.4
11,6,28079024,30,0.8
11,6,28079038,30,0.8
11,6,28079055,30,0.6
11,6,28079008,35,1.4
11,6,28079011,35,1.2
11,6,28079018,35,0.3
11,6,28079024,35,0.5
11,6,28079038,35,0.6
11,6,28079055,35,0.6
11,6,28079024,42,1.46
11,6,28079027,42,1.49
11,6,28079055,42,1.71
11,6,28079024,44,0.28
11,6,28079027,44,0.2
11,6,28079055,44,0.21
11,7,28079004,01,4
11,7,28079008,01,4
11,7,28079017,01,3
11,7,28079018,01,7
11,7,28079024,01,2
11,7,28079035,01,4
11,7,28079036,01,6
11,7,28079038,01,3
11,7,28079040,01,5
11,7,28079057,01,6
11,7,28079004,06,0.4
11,7,28079008,06,0.5
11,7,28079016,06,0.4
11,7,28079018,06,0.4
11,7,28079024,06,0.3
11,7,28079035,06,0.4
11,7,28079036,06,0.8
11,7,28079039,06,0.4
11,7,28079056,06,0.3
11,7,28079057,06,0.4
11,7,28079004,07,36
11,7,28079008,07,49
11,7,28079011,07,31
11,7,28079016,07,32
11,7,28079017,07,25
11,7,28079018,07,20
11,7,28079024,07,10
11,7,28079027,07,35
11,7,28079035,07,33
11,7,28079036,07,39
11,7,28079038,07,40
11,7,28079039,07,27
11,7,28079040,07,43
11,7,28079047,07,19
11,7,28079048,07,34
11,7,28079049,07,50
11,7,28079050,07,34
11,7,28079054,07,51
11,7,28079055,07,25
11,7,28079056,07,26
11,7,28079057,07,25
11,7,28079058,07,12
11,7,28079059,07,20
11,7,28079060,07,23
11,7,28079004,08,53
11,7,28079008,08,61
11,7,28079011,08,61
11,7,28079016,08,64
11,7,28079017,08,55
11,7,28079018,08,56
11,7,28079024,08,44
11,7,28079027,08,65
11,7,28079035,08,50
11,7,28079036,08,49
11,7,28079038,08,67
11,7,28079039,08,65
11,7,28079040,08,68
11,7,28079047,08,47
11,7,28079048,08,62
11,7,28079049,08,61
11,7,28079050,08,65
11,7,28079054,08,57
11,7,28079055,08,62
11,7,28079056,08,57
11,7,28079057,08,66
11,7,28079058,08,55
11,7,28079059,08,39
11,7,28079060,08,63
11,7,28079008,09,16
11,7,28079024,09,11
11,7,28079038,09,15
11,7,28079047,09,10
11,7,28079048,09,10
11,7,28079050,09,13
11,7,28079008,10,7
11,7,28079018,10,15
11,7,28079024,10,14
11,7,28079036,10,23
11,7,28079038,10,16
11,7,28079040,10,15
11,7,28079047,10,13
11,7,28079048,10,11
11,7,28079050,10,18
11,7,28079055,10,11
11,7,28079057,10,8
11,7,28079060,10,4
11,7,28079008,14,4
11,7,28079016,14,4
11,7,28079017,14,3
11,7,28079018,14,2
11,7,28079024,14,3
11,7,28079027,14,6
11,7,28079035,14,2
11,7,28079039,14,2
11,7,28079049,14,1
11,7,28079054,14,3
11,7,28079056,14,3
11,7,28079058,14,3
11,7,28079059,14,3
11,7,28079060,14,1
11,7,28079008,20,7.2
11,7,28079011,20,7.6
11,7,28079018,20,1.8
11,7,28079024,20,2.5
11,7,28079038,20,5.8
11,7,28079055,20,4.5
11,7,28079008,30,1.7
11,7,28079011,30,2.7
11,7,28079018,30,0.4
11,7,28079024,30,0.9
11,7,28079038,30,0.9
11,7,28079055,30,0.6
11,7,28079008,35,1.6
11,7,28079011,35,0.9
11,7,28079018,35,0.1
11,7,28079024,35,0.5
11,7,28079038,35,0.8
11,7,28079055,35,0.6
11,7,28079024,42,1.5
11,7,28079027,42,1.52
11,7,28079055,42,1.75
11,7,28079024,44,0.3
11,7,28079027,44,0.2
11,7,28079055,44,0.2
11,8,28079004,01,4
11,8,28079008,01,5
11,8,28079017,01,4
11,8,28079018,01,7
11,8,28079024,01,2
11,8,28079035,01,5
11,8,28079036,01,10
11,8,28079038,01,4
11,8,28079040,01,5
11,8,28079057,01,5
11,8,28079004,06,0.5
11,8,28079008,06,0.6
11,8,28079016,06,0.5
11,8,28079018,06,0.5
11,8,28079024,06,0.3
11,8,28079035,06,0.5
11,8,28079036,06,0.9
11,8,28079039,06,0.4
11,8,28079056,06,0.5
11,8,28079057,06,0.4
11,8,28079004,07,60
11,8,28079008,07,89
11,8,28079011,07,42
11,8,28079016,07,41
11,8,28079017,07,53
11,8,28079018,07,33
11,8,28079024,07,16
11,8,28079027,07,38
11,8,28079035,07,65
11,8,28079036,07,47
11,8,28079038,07,64
11,8,28079039,07,49
11,8,28079040,07,54
11,8,28079047,07,72
11,8,28079048,07,56
11,8,28079049,07,64
11,8,28079050,07,42
11,8,28079054,07,76
11,8,28079055,07,46
11,8,28079056,07,120
11,8,28079057,07,21
11,8,28079058,07,29
11,8,28079059,07,34
11,8,28079060,07,29
11,8,28079004,08,62
11,8,28079008,08,69
11,8,28079011,08,65
11,8,28079016,08,67
11,8,28079017,08,60
11,8,28079018,08,60
11,8,28079024,08,47
11,8,28079027,08,65
11,8,28079035,08,64
11,8,28079036,08,52
11,8,28079038,08,73
11,8,28079039,08,72
11,8,28079040,08,71
11,8,28079047,08,64
11,8,28079048,08,67
11,8,28079049,08,64
11,8,28079050,08,68
11,8,28079054,08,61
11,8,28079055,08,66
11,8,28079056,08,88
11,8,28079057,08,67
11,8,28079058,08,61
11,8,28079059,08,36
11,8,28079060,08,66
11,8,28079008,09,20
11,8,28079024,09,13
11,8,28079038,09,19
11,8,28079047,09,15
11,8,28079048,09,16
11,8,28079050,09,17
11,8,28079008,10,11
11,8,28079018,10,18
11,8,28079024,10,18
11,8,28079036,10,15
11,8,28079038,10,20
11,8,28079040,10,17
11,8,28079047,10,17
11,8,28079048,10,21
11,8,28079050,10,24
11,8,28079055,10,13
11,8,28079057,10,10
11,8,28079060,10,7
11,8,28079008,14,4
11,8,28079016,14,4
11,8,28079017,14,3
11,8,28079018,14,2
11,8,28079024,14,2
11,8,28079027,14,6
11,8,28079035,14,3
11,8,28079039,14,2
11,8,28079049,14,1
11,8,28079054,14,3
11,8,28079056,14,2
11,8,28079058,14,2
11,8,28079059,14,3
11,8,28079060,14,1
11,8,28079008,20,7.5
11,8,28079011,20,7.6
11,8,28079018,20,2.1
11,8,28079024,20,3.1
11,8,28079038,20,6.2
11,8,28079055,20,4.4
11,8,28079008,30,2
11,8,28079011,30,2.9
11,8,28079018,30,0.4
11,8,28079024,30,0.8
11,8,28079038,30,1.1
11,8,28079055,30,0.7
11,8,28079008,35,1.8
11,8,28079011,35,1.1
11,8,28079018,35,0.1
11,8,28079024,35,0.5
11,8,28079038,35,0.9
11,8,28079055,35,0.7
11,8,28079024,42,1.54
11,8,28079027,42,1.49
11,8,28079055,42,1.74
11,8,28079024,44,0.31
11,8,28079027,44,0.2
11,8,28079055,44,0.22
11,9,28079004,01,6
11,9,28079008,01,6
11,9,28079017,01,4
11,9,28079018,01,8
11,9,28079024,01,2
11,9,28079035,01,5
11,9,28079036,01,11
11,9,28079038,01,6
11,9,28079040,01,5
11,9,28079057,01,6
11,9,28079004,06,0.7
11,9,28079008,06,0.6
11,9,28079016,06,0.5
11,9,28079018,06,0.5
11,9,28079024,06,0.3
11,9,28079035,06,0.6
11,9,28079036,06,0.8
11,9,28079039,06,0.5
11,9,28079056,06,0.5
11,9,28079057,06,0.5
11,9,28079004,07,103
11,9,28079008,07,92
11,9,28079011,07,58
11,9,28079016,07,45
11,9,28079017,07,50
11,9,28079018,07,58
11,9,28079024,07,24
11,9,28079027,07,23
11,9,28079035,07,83
11,9,28079036,07,70
11,9,28079038,07,135
11,9,28079039,07,66
11,9,28079040,07,55
11,9,28079047,07,60
11,9,28079048,07,65
11,9,28079049,07,56
11,9,28079050,07,49
11,9,28079054,07,74
11,9,28079055,07,45
11,9,28079056,07,126
11,9,28079057,07,37
11,9,28079058,07,39
11,9,28079059,07,19
11,9,28079060,07,36
11,9,28079004,08,79
11,9,28079008,08,73
11,9,28079011,08,73
11,9,28079016,08,72
11,9,28079017,08,63
11,9,28079018,08,67
11,9,28079024,08,44
11,9,28079027,08,61
11,9,28079035,08,73
11,9,28079036,08,60
11,9,28079038,08,85
11,9,28079039,08,79
11,9,28079040,08,74
11,9,28079047,08,65
11,9,28079048,08,72
11,9,28079049,08,67
11,9,28079050,08,72
11,9,28079054,08,61
11,9,28079055,08,65
11,9,28079056,08,91
11,9,28079057,08,71
11,9,28079058,08,73
11,9,28079059,08,34
11,9,28079060,08,72
11,9,28079008,09,19
11,9,28079024,09,12
11,9,28079038,09,28
11,9,28079047,09,14
11,9,28079048,09,17
11,9,28079050,09,17
11,9,28079008,10,10
11,9,28079018,10,18
11,9,28079024,10,15
11,9,28079036,10,16
11,9,28079038,10,30
11,9,28079040,10,16
11,9,28079047,10,16
11,9,28079048,10,18
11,9,28079050,10,20
11,9,28079055,10,10
11,9,28079057,10,13
11,9,28079060,10,10
11,9,28079008,14,4
11,9,28079016,14,4
11,9,28079017,14,3
11,9,28079018,14,2
11,9,28079024,14,3
11,9,28079027,14,8
11,9,28079035,14,3
11,9,28079039,14,2
11,9,28079049,14,1
11,9,28079054,14,3
11,9,28079056,14,3
11,9,28079058,14,2
11,9,28079059,14,4
11,9,28079060,14,1
11,9,28079008,20,7.8
11,9,28079011,20,7.2
11,9,28079018,20,2.3
11,9,28079038,20,7.5
11,9,28079055,20,4.7
11,9,28079008,30,2.6
11,9,28079011,30,3
11,9,28079018,30,0.5
11,9,28079038,30,1.7
11,9,28079055,30,1
11,9,28079008,35,2.3
11,9,28079011,35,1.3
11,9,28079018,35,0.2
11,9,28079038,35,1.3
11,9,28079055,35,0.8
11,9,28079024,42,1.56
11,9,28079027,42,1.4
11,9,28079055,42,1.65
11,9,28079024,44,0.32
11,9,28079027,44,0.18
11,9,28079055,44,0.2
12,1,28079004,01,3
12,1,28079008,01,3
12,1,28079017,01,4
12,1,28079018,01,7
12,1,28079024,01,1
12,1,28079035,01,4
12,1,28079036,01,2
12,1,28079038,01,3
12,1,28079040,01,4
12,1,28079057,01,5
12,1,28079004,06,0.3
12,1,28079008,06,0.4
12,1,28079016,06,0.4
12,1,28079018,06,0.4
12,1,28079024,06,0.2
12,1,28079035,06,0.3
12,1,28079036,06,0.3
12,1,28079039,06,0.2
12,1,28079056,06,0.6
12,1,28079057,06,0.3
12,1,28079004,07,9
12,1,28079008,07,19
12,1,28079011,07,7
12,1,28079016,07,7
12,1,28079017,07,44
12,1,28079018,07,7
12,1,28079024,07,1
12,1,28079027,07,23
12,1,28079035,07,9
12,1,28079036,07,7
12,1,28079038,07,9
12,1,28079039,07,3
12,1,28079040,07,10
12,1,28079047,07,4
12,1,28079048,07,7
12,1,28079049,07,2
12,1,28079050,07,24
12,1,28079054,07,30
12,1,28079055,07,24
12,1,28079056,07,89
12,1,28079057,07,1
12,1,28079058,07,3
12,1,28079059,07,12
12,1,28079060,07,1
12,1,28079004,08,29
12,1,28079008,08,42
12,1,28079011,08,33
12,1,28079016,08,41
12,1,28079017,08,58
12,1,28079018,08,44
12,1,28079024,08,14
12,1,28079027,08,67
12,1,28079035,08,30
12,1,28079036,08,30
12,1,28079038,08,27
12,1,28079039,08,29
12,1,28079040,08,46
12,1,28079047,08,42
12,1,28079048,08,26
12,1,28079049,08,38
12,1,28079050,08,39
12,1,28079054,08,47
12,1,28079055,08,64
12,1,28079056,08,73
12,1,28079057,08,28
12,1,28079058,08,13
12,1,28079059,08,31
12,1,28079060,08,25
12,1,28079008,09,13
12,1,28079024,09,8
12,1,28079038,09,8
12,1,28079047,09,8
12,1,28079048,09,7
12,1,28079050,09,11
12,1,28079008,10,8
12,1,28079018,10,10
12,1,28079024,10,9
12,1,28079036,10,8
12,1,28079038,10,9
12,1,28079040,10,10
12,1,28079047,10,9
12,1,28079048,10,11
12,1,28079050,10,14
12,1,28079055,10,13
12,1,28079057,10,9
12,1,28079060,10,6
12,1,28079008,14,9
12,1,28079016,14,16
12,1,28079017,14,7
12,1,28079018,14,8
12,1,28079024,14,24
12,1,28079027,14,7
12,1,28079035,14,17
12,1,28079039,14,22
12,1,28079049,14,8
12,1,28079054,14,4
12,1,28079056,14,4
12,1,28079058,14,27
12,1,28079059,14,11
12,1,28079060,14,25
12,1,28079008,20,4.6
12,1,28079011,20,4.2
12,1,28079018,20,0.7
12,1,28079024,20,0.9
12,1,28079038,20,1.6
12,1,28079055,20,2.9
12,1,28079008,30,1.6
12,1,28079011,30,1.9
12,1,28079018,30,0.2
12,1,28079024,30,0.6
12,1,28079038,30,0.6
12,1,28079055,30,0.6
12,1,28079008,35,1.3
12,1,28079011,35,0.4
12,1,28079018,35,1
12,1,28079024,35,0.6
12,1,28079038,35,0.3
12,1,28079055,35,0.4
12,1,28079024,42,1.36
12,1,28079027,42,1.38
12,1,28079055,42,1.94
12,1,28079024,44,0.25
12,1,28079027,44,0.21
12,1,28079055,44,0.24
12,10,28079004,01,3
12,10,28079008,01,3
12,10,28079017,01,3
12,10,28079018,01,7
12,10,28079024,01,1
12,10,28079035,01,4
12,10,28079036,01,2
12,10,28079038,01,2
12,10,28079040,01,4
12,10,28079057,01,6
12,10,28079004,06,0.3
12,10,28079008,06,0.3
12,10,28079016,06,0.3
12,10,28079018,06,0.3
12,10,28079024,06,0.2
12,10,28079035,06,0.3
12,10,28079036,06,0.3
12,10,28079039,06,0.3
12,10,28079056,06,0.2
12,10,28079057,06,0.3
12,10,28079004,07,10
12,10,28079008,07,29
12,10,28079011,07,2
12,10,28079016,07,10
12,10,28079017,07,10
12,10,28079018,07,3
12,10,28079024,07,1
12,10,28079027,07,11
12,10,28079035,07,11
12,10,28079036,07,9
12,10,28079038,07,8
12,10,28079039,07,9
12,10,28079040,07,10
12,10,28079047,07,4
12,10,28079048,07,11
12,10,28079049,07,4
12,10,28079050,07,27
12,10,28079054,07,9
12,10,28079055,07,10
12,10,28079056,07,7
12,10,28079057,07,6
12,10,28079058,07,3
12,10,28079059,07,7
12,10,28079060,07,3
12,10,28079004,08,29
12,10,28079008,08,37
12,10,28079011,08,22
12,10,28079016,08,36
12,10,28079017,08,24
12,10,28079018,08,23
12,10,28079024,08,6
12,10,28079027,08,32
12,10,28079035,08,26
12,10,28079036,08,22
12,10,28079038,08,23
12,10,28079039,08,30
12,10,28079040,08,30
12,10,28079047,08,24
12,10,28079048,08,30
12,10,28079049,08,28
12,10,28079050,08,35
12,10,28079054,08,23
12,10,28079055,08,35
12,10,28079056,08,28
12,10,28079057,08,26
12,10,28079058,08,8
12,10,28079059,08,16
12,10,28079060,08,22
12,10,28079008,09,5
12,10,28079024,09,3
12,10,28079038,09,5
12,10,28079047,09,3
12,10,28079048,09,6
12,10,28079050,09,8
12,10,28079008,10,3
12,10,28079018,10,4
12,10,28079024,10,3
12,10,28079036,10,4
12,10,28079038,10,4
12,10,28079040,10,4
12,10,28079047,10,3
12,10,28079048,10,12
12,10,28079050,10,10
12,10,28079055,10,5
12,10,28079057,10,6
12,10,28079060,10,5
12,10,28079008,14,16
12,10,28079016,14,17
12,10,28079017,14,26
12,10,28079018,14,25
12,10,28079024,14,37
12,10,28079027,14,23
12,10,28079035,14,14
12,10,28079039,14,18
12,10,28079049,14,18
12,10,28079054,14,22
12,10,28079056,14,25
12,10,28079058,14,28
12,10,28079059,14,19
12,10,28079060,14,23
12,10,28079008,20,2.4
12,10,28079011,20,2.7
12,10,28079018,20,0.5
12,10,28079024,20,0.5
12,10,28079038,20,1.3
12,10,28079055,20,1.2
12,10,28079008,30,0.8
12,10,28079011,30,1.5
12,10,28079018,30,0.2
12,10,28079024,30,0.5
12,10,28079038,30,0.6
12,10,28079055,30,0.3
12,10,28079008,35,0.9
12,10,28079011,35,1
12,10,28079018,35,1
12,10,28079024,35,0.5
12,10,28079038,35,0.2
12,10,28079055,35,1
12,10,28079024,42,1.35
12,10,28079027,42,1.27
12,10,28079055,42,1.48
12,10,28079024,44,0.24
12,10,28079027,44,0.14
12,10,28079055,44,0.15
12,11,28079004,01,3
12,11,28079008,01,3
12,11,28079017,01,3
12,11,28079018,01,7
12,11,28079024,01,1
12,11,28079035,01,3
12,11,28079036,01,2
12,11,28079038,01,3
12,11,28079040,01,4
12,11,28079057,01,6
12,11,28079004,06,0.3
12,11,28079008,06,0.3
12,11,28079016,06,0.4
12,11,28079018,06,0.3
12,11,28079024,06,0.2
12,11,28079035,06,0.3
12,11,28079036,06,0.3
12,11,28079039,06,0.3
12,11,28079056,06,0.3
12,11,28079057,06,0.3
12,11,28079004,07,8
12,11,28079008,07,24
12,11,28079011,07,8
12,11,28079016,07,10
12,11,28079017,07,15
12,11,28079018,07,5
12,11,28079024,07,1
12,11,28079027,07,11
12,11,28079035,07,11
12,11,28079036,07,16
12,11,28079038,07,12
12,11,28079039,07,17
12,11,28079040,07,15
12,11,28079047,07,6
12,11,28079048,07,12
12,11,28079049,07,4
12,11,28079050,07,35
12,11,28079054,07,10
12,11,28079055,07,10
12,11,28079056,07,12
12,11,28079057,07,9
12,11,28079058,07,5
12,11,28079059,07,6
12,11,28079060,07,8
12,11,28079004,08,23
12,11,28079008,08,33
12,11,28079011,08,28
12,11,28079016,08,33
12,11,28079017,08,27
12,11,28079018,08,24
12,11,28079024,08,6
12,11,28079027,08,25
12,11,28079035,08,22
12,11,28079036,08,28
12,11,28079038,08,27
12,11,28079039,08,37
12,11,28079040,08,35
12,11,28079047,08,21
12,11,28079048,08,29
12,11,28079049,08,23
12,11,28079050,08,42
12,11,28079054,08,20
12,11,28079055,08,31
12,11,28079056,08,31
12,11,28079057,08,26
12,11,28079058,08,9
12,11,28079059,08,16
12,11,28079060,08,28
12,11,28079008,09,5
12,11,28079024,09,3
12,11,28079038,09,5
12,11,28079047,09,4
12,11,28079048,09,1
12,11,28079050,09,8
12,11,28079008,10,3
12,11,28079018,10,6
12,11,28079024,10,3
12,11,28079036,10,1
12,11,28079038,10,3
12,11,28079040,10,5
12,11,28079047,10,5
12,11,28079048,10,4
12,11,28079050,10,9
12,11,28079055,10,4
12,11,28079057,10,6
12,11,28079060,10,12
12,11,28079008,14,24
12,11,28079016,14,27
12,11,28079017,14,28
12,11,28079018,14,30
12,11,28079024,14,40
12,11,28079027,14,35
12,11,28079035,14,32
12,11,28079039,14,21
12,11,28079049,14,29
12,11,28079054,14,30
12,11,28079056,14,30
12,11,28079058,14,35
12,11,28079059,14,31
12,11,28079060,14,25
12,11,28079008,20,4.1
12,11,28079011,20,3.3
12,11,28079018,20,1.4
12,11,28079024,20,0.6
12,11,28079038,20,1.2
12,11,28079055,20,1.7
12,11,28079008,30,1
12,11,28079011,30,1.6
12,11,28079018,30,0.3
12,11,28079024,30,0.5
12,11,28079038,30,0.4
12,11,28079055,30,0.5
12,11,28079008,35,0.9
12,11,28079011,35,0.7
12,11,28079018,35,0.8
12,11,28079024,35,0.5
12,11,28079038,35,0.2
12,11,28079055,35,1
12,11,28079024,42,1.34
12,11,28079027,42,1.24
12,11,28079055,42,1.47
12,11,28079024,44,0.24
12,11,28079027,44,0.13
12,11,28079055,44,0.14
12,12,28079004,01,3
12,12,28079008,01,3
12,12,28079017,01,3
12,12,28079024,01,1
12,12,28079035,01,4
12,12,28079036,01,2
12,12,28079038,01,4
12,12,28079040,01,4
12,12,28079057,01,6
12,12,28079004,06,0.2
12,12,28079008,06,0.3
12,12,28079016,06,0.4
12,12,28079018,06,0.3
12,12,28079024,06,0.2
12,12,28079035,06,0.3
12,12,28079036,06,0.3
12,12,28079039,06,0.3
12,12,28079056,06,0.2
12,12,28079057,06,0.3
12,12,28079004,07,7
12,12,28079008,07,24
12,12,28079011,07,12
12,12,28079016,07,11
12,12,28079017,07,11
12,12,28079018,07,5
12,12,28079024,07,1
12,12,28079027,07,9
12,12,28079035,07,8
12,12,28079036,07,9
12,12,28079038,07,15
12,12,28079039,07,14
12,12,28079040,07,13
12,12,28079047,07,6
12,12,28079048,07,16
12,12,28079049,07,4
12,12,28079050,07,28
12,12,28079054,07,10
12,12,28079055,07,10
12,12,28079056,07,11
12,12,28079057,07,12
12,12,28079058,07,5
12,12,28079059,07,8
12,12,28079060,07,7
12,12,28079004,08,18
12,12,28079008,08,29
12,12,28079011,08,29
12,12,28079016,08,28
12,12,28079017,08,24
12,12,28079018,08,19
12,12,28079024,08,4
12,12,28079027,08,21
12,12,28079035,08,17
12,12,28079036,08,17
12,12,28079038,08,24
12,12,28079039,08,33
12,12,28079040,08,25
12,12,28079047,08,15
12,12,28079048,08,30
12,12,28079049,08,17
12,12,28079050,08,33
12,12,28079054,08,14
12,12,28079055,08,25
12,12,28079056,08,22
12,12,28079057,08,25
12,12,28079058,08,8
12,12,28079059,08,12
12,12,28079060,08,22
12,12,28079008,09,5
12,12,28079024,09,3
12,12,28079038,09,3
12,12,28079047,09,3
12,12,28079048,09,1
12,12,28079050,09,5
12,12,28079008,10,5
12,12,28079018,10,7
12,12,28079024,10,3
12,12,28079036,10,2
12,12,28079038,10,5
12,12,28079040,10,6
12,12,28079047,10,5
12,12,28079048,10,5
12,12,28079050,10,13
12,12,28079055,10,3
12,12,28079057,10,5
12,12,28079060,10,4
12,12,28079008,14,32
12,12,28079016,14,35
12,12,28079017,14,37
12,12,28079018,14,38
12,12,28079024,14,49
12,12,28079027,14,44
12,12,28079035,14,41
12,12,28079039,14,30
12,12,28079049,14,39
12,12,28079054,14,40
12,12,28079056,14,39
12,12,28079058,14,45
12,12,28079059,14,34
12,12,28079060,14,37
12,12,28079008,20,2.4
12,12,28079011,20,4.5
12,12,28079018,20,0.6
12,12,28079024,20,0.5
12,12,28079038,20,1.2
12,12,28079055,20,1.3
12,12,28079008,30,0.9
12,12,28079011,30,2.1
12,12,28079018,30,0.2
12,12,28079024,30,0.5
12,12,28079038,30,0.5
12,12,28079055,30,0.3
12,12,28079008,35,0.9
12,12,28079011,35,1
12,12,28079018,35,1
12,12,28079024,35,0.5
12,12,28079038,35,0.2
12,12,28079055,35,1
12,12,28079024,42,1.33
12,12,28079027,42,1.23
12,12,28079055,42,1.44
12,12,28079024,44,0.24
12,12,28079027,44,0.13
12,12,28079055,44,0.13
12,13,28079004,01,4
12,13,28079008,01,3
12,13,28079017,01,3
12,13,28079024,01,1
12,13,28079035,01,7
12,13,28079036,01,2
12,13,28079038,01,4
12,13,28079040,01,4
12,13,28079057,01,6
12,13,28079004,06,0.3
12,13,28079008,06,0.3
12,13,28079016,06,0.3
12,13,28079018,06,0.4
12,13,28079024,06,0.2
12,13,28079035,06,0.3
12,13,28079036,06,0.2
12,13,28079039,06,0.2
12,13,28079056,06,0.2
12,13,28079057,06,0.3
12,13,28079004,07,12
12,13,28079008,07,23
12,13,28079011,07,6
12,13,28079016,07,13
12,13,28079017,07,8
12,13,28079018,07,5
12,13,28079024,07,1
12,13,28079027,07,10
12,13,28079035,07,8
12,13,28079036,07,9
12,13,28079038,07,11
12,13,28079039,07,12
12,13,28079040,07,11
12,13,28079047,07,5
12,13,28079048,07,15
12,13,28079049,07,4
12,13,28079050,07,25
12,13,28079054,07,7
12,13,28079055,07,10
12,13,28079056,07,12
12,13,28079057,07,11
12,13,28079058,07,4
12,13,28079059,07,8
12,13,28079060,07,5
12,13,28079004,08,23
12,13,28079008,08,27
12,13,28079011,08,23
12,13,28079016,08,29
12,13,28079017,08,21
12,13,28079018,08,17
12,13,28079024,08,3
12,13,28079027,08,23
12,13,28079035,08,18
12,13,28079036,08,15
12,13,28079038,08,21
12,13,28079039,08,27
12,13,28079040,08,23
12,13,28079047,08,14
12,13,28079048,08,29
12,13,28079049,08,17
12,13,28079050,08,33
12,13,28079054,08,7
12,13,28079055,08,23
12,13,28079056,08,25
12,13,28079057,08,21
12,13,28079058,08,6
12,13,28079059,08,12
12,13,28079060,08,18
12,13,28079008,09,3
12,13,28079024,09,1
12,13,28079038,09,1
12,13,28079047,09,1
12,13,28079048,09,1
12,13,28079050,09,3
12,13,28079008,10,4
12,13,28079018,10,10
12,13,28079024,10,2
12,13,28079036,10,4
12,13,28079038,10,5
12,13,28079040,10,4
12,13,28079047,10,3
12,13,28079048,10,4
12,13,28079050,10,9
12,13,28079055,10,3
12,13,28079057,10,2
12,13,28079060,10,4
12,13,28079008,14,39
12,13,28079016,14,39
12,13,28079017,14,45
12,13,28079018,14,43
12,13,28079024,14,57
12,13,28079027,14,47
12,13,28079035,14,46
12,13,28079039,14,39
12,13,28079049,14,44
12,13,28079054,14,50
12,13,28079056,14,43
12,13,28079058,14,52
12,13,28079059,14,38
12,13,28079060,14,46
12,13,28079008,20,2.8
12,13,28079011,20,2.9
12,13,28079018,20,0.9
12,13,28079024,20,0.4
12,13,28079038,20,0.8
12,13,28079055,20,1.1
12,13,28079008,30,0.9
12,13,28079011,30,1.5
12,13,28079018,30,0.2
12,13,28079024,30,0.4
12,13,28079038,30,0.4
12,13,28079055,30,0.4
12,13,28079008,35,0.8
12,13,28079011,35,0.6
12,13,28079018,35,0.7
12,13,28079024,35,0.4
12,13,28079038,35,0.5
12,13,28079055,35,1
12,13,28079024,42,1.32
12,13,28079027,42,1.24
12,13,28079055,42,1.44
12,13,28079024,44,0.23
12,13,28079027,44,0.14
12,13,28079055,44,0.14
12,14,28079004,01,4
12,14,28079008,01,4
12,14,28079017,01,3
12,14,28079018,01,2
12,14,28079024,01,1
12,14,28079035,01,7
12,14,28079036,01,3
12,14,28079038,01,4
12,14,28079040,01,4
12,14,28079057,01,5
12,14,28079004,06,0.2
12,14,28079008,06,0.3
12,14,28079016,06,0.3
12,14,28079018,06,0.3
12,14,28079024,06,0.2
12,14,28079035,06,0.3
12,14,28079036,06,0.2
12,14,28079039,06,0.2
12,14,28079056,06,0.2
12,14,28079057,06,0.3
12,14,28079004,07,8
12,14,28079008,07,22
12,14,28079011,07,7
12,14,28079016,07,9
12,14,28079017,07,7
12,14,28079018,07,4
12,14,28079024,07,1
12,14,28079027,07,7
12,14,28079035,07,7
12,14,28079036,07,8
12,14,28079038,07,11
12,14,28079039,07,10
12,14,28079040,07,9
12,14,28079047,07,5
12,14,28079048,07,14
12,14,28079049,07,3
12,14,28079050,07,25
12,14,28079054,07,6
12,14,28079055,07,7
12,14,28079056,07,10
12,14,28079057,07,9
12,14,28079058,07,4
12,14,28079059,07,5
12,14,28079060,07,2
12,14,28079004,08,20
12,14,28079008,08,28
12,14,28079011,08,23
12,14,28079016,08,27
12,14,28079017,08,20
12,14,28079018,08,18
12,14,28079024,08,2
12,14,28079027,08,18
12,14,28079035,08,16
12,14,28079036,08,13
12,14,28079038,08,20
12,14,28079039,08,28
12,14,28079040,08,20
12,14,28079047,08,14
12,14,28079048,08,28
12,14,28079049,08,14
12,14,28079050,08,34
12,14,28079054,08,7
12,14,28079055,08,19
12,14,28079056,08,24
12,14,28079057,08,18
12,14,28079058,08,7
12,14,28079059,08,9
12,14,28079060,08,13
12,14,28079008,09,3
12,14,28079024,09,1
12,14,28079038,09,1
12,14,28079047,09,1
12,14,28079048,09,1
12,14,28079050,09,2
12,14,28079008,10,3
12,14,28079018,10,5
12,14,28079024,10,2
12,14,28079036,10,4
12,14,28079038,10,5
12,14,28079040,10,11
12,14,28079047,10,3
12,14,28079048,10,4
12,14,28079050,10,6
12,14,28079055,10,3
12,14,28079057,10,4
12,14,28079060,10,4
12,14,28079008,14,42
12,14,28079016,14,45
12,14,28079017,14,49
12,14,28079018,14,47
12,14,28079024,14,63
12,14,28079027,14,55
12,14,28079035,14,52
12,14,28079039,14,45
12,14,28079049,14,51
12,14,28079054,14,53
12,14,28079056,14,47
12,14,28079058,14,60
12,14,28079059,14,44
12,14,28079060,14,54
12,14,28079008,20,3
12,14,28079011,20,3.2
12,14,28079018,20,0.5
12,14,28079024,20,0.4
12,14,28079038,20,1.1
12,14,28079055,20,0.9
12,14,28079008,30,1
12,14,28079011,30,1.5
12,14,28079018,30,0.2
12,14,28079024,30,0.4
12,14,28079038,30,0.4
12,14,28079055,30,0.1
12,14,28079008,35,1
12,14,28079011,35,0.2
12,14,28079018,35,0.7
12,14,28079024,35,0.4
12,14,28079038,35,0.2
12,14,28079055,35,1
12,14,28079024,42,1.32
12,14,28079027,42,1.22
12,14,28079055,42,1.43
12,14,28079024,44,0.24
12,14,28079027,44,0.13
12,14,28079055,44,0.13
12,15,28079004,01,5
12,15,28079008,01,4
12,15,28079017,01,3
12,15,28079018,01,2
12,15,28079024,01,1
12,15,28079035,01,6
12,15,28079036,01,3
12,15,28079038,01,4
12,15,28079040,01,4
12,15,28079057,01,5
12,15,28079004,06,0.3
12,15,28079008,06,0.4
12,15,28079016,06,0.3
12,15,28079018,06,0.3
12,15,28079024,06,0.2
12,15,28079035,06,0.3
12,15,28079036,06,0.2
12,15,28079039,06,0.2
12,15,28079056,06,0.2
12,15,28079057,06,0.3
12,15,28079004,07,9
12,15,28079008,07,28
12,15,28079011,07,4
12,15,28079016,07,9
12,15,28079017,07,8
12,15,28079018,07,4
12,15,28079024,07,1
12,15,28079027,07,6
12,15,28079035,07,8
12,15,28079036,07,6
12,15,28079038,07,12
12,15,28079039,07,8
12,15,28079040,07,5
12,15,28079047,07,4
12,15,28079048,07,13
12,15,28079049,07,3
12,15,28079050,07,25
12,15,28079054,07,5
12,15,28079055,07,6
12,15,28079056,07,9
12,15,28079057,07,9
12,15,28079058,07,3
12,15,28079059,07,4
12,15,28079060,07,2
12,15,28079004,08,22
12,15,28079008,08,33
12,15,28079011,08,20
12,15,28079016,08,27
12,15,28079017,08,24
12,15,28079018,08,19
12,15,28079024,08,2
12,15,28079027,08,18
12,15,28079035,08,17
12,15,28079036,08,11
12,15,28079038,08,24
12,15,28079039,08,26
12,15,28079040,08,15
12,15,28079047,08,11
12,15,28079048,08,28
12,15,28079049,08,14
12,15,28079050,08,33
12,15,28079054,08,5
12,15,28079055,08,20
12,15,28079056,08,22
12,15,28079057,08,17
12,15,28079058,08,4
12,15,28079059,08,8
12,15,28079060,08,13
12,15,28079008,09,5
12,15,28079024,09,2
12,15,28079038,09,1
12,15,28079047,09,2
12,15,28079048,09,1
12,15,28079050,09,5
12,15,28079008,10,5
12,15,28079018,10,4
12,15,28079024,10,3
12,15,28079036,10,5
12,15,28079038,10,11
12,15,28079040,10,7
12,15,28079047,10,5
12,15,28079048,10,8
12,15,28079050,10,10
12,15,28079055,10,4
12,15,28079057,10,4
12,15,28079060,10,4
12,15,28079008,14,41
12,15,28079016,14,47
12,15,28079017,14,49
12,15,28079018,14,48
12,15,28079024,14,64
12,15,28079027,14,59
12,15,28079035,14,54
12,15,28079039,14,49
12,15,28079049,14,53
12,15,28079054,14,58
12,15,28079056,14,51
12,15,28079058,14,66
12,15,28079059,14,46
12,15,28079060,14,58
12,15,28079008,20,3
12,15,28079011,20,2.3
12,15,28079018,20,1.1
12,15,28079024,20,0.3
12,15,28079038,20,1.6
12,15,28079055,20,0.7
12,15,28079008,30,0.9
12,15,28079011,30,1.1
12,15,28079018,30,0.2
12,15,28079024,30,0.4
12,15,28079038,30,0.5
12,15,28079055,30,0.2
12,15,28079008,35,0.6
12,15,28079011,35,1
12,15,28079018,35,1
12,15,28079024,35,0.4
12,15,28079038,35,0.3
12,15,28079055,35,1
12,15,28079024,42,1.32
12,15,28079027,42,1.22
12,15,28079055,42,1.42
12,15,28079024,44,0.24
12,15,28079027,44,0.13
12,15,28079055,44,0.13
12,16,28079004,01,4
12,16,28079008,01,3
12,16,28079017,01,3
12,16,28079018,01,2
12,16,28079024,01,1
12,16,28079035,01,6
12,16,28079036,01,3
12,16,28079038,01,4
12,16,28079040,01,3
12,16,28079057,01,5
12,16,28079004,06,0.2
12,16,28079008,06,0.3
12,16,28079016,06,0.3
12,16,28079018,06,0.3
12,16,28079024,06,0.2
12,16,28079035,06,0.3
12,16,28079036,06,0.2
12,16,28079039,06,0.2
12,16,28079056,06,0.2
12,16,28079057,06,0.3
12,16,28079004,07,7
12,16,28079008,07,16
12,16,28079011,07,3
12,16,28079016,07,7
12,16,28079017,07,4
12,16,28079018,07,2
12,16,28079024,07,1
12,16,28079027,07,5
12,16,28079035,07,6
12,16,28079036,07,5
12,16,28079038,07,6
12,16,28079039,07,6
12,16,28079040,07,4
12,16,28079047,07,3
12,16,28079048,07,9
12,16,28079049,07,2
12,16,28079050,07,15
12,16,28079054,07,5
12,16,28079055,07,4
12,16,28079056,07,7
12,16,28079057,07,5
12,16,28079058,07,2
12,16,28079059,07,3
12,16,28079060,07,1
12,16,28079004,08,18
12,16,28079008,08,23
12,16,28079011,08,16
12,16,28079016,08,26
12,16,28079017,08,17
12,16,28079018,08,15
12,16,28079024,08,2
12,16,28079027,08,17
12,16,28079035,08,15
12,16,28079036,08,10
12,16,28079038,08,16
12,16,28079039,08,23
12,16,28079040,08,14
12,16,28079047,08,10
12,16,28079048,08,22
12,16,28079049,08,13
12,16,28079050,08,24
12,16,28079054,08,4
12,16,28079055,08,16
12,16,28079056,08,19
12,16,28079057,08,14
12,16,28079058,08,3
12,16,28079059,08,6
12,16,28079060,08,10
12,16,28079008,09,4
12,16,28079024,09,2
12,16,28079038,09,1
12,16,28079047,09,2
12,16,28079048,09,3
12,16,28079050,09,6
12,16,28079008,10,4
12,16,28079018,10,4
12,16,28079024,10,3
12,16,28079036,10,6
12,16,28079038,10,4
12,16,28079040,10,7
12,16,28079047,10,4
12,16,28079048,10,5
12,16,28079050,10,9
12,16,28079055,10,3
12,16,28079057,10,4
12,16,28079060,10,4
12,16,28079008,14,46
12,16,28079016,14,48
12,16,28079017,14,55
12,16,28079018,14,52
12,16,28079024,14,66
12,16,28079027,14,60
12,16,28079035,14,57
12,16,28079039,14,42
12,16,28079049,14,55
12,16,28079054,14,59
12,16,28079056,14,53
12,16,28079058,14,66
12,16,28079059,14,47
12,16,28079060,14,60
12,16,28079008,20,3.3
12,16,28079011,20,2.7
12,16,28079018,20,0.5
12,16,28079024,20,0.3
12,16,28079038,20,1.4
12,16,28079055,20,0.6
12,16,28079008,30,1.1
12,16,28079011,30,1.2
12,16,28079018,30,0.1
12,16,28079024,30,0.4
12,16,28079038,30,0.4
12,16,28079055,30,0.1
12,16,28079008,35,0.9
12,16,28079011,35,0.6
12,16,28079018,35,1
12,16,28079024,35,0.3
12,16,28079038,35,0.3
12,16,28079055,35,1
12,16,28079024,42,1.32
12,16,28079027,42,1.22
12,16,28079055,42,1.42
12,16,28079024,44,0.24
12,16,28079027,44,0.13
12,16,28079055,44,0.13
12,17,28079004,01,4
12,17,28079008,01,3
12,17,28079017,01,3
12,17,28079018,01,2
12,17,28079024,01,1
12,17,28079035,01,5
12,17,28079036,01,3
12,17,28079038,01,4
12,17,28079040,01,3
12,17,28079057,01,5
12,17,28079004,06,0.2
12,17,28079008,06,0.3
12,17,28079016,06,0.3
12,17,28079018,06,0.2
12,17,28079024,06,0.2
12,17,28079035,06,0.3
12,17,28079036,06,0.2
12,17,28079039,06,0.2
12,17,28079056,06,0.2
12,17,28079057,06,0.2
12,17,28079004,07,5
12,17,28079008,07,12
12,17,28079011,07,1
12,17,28079016,07,5
12,17,28079017,07,4
12,17,28079018,07,1
12,17,28079024,07,1
12,17,28079027,07,3
12,17,28079035,07,5
12,17,28079036,07,3
12,17,28079038,07,7
12,17,28079039,07,4
12,17,28079040,07,2
12,17,28079047,07,2
12,17,28079048,07,7
12,17,28079049,07,2
12,17,28079050,07,15
12,17,28079054,07,4
12,17,28079055,07,3
12,17,28079056,07,5
12,17,28079057,07,3
12,17,28079058,07,2
12,17,28079059,07,2
12,17,28079060,07,1
12,17,28079004,08,15
12,17,28079008,08,20
12,17,28079011,08,15
12,17,28079016,08,22
12,17,28079017,08,18
12,17,28079018,08,13
12,17,28079024,08,2
12,17,28079027,08,14
12,17,28079035,08,14
12,17,28079036,08,9
12,17,28079038,08,17
12,17,28079039,08,22
12,17,28079040,08,12
12,17,28079047,08,10
12,17,28079048,08,21
12,17,28079049,08,11
12,17,28079050,08,23
12,17,28079054,08,4
12,17,28079055,08,14
12,17,28079056,08,16
12,17,28079057,08,12
12,17,28079058,08,4
12,17,28079059,08,7
12,17,28079060,08,10
12,17,28079008,09,4
12,17,28079024,09,3
12,17,28079038,09,3
12,17,28079047,09,3
12,17,28079048,09,10
12,17,28079050,09,6
12,17,28079008,10,5
12,17,28079018,10,4
12,17,28079024,10,4
12,17,28079036,10,7
12,17,28079038,10,5
12,17,28079040,10,5
12,17,28079047,10,5
12,17,28079048,10,16
12,17,28079050,10,13
12,17,28079055,10,8
12,17,28079057,10,6
12,17,28079060,10,8
12,17,28079008,14,50
12,17,28079016,14,53
12,17,28079017,14,55
12,17,28079018,14,55
12,17,28079024,14,67
12,17,28079027,14,63
12,17,28079035,14,58
12,17,28079039,14,54
12,17,28079049,14,58
12,17,28079054,14,62
12,17,28079056,14,55
12,17,28079058,14,66
12,17,28079059,14,47
12,17,28079060,14,60
12,17,28079008,20,2.2
12,17,28079011,20,2.4
12,17,28079018,20,0.4
12,17,28079024,20,0.3
12,17,28079038,20,0.7
12,17,28079055,20,0.5
12,17,28079008,30,0.8
12,17,28079011,30,0.9
12,17,28079018,30,0.1
12,17,28079024,30,0.4
12,17,28079038,30,0.2
12,17,28079055,30,0.1
12,17,28079008,35,0.9
12,17,28079011,35,1
12,17,28079018,35,1
12,17,28079024,35,0.4
12,17,28079038,35,0.6
12,17,28079055,35,1
12,17,28079024,42,1.31
12,17,28079027,42,1.21
12,17,28079055,42,1.41
12,17,28079024,44,0.23
12,17,28079027,44,0.13
12,17,28079055,44,0.12
12,18,28079004,01,4
12,18,28079008,01,3
12,18,28079017,01,3
12,18,28079018,01,2
12,18,28079024,01,1
12,18,28079035,01,4
12,18,28079036,01,2
12,18,28079038,01,3
12,18,28079040,01,4
12,18,28079057,01,6
12,18,28079004,06,0.3
12,18,28079008,06,0.3
12,18,28079016,06,0.3
12,18,28079018,06,0.3
12,18,28079024,06,0.2
12,18,28079035,06,0.3
12,18,28079036,06,0.2
12,18,28079039,06,0.2
12,18,28079056,06,0.2
12,18,28079057,06,0.3
12,18,28079004,07,7
12,18,28079008,07,19
12,18,28079011,07,1
12,18,28079016,07,5
12,18,28079017,07,4
12,18,28079018,07,1
12,18,28079024,07,1
12,18,28079027,07,2
12,18,28079035,07,5
12,18,28079036,07,3
12,18,28079038,07,6
12,18,28079039,07,5
12,18,28079040,07,3
12,18,28079047,07,1
12,18,28079048,07,8
12,18,28079049,07,1
12,18,28079050,07,19
12,18,28079054,07,4
12,18,28079055,07,3
12,18,28079056,07,5
12,18,28079057,07,5
12,18,28079058,07,3
12,18,28079059,07,2
12,18,28079060,07,2
12,18,28079004,08,25
12,18,28079008,08,32
12,18,28079011,08,19
12,18,28079016,08,30
12,18,28079017,08,22
12,18,28079018,08,17
12,18,28079024,08,3
12,18,28079027,08,16
12,18,28079035,08,19
12,18,28079036,08,12
12,18,28079038,08,21
12,18,28079039,08,26
12,18,28079040,08,14
12,18,28079047,08,13
12,18,28079048,08,32
12,18,28079049,08,16
12,18,28079050,08,35
12,18,28079054,08,5
12,18,28079055,08,20
12,18,28079056,08,21
12,18,28079057,08,20
12,18,28079058,08,6
12,18,28079059,08,10
12,18,28079060,08,15
12,18,28079008,09,4
12,18,28079024,09,2
12,18,28079038,09,3
12,18,28079047,09,3
12,18,28079048,09,4
12,18,28079050,09,5
12,18,28079008,10,6
12,18,28079018,10,4
12,18,28079024,10,3
12,18,28079036,10,5
12,18,28079038,10,5
12,18,28079040,10,5
12,18,28079047,10,5
12,18,28079048,10,8
12,18,28079050,10,12
12,18,28079055,10,4
12,18,28079057,10,6
12,18,28079060,10,3
12,18,28079008,14,41
12,18,28079016,14,47
12,18,28079017,14,51
12,18,28079018,14,51
12,18,28079024,14,66
12,18,28079027,14,62
12,18,28079035,14,53
12,18,28079039,14,51
12,18,28079049,14,54
12,18,28079054,14,60
12,18,28079056,14,52
12,18,28079058,14,66
12,18,28079059,14,46
12,18,28079060,14,40
12,18,28079008,20,2
12,18,28079011,20,2.4
12,18,28079018,20,0.3
12,18,28079024,20,0.3
12,18,28079038,20,0.7
12,18,28079055,20,0.5
12,18,28079008,30,0.8
12,18,28079011,30,1
12,18,28079018,30,0.1
12,18,28079024,30,0.4
12,18,28079038,30,0.3
12,18,28079055,30,0.1
12,18,28079008,35,0.5
12,18,28079011,35,1
12,18,28079018,35,1
12,18,28079024,35,0.4
12,18,28079038,35,0.4
12,18,28079055,35,1
12,18,28079024,42,1.31
12,18,28079027,42,1.21
12,18,28079055,42,1.41
12,18,28079024,44,0.23
12,18,28079027,44,0.13
12,18,28079055,44,0.12
12,19,28079004,01,4
12,19,28079008,01,3
12,19,28079017,01,3
12,19,28079018,01,2
12,19,28079024,01,1
12,19,28079035,01,4
12,19,28079036,01,2
12,19,28079038,01,3
12,19,28079040,01,4
12,19,28079057,01,6
12,19,28079004,06,0.3
12,19,28079008,06,0.3
12,19,28079016,06,0.3
12,19,28079018,06,0.3
12,19,28079024,06,0.2
12,19,28079035,06,0.3
12,19,28079036,06,0.2
12,19,28079039,06,0.3
12,19,28079056,06,0.2
12,19,28079057,06,0.3
12,19,28079004,07,10
12,19,28079008,07,22
12,19,28079011,07,3
12,19,28079016,07,6
12,19,28079017,07,5
12,19,28079018,07,2
12,19,28079024,07,1
12,19,28079027,07,3
12,19,28079035,07,9
12,19,28079036,07,3
12,19,28079038,07,9
12,19,28079039,07,9
12,19,28079040,07,3
12,19,28079047,07,2
12,19,28079048,07,10
12,19,28079049,07,1
12,19,28079050,07,29
12,19,28079054,07,4
12,19,28079055,07,3
12,19,28079056,07,6
12,19,28079057,07,7
12,19,28079058,07,3
12,19,28079059,07,2
12,19,28079060,07,2
12,19,28079004,08,36
12,19,28079008,08,39
12,19,28079011,08,29
12,19,28079016,08,40
12,19,28079017,08,29
12,19,28079018,08,24
12,19,28079024,08,7
12,19,28079027,08,23
12,19,28079035,08,30
12,19,28079036,08,18
12,19,28079038,08,31
12,19,28079039,08,39
12,19,28079040,08,21
12,19,28079047,08,20
12,19,28079048,08,41
12,19,28079049,08,24
12,19,28079050,08,47
12,19,28079054,08,9
12,19,28079055,08,30
12,19,28079056,08,28
12,19,28079057,08,28
12,19,28079058,08,7
12,19,28079059,08,17
12,19,28079060,08,20
12,19,28079008,09,5
12,19,28079024,09,2
12,19,28079038,09,1
12,19,28079047,09,3
12,19,28079048,09,5
12,19,28079050,09,6
12,19,28079008,10,11
12,19,28079018,10,4
12,19,28079024,10,3
12,19,28079036,10,7
12,19,28079038,10,6
12,19,28079040,10,5
12,19,28079047,10,4
12,19,28079048,10,8
12,19,28079050,10,14
12,19,28079055,10,6
12,19,28079057,10,6
12,19,28079060,10,7
12,19,28079008,14,34
12,19,28079016,14,38
12,19,28079017,14,45
12,19,28079018,14,44
12,19,28079024,14,60
12,19,28079027,14,53
12,19,28079035,14,42
12,19,28079039,14,39
12,19,28079049,14,45
12,19,28079054,14,55
12,19,28079056,14,44
12,19,28079058,14,63
12,19,28079059,14,38
12,19,28079060,14,50
12,19,28079008,20,1.9
12,19,28079011,20,2.3
12,19,28079018,20,0.4
12,19,28079024,20,0.3
12,19,28079038,20,0.9
12,19,28079055,20,0.6
12,19,28079008,30,0.7
12,19,28079011,30,1
12,19,28079018,30,0.1
12,19,28079024,30,0.4
12,19,28079038,30,0.4
12,19,28079055,30,0.1
12,19,28079008,35,0.5
12,19,28079011,35,1
12,19,28079018,35,1
12,19,28079024,35,0.4
12,19,28079038,35,0.3
12,19,28079055,35,1
12,19,28079024,42,1.32
12,19,28079027,42,1.21
12,19,28079055,42,1.42
12,19,28079024,44,0.24
12,19,28079027,44,0.13
12,19,28079055,44,0.12
12,2,28079004,01,3
12,2,28079008,01,3
12,2,28079017,01,3
12,2,28079018,01,7
12,2,28079024,01,1
12,2,28079035,01,3
12,2,28079036,01,2
12,2,28079038,01,3
12,2,28079040,01,4
12,2,28079057,01,5
12,2,28079004,06,0.3
12,2,28079008,06,0.4
12,2,28079016,06,0.3
12,2,28079018,06,0.4
12,2,28079024,06,0.2
12,2,28079035,06,0.3
12,2,28079036,06,0.3
12,2,28079039,06,0.2
12,2,28079056,06,0.5
12,2,28079057,06,0.3
12,2,28079004,07,7
12,2,28079008,07,19
12,2,28079011,07,2
12,2,28079016,07,6
12,2,28079017,07,24
12,2,28079018,07,11
12,2,28079024,07,1
12,2,28079027,07,12
12,2,28079035,07,9
12,2,28079036,07,7
12,2,28079038,07,8
12,2,28079039,07,1
12,2,28079040,07,22
12,2,28079047,07,4
12,2,28079048,07,7
12,2,28079049,07,2
12,2,28079050,07,20
12,2,28079054,07,12
12,2,28079055,07,16
12,2,28079056,07,63
12,2,28079057,07,2
12,2,28079058,07,2
12,2,28079059,07,2
12,2,28079060,07,1
12,2,28079004,08,29
12,2,28079008,08,40
12,2,28079011,08,25
12,2,28079016,08,38
12,2,28079017,08,52
12,2,28079018,08,47
12,2,28079024,08,12
12,2,28079027,08,55
12,2,28079035,08,30
12,2,28079036,08,32
12,2,28079038,08,26
12,2,28079039,08,25
12,2,28079040,08,55
12,2,28079047,08,41
12,2,28079048,08,25
12,2,28079049,08,30
12,2,28079050,08,32
12,2,28079054,08,37
12,2,28079055,08,56
12,2,28079056,08,61
12,2,28079057,08,24
12,2,28079058,08,10
12,2,28079059,08,15
12,2,28079060,08,18
12,2,28079008,09,9
12,2,28079024,09,6
12,2,28079038,09,6
12,2,28079047,09,7
12,2,28079048,09,2
12,2,28079050,09,9
12,2,28079008,10,5
12,2,28079018,10,10
12,2,28079024,10,6
12,2,28079036,10,7
12,2,28079038,10,8
12,2,28079040,10,10
12,2,28079047,10,9
12,2,28079048,10,4
12,2,28079050,10,11
12,2,28079055,10,10
12,2,28079057,10,7
12,2,28079060,10,7
12,2,28079008,14,10
12,2,28079016,14,16
12,2,28079017,14,4
12,2,28079018,14,5
12,2,28079024,14,27
12,2,28079027,14,9
12,2,28079035,14,17
12,2,28079039,14,24
12,2,28079049,14,10
12,2,28079054,14,7
12,2,28079056,14,5
12,2,28079058,14,29
12,2,28079059,14,24
12,2,28079060,14,28
12,2,28079008,20,3.8
12,2,28079011,20,4.5
12,2,28079018,20,1.1
12,2,28079024,20,0.8
12,2,28079038,20,1.3
12,2,28079055,20,2.3
12,2,28079008,30,1.4
12,2,28079011,30,2
12,2,28079018,30,0.3
12,2,28079024,30,0.6
12,2,28079038,30,0.6
12,2,28079055,30,0.5
12,2,28079008,35,1.1
12,2,28079011,35,0.3
12,2,28079018,35,0.9
12,2,28079024,35,0.5
12,2,28079038,35,0.3
12,2,28079055,35,0.4
12,2,28079024,42,1.36
12,2,28079027,42,1.72
12,2,28079055,42,3.18
12,2,28079024,44,0.25
12,2,28079027,44,0.21
12,2,28079055,44,0.3
12,20,28079004,01,3
12,20,28079008,01,3
12,20,28079017,01,3
12,20,28079018,01,2
12,20,28079024,01,1
12,20,28079035,01,4
12,20,28079036,01,1
12,20,28079038,01,3
12,20,28079040,01,4
12,20,28079057,01,6
12,20,28079004,06,0.3
12,20,28079008,06,0.3
12,20,28079016,06,0.3
12,20,28079018,06,0.3
12,20,28079024,06,0.2
12,20,28079035,06,0.3
12,20,28079036,06,0.2
12,20,28079039,06,0.3
12,20,28079056,06,0.2
12,20,28079057,06,0.3
12,20,28079004,07,11
12,20,28079008,07,21
12,20,28079011,07,3
12,20,28079016,07,4
12,20,28079017,07,6
12,20,28079018,07,1
12,20,28079024,07,1
12,20,28079027,07,3
12,20,28079035,07,9
12,20,28079036,07,4
12,20,28079038,07,9
12,20,28079039,07,9
12,20,28079040,07,4
12,20,28079047,07,1
12,20,28079048,07,10
12,20,28079049,07,1
12,20,28079050,07,20
12,20,28079054,07,4
12,20,28079055,07,4
12,20,28079056,07,7
12,20,28079057,07,10
12,20,28079058,07,3
12,20,28079059,07,13
12,20,28079060,07,1
12,20,28079004,08,34
12,20,28079008,08,37
12,20,28079011,08,30
12,20,28079016,08,38
12,20,28079017,08,28
12,20,28079018,08,20
12,20,28079024,08,9
12,20,28079027,08,30
12,20,28079035,08,30
12,20,28079036,08,18
12,20,28079038,08,31
12,20,28079039,08,34
12,20,28079040,08,21
12,20,28079047,08,19
12,20,28079048,08,40
12,20,28079049,08,23
12,20,28079050,08,35
12,20,28079054,08,10
12,20,28079055,08,32
12,20,28079056,08,26
12,20,28079057,08,33
12,20,28079058,08,10
12,20,28079059,08,24
12,20,28079060,08,20
12,20,28079008,09,5
12,20,28079024,09,3
12,20,28079038,09,3
12,20,28079047,09,3
12,20,28079048,09,3
12,20,28079050,09,5
12,20,28079008,10,6
12,20,28079018,10,6
12,20,28079024,10,3
12,20,28079036,10,4
12,20,28079038,10,4
12,20,28079040,10,5
12,20,28079047,10,4
12,20,28079048,10,8
12,20,28079050,10,13
12,20,28079055,10,4
12,20,28079057,10,5
12,20,28079060,10,6
12,20,28079008,14,36
12,20,28079016,14,40
12,20,28079017,14,45
12,20,28079018,14,46
12,20,28079024,14,59
12,20,28079027,14,49
12,20,28079035,14,43
12,20,28079039,14,42
12,20,28079049,14,39
12,20,28079054,14,54
12,20,28079056,14,45
12,20,28079058,14,59
12,20,28079059,14,38
12,20,28079060,14,50
12,20,28079008,20,3.8
12,20,28079011,20,2.8
12,20,28079018,20,0.4
12,20,28079024,20,0.4
12,20,28079038,20,0.9
12,20,28079055,20,0.8
12,20,28079008,30,1.4
12,20,28079011,30,1.1
12,20,28079018,30,0.1
12,20,28079024,30,0.5
12,20,28079038,30,0.4
12,20,28079055,30,0.2
12,20,28079008,35,0.8
12,20,28079011,35,1
12,20,28079018,35,1
12,20,28079024,35,0.4
12,20,28079038,35,0.2
12,20,28079055,35,1
12,20,28079024,42,1.32
12,20,28079027,42,1.22
12,20,28079055,42,1.44
12,20,28079024,44,0.24
12,20,28079027,44,0.14
12,20,28079055,44,0.14
12,21,28079004,01,3
12,21,28079008,01,3
12,21,28079017,01,3
12,21,28079018,01,2
12,21,28079024,01,1
12,21,28079035,01,3
12,21,28079036,01,1
12,21,28079038,01,3
12,21,28079040,01,3
12,21,28079057,01,6
12,21,28079004,06,0.4
12,21,28079008,06,0.4
12,21,28079016,06,0.3
12,21,28079018,06,0.3
12,21,28079024,06,0.2
12,21,28079035,06,0.3
12,21,28079036,06,0.2
12,21,28079039,06,0.3
12,21,28079056,06,0.2
12,21,28079057,06,0.3
12,21,28079004,07,23
12,21,28079008,07,23
12,21,28079011,07,3
12,21,28079016,07,6
12,21,28079017,07,5
12,21,28079018,07,2
12,21,28079024,07,1
12,21,28079027,07,2
12,21,28079035,07,7
12,21,28079036,07,4
12,21,28079038,07,11
12,21,28079039,07,9
12,21,28079040,07,3
12,21,28079047,07,1
12,21,28079048,07,10
12,21,28079049,07,1
12,21,28079050,07,21
12,21,28079054,07,5
12,21,28079055,07,3
12,21,28079056,07,7
12,21,28079057,07,12
12,21,28079058,07,3
12,21,28079059,07,2
12,21,28079060,07,1
12,21,28079004,08,47
12,21,28079008,08,40
12,21,28079011,08,31
12,21,28079016,08,40
12,21,28079017,08,29
12,21,28079018,08,22
12,21,28079024,08,8
12,21,28079027,08,25
12,21,28079035,08,28
12,21,28079036,08,18
12,21,28079038,08,33
12,21,28079039,08,39
12,21,28079040,08,21
12,21,28079047,08,18
12,21,28079048,08,41
12,21,28079049,08,24
12,21,28079050,08,40
12,21,28079054,08,12
12,21,28079055,08,31
12,21,28079056,08,28
12,21,28079057,08,32
12,21,28079058,08,10
12,21,28079059,08,18
12,21,28079060,08,20
12,21,28079008,09,5
12,21,28079024,09,3
12,21,28079038,09,4
12,21,28079047,09,3
12,21,28079048,09,5
12,21,28079050,09,7
12,21,28079008,10,6
12,21,28079018,10,4
12,21,28079024,10,3
12,21,28079036,10,6
12,21,28079038,10,5
12,21,28079040,10,4
12,21,28079047,10,3
12,21,28079048,10,16
12,21,28079050,10,13
12,21,28079055,10,7
12,21,28079057,10,5
12,21,28079060,10,9
12,21,28079008,14,33
12,21,28079016,14,37
12,21,28079017,14,41
12,21,28079018,14,35
12,21,28079024,14,57
12,21,28079027,14,52
12,21,28079035,14,42
12,21,28079039,14,37
12,21,28079049,14,36
12,21,28079054,14,51
12,21,28079056,14,42
12,21,28079058,14,58
12,21,28079059,14,37
12,21,28079060,14,50
12,21,28079008,20,3.6
12,21,28079011,20,2.2
12,21,28079018,20,0.4
12,21,28079024,20,0.4
12,21,28079038,20,1.1
12,21,28079055,20,0.9
12,21,28079008,30,1.3
12,21,28079011,30,1.2
12,21,28079018,30,0.1
12,21,28079024,30,0.4
12,21,28079038,30,0.5
12,21,28079055,30,0.2
12,21,28079008,35,0.9
12,21,28079011,35,1
12,21,28079018,35,1
12,21,28079024,35,0.4
12,21,28079038,35,0.2
12,21,28079055,35,1
12,21,28079024,42,1.32
12,21,28079027,42,1.22
12,21,28079055,42,1.44
12,21,28079024,44,0.23
12,21,28079027,44,0.13
12,21,28079055,44,0.14
12,22,28079004,01,3
12,22,28079008,01,3
12,22,28079017,01,3
12,22,28079018,01,2
12,22,28079024,01,1
12,22,28079035,01,3
12,22,28079036,01,1
12,22,28079038,01,3
12,22,28079040,01,3
12,22,28079057,01,6
12,22,28079004,06,0.3
12,22,28079008,06,0.4
12,22,28079016,06,0.3
12,22,28079018,06,0.3
12,22,28079024,06,0.2
12,22,28079035,06,0.3
12,22,28079036,06,0.3
12,22,28079039,06,0.3
12,22,28079056,06,0.2
12,22,28079057,06,0.3
12,22,28079004,07,23
12,22,28079008,07,21
12,22,28079011,07,4
12,22,28079016,07,5
12,22,28079017,07,6
12,22,28079018,07,1
12,22,28079024,07,1
12,22,28079027,07,2
12,22,28079035,07,7
12,22,28079036,07,5
12,22,28079038,07,10
12,22,28079039,07,11
12,22,28079040,07,4
12,22,28079047,07,2
12,22,28079048,07,11
12,22,28079049,07,1
12,22,28079050,07,27
12,22,28079054,07,4
12,22,28079055,07,3
12,22,28079056,07,5
12,22,28079057,07,13
12,22,28079058,07,2
12,22,28079059,07,2
12,22,28079060,07,1
12,22,28079004,08,36
12,22,28079008,08,39
12,22,28079011,08,32
12,22,28079016,08,35
12,22,28079017,08,25
12,22,28079018,08,24
12,22,28079024,08,5
12,22,28079027,08,19
12,22,28079035,08,27
12,22,28079036,08,21
12,22,28079038,08,32
12,22,28079039,08,43
12,22,28079040,08,23
12,22,28079047,08,22
12,22,28079048,08,38
12,22,28079049,08,21
12,22,28079050,08,42
12,22,28079054,08,10
12,22,28079055,08,26
12,22,28079056,08,26
12,22,28079057,08,37
12,22,28079058,08,6
12,22,28079059,08,12
12,22,28079060,08,22
12,22,28079008,09,5
12,22,28079024,09,2
12,22,28079038,09,1
12,22,28079047,09,3
12,22,28079048,09,1
12,22,28079050,09,6
12,22,28079008,10,5
12,22,28079018,10,5
12,22,28079024,10,3
12,22,28079036,10,4
12,22,28079038,10,3
12,22,28079040,10,5
12,22,28079047,10,4
12,22,28079048,10,3
12,22,28079050,10,10
12,22,28079055,10,4
12,22,28079057,10,6
12,22,28079060,10,3
12,22,28079008,14,31
12,22,28079016,14,39
12,22,28079017,14,42
12,22,28079018,14,32
12,22,28079024,14,59
12,22,28079027,14,54
12,22,28079035,14,40
12,22,28079039,14,32
12,22,28079049,14,45
12,22,28079054,14,51
12,22,28079056,14,43
12,22,28079058,14,56
12,22,28079059,14,41
12,22,28079060,14,45
12,22,28079008,20,3.1
12,22,28079011,20,2.5
12,22,28079018,20,0.4
12,22,28079024,20,0.4
12,22,28079038,20,1.3
12,22,28079055,20,0.8
12,22,28079008,30,1.2
12,22,28079011,30,1.3
12,22,28079018,30,0.2
12,22,28079024,30,0.5
12,22,28079038,30,0.6
12,22,28079055,30,0.2
12,22,28079008,35,0.9
12,22,28079011,35,1
12,22,28079018,35,1
12,22,28079024,35,0.3
12,22,28079038,35,0.3
12,22,28079055,35,1
12,22,28079024,42,1.32
12,22,28079027,42,1.21
12,22,28079055,42,1.43
12,22,28079024,44,0.23
12,22,28079027,44,0.12
12,22,28079055,44,0.13
12,23,28079004,01,3
12,23,28079008,01,3
12,23,28079017,01,3
12,23,28079018,01,2
12,23,28079024,01,1
12,23,28079035,01,3
12,23,28079036,01,1
12,23,28079038,01,3
12,23,28079040,01,3
12,23,28079057,01,5
12,23,28079004,06,0.4
12,23,28079008,06,0.4
12,23,28079016,06,0.3
12,23,28079018,06,0.3
12,23,28079024,06,0.2
12,23,28079035,06,0.3
12,23,28079036,06,0.3
12,23,28079039,06,0.3
12,23,28079056,06,0.3
12,23,28079057,06,0.3
12,23,28079004,07,19
12,23,28079008,07,21
12,23,28079011,07,3
12,23,28079016,07,3
12,23,28079017,07,5
12,23,28079018,07,1
12,23,28079024,07,1
12,23,28079027,07,2
12,23,28079035,07,8
12,23,28079036,07,6
12,23,28079038,07,10
12,23,28079039,07,6
12,23,28079040,07,6
12,23,28079047,07,2
12,23,28079048,07,9
12,23,28079049,07,1
12,23,28079050,07,19
12,23,28079054,07,4
12,23,28079055,07,2
12,23,28079056,07,6
12,23,28079057,07,6
12,23,28079058,07,2
12,23,28079059,07,2
12,23,28079060,07,1
12,23,28079004,08,35
12,23,28079008,08,37
12,23,28079011,08,28
12,23,28079016,08,30
12,23,28079017,08,26
12,23,28079018,08,26
12,23,28079024,08,6
12,23,28079027,08,18
12,23,28079035,08,28
12,23,28079036,08,26
12,23,28079038,08,28
12,23,28079039,08,34
12,23,28079040,08,26
12,23,28079047,08,24
12,23,28079048,08,37
12,23,28079049,08,19
12,23,28079050,08,33
12,23,28079054,08,15
12,23,28079055,08,22
12,23,28079056,08,30
12,23,28079057,08,25
12,23,28079058,08,9
12,23,28079059,08,11
12,23,28079060,08,18
12,23,28079008,09,5
12,23,28079024,09,2
12,23,28079038,09,2
12,23,28079047,09,3
12,23,28079048,09,1
12,23,28079050,09,5
12,23,28079008,10,5
12,23,28079018,10,4
12,23,28079024,10,3
12,23,28079036,10,4
12,23,28079038,10,4
12,23,28079040,10,4
12,23,28079047,10,4
12,23,28079048,10,5
12,23,28079050,10,8
12,23,28079055,10,3
12,23,28079057,10,4
12,23,28079060,10,2
12,23,28079008,14,30
12,23,28079016,14,39
12,23,28079017,14,40
12,23,28079018,14,37
12,23,28079024,14,55
12,23,28079027,14,53
12,23,28079035,14,37
12,23,28079039,14,37
12,23,28079049,14,45
12,23,28079054,14,45
12,23,28079056,14,38
12,23,28079058,14,52
12,23,28079059,14,41
12,23,28079060,14,46
12,23,28079008,20,3.3
12,23,28079011,20,2.7
12,23,28079018,20,0.5
12,23,28079024,20,0.3
12,23,28079038,20,1.1
12,23,28079055,20,0.7
12,23,28079008,30,1.3
12,23,28079011,30,1.5
12,23,28079018,30,0.2
12,23,28079024,30,0.5
12,23,28079038,30,0.5
12,23,28079055,30,0.1
12,23,28079008,35,0.9
12,23,28079011,35,0.7
12,23,28079018,35,1
12,23,28079024,35,0.3
12,23,28079038,35,0.2
12,23,28079055,35,1
12,23,28079024,42,1.32
12,23,28079027,42,1.21
12,23,28079055,42,1.43
12,23,28079024,44,0.23
12,23,28079027,44,0.13
12,23,28079055,44,0.13
12,24,28079004,01,3
12,24,28079008,01,3
12,24,28079017,01,3
12,24,28079018,01,2
12,24,28079024,01,1
12,24,28079035,01,3
12,24,28079036,01,1
12,24,28079038,01,3
12,24,28079040,01,3
12,24,28079057,01,5
12,24,28079004,06,0.3
12,24,28079008,06,0.3
12,24,28079016,06,0.3
12,24,28079018,06,0.3
12,24,28079024,06,0.2
12,24,28079035,06,0.3
12,24,28079036,06,0.2
12,24,28079039,06,0.3
12,24,28079056,06,0.3
12,24,28079057,06,0.3
12,24,28079004,07,13
12,24,28079008,07,20
12,24,28079011,07,1
12,24,28079016,07,4
12,24,28079017,07,2
12,24,28079018,07,1
12,24,28079024,07,1
12,24,28079027,07,1
12,24,28079035,07,6
12,24,28079036,07,2
12,24,28079038,07,8
12,24,28079039,07,3
12,24,28079040,07,2
12,24,28079047,07,1
12,24,28079048,07,6
12,24,28079049,07,1
12,24,28079050,07,14
12,24,28079054,07,4
12,24,28079055,07,2
12,24,28079056,07,5
12,24,28079057,07,2
12,24,28079058,07,2
12,24,28079059,07,2
12,24,28079060,07,1
12,24,28079004,08,34
12,24,28079008,08,39
12,24,28079011,08,23
12,24,28079016,08,33
12,24,28079017,08,18
12,24,28079018,08,19
12,24,28079024,08,6
12,24,28079027,08,19
12,24,28079035,08,26
12,24,28079036,08,16
12,24,28079038,08,26
12,24,28079039,08,28
12,24,28079040,08,18
12,24,28079047,08,18
12,24,28079048,08,32
12,24,28079049,08,23
12,24,28079050,08,30
12,24,28079054,08,9
12,24,28079055,08,24
12,24,28079056,08,23
12,24,28079057,08,20
12,24,28079058,08,8
12,24,28079059,08,13
12,24,28079060,08,20
12,24,28079008,09,5
12,24,28079024,09,2
12,24,28079038,09,1
12,24,28079047,09,3
12,24,28079048,09,1
12,24,28079050,09,5
12,24,28079008,10,5
12,24,28079018,10,4
12,24,28079024,10,3
12,24,28079036,10,4
12,24,28079038,10,3
12,24,28079040,10,4
12,24,28079047,10,4
12,24,28079048,10,4
12,24,28079050,10,7
12,24,28079055,10,2
12,24,28079057,10,3
12,24,28079060,10,3
12,24,28079008,14,30
12,24,28079016,14,38
12,24,28079017,14,50
12,24,28079018,14,42
12,24,28079024,14,56
12,24,28079027,14,53
12,24,28079035,14,40
12,24,28079039,14,40
12,24,28079049,14,42
12,24,28079054,14,51
12,24,28079056,14,43
12,24,28079058,14,52
12,24,28079059,14,40
12,24,28079060,14,43
12,24,28079008,20,3.6
12,24,28079011,20,2.7
12,24,28079018,20,0.4
12,24,28079024,20,0.4
12,24,28079038,20,1.5
12,24,28079055,20,0.8
12,24,28079008,30,1.3
12,24,28079011,30,1.4
12,24,28079018,30,0.2
12,24,28079024,30,0.5
12,24,28079038,30,0.5
12,24,28079055,30,0.2
12,24,28079008,35,1
12,24,28079011,35,1
12,24,28079018,35,1
12,24,28079024,35,0.3
12,24,28079038,35,0.3
12,24,28079055,35,1
12,24,28079024,42,1.33
12,24,28079027,42,1.21
12,24,28079055,42,1.44
12,24,28079024,44,0.24
12,24,28079027,44,0.13
12,24,28079055,44,0.13
12,3,28079004,01,3
12,3,28079008,01,3
12,3,28079017,01,3
12,3,28079018,01,7
12,3,28079024,01,1
12,3,28079035,01,3
12,3,28079036,01,2
12,3,28079038,01,3
12,3,28079040,01,4
12,3,28079057,01,5
12,3,28079004,06,0.3
12,3,28079008,06,0.3
12,3,28079016,06,0.3
12,3,28079018,06,0.4
12,3,28079024,06,0.2
12,3,28079035,06,0.3
12,3,28079036,06,0.3
12,3,28079039,06,0.2
12,3,28079056,06,0.4
12,3,28079057,06,0.3
12,3,28079004,07,7
12,3,28079008,07,21
12,3,28079011,07,10
12,3,28079016,07,3
12,3,28079017,07,12
12,3,28079018,07,7
12,3,28079024,07,1
12,3,28079027,07,18
12,3,28079035,07,5
12,3,28079036,07,8
12,3,28079038,07,7
12,3,28079039,07,1
12,3,28079040,07,3
12,3,28079047,07,23
12,3,28079048,07,8
12,3,28079049,07,3
12,3,28079050,07,17
12,3,28079054,07,10
12,3,28079055,07,27
12,3,28079056,07,65
12,3,28079057,07,1
12,3,28079058,07,2
12,3,28079059,07,17
12,3,28079060,07,1
12,3,28079004,08,31
12,3,28079008,08,38
12,3,28079011,08,30
12,3,28079016,08,28
12,3,28079017,08,44
12,3,28079018,08,41
12,3,28079024,08,10
12,3,28079027,08,56
12,3,28079035,08,19
12,3,28079036,08,32
12,3,28079038,08,21
12,3,28079039,08,18
12,3,28079040,08,36
12,3,28079047,08,47
12,3,28079048,08,27
12,3,28079049,08,34
12,3,28079050,08,27
12,3,28079054,08,37
12,3,28079055,08,54
12,3,28079056,08,65
12,3,28079057,08,23
12,3,28079058,08,8
12,3,28079059,08,32
12,3,28079060,08,21
12,3,28079008,09,7
12,3,28079024,09,6
12,3,28079038,09,2
12,3,28079047,09,9
12,3,28079048,09,3
12,3,28079050,09,9
12,3,28079008,10,4
12,3,28079018,10,8
12,3,28079024,10,6
12,3,28079036,10,5
12,3,28079038,10,6
12,3,28079040,10,8
12,3,28079047,10,10
12,3,28079048,10,7
12,3,28079050,10,10
12,3,28079055,10,10
12,3,28079057,10,6
12,3,28079060,10,3
12,3,28079008,14,11
12,3,28079016,14,23
12,3,28079017,14,5
12,3,28079018,14,7
12,3,28079024,14,25
12,3,28079027,14,7
12,3,28079035,14,26
12,3,28079039,14,28
12,3,28079049,14,6
12,3,28079054,14,7
12,3,28079056,14,4
12,3,28079058,14,31
12,3,28079059,14,5
12,3,28079060,14,23
12,3,28079008,20,3.2
12,3,28079011,20,4.4
12,3,28079018,20,1.1
12,3,28079024,20,0.8
12,3,28079038,20,1.4
12,3,28079055,20,2.2
12,3,28079008,30,1.2
12,3,28079011,30,2
12,3,28079018,30,0.3
12,3,28079024,30,0.6
12,3,28079038,30,0.6
12,3,28079055,30,0.5
12,3,28079008,35,0.8
12,3,28079011,35,0.3
12,3,28079018,35,0.6
12,3,28079024,35,0.5
12,3,28079038,35,0.3
12,3,28079055,35,0.4
12,3,28079024,42,1.35
12,3,28079027,42,2.86
12,3,28079055,42,3.61
12,3,28079024,44,0.24
12,3,28079027,44,0.35
12,3,28079055,44,0.38
12,4,28079004,01,3
12,4,28079008,01,3
12,4,28079017,01,3
12,4,28079018,01,7
12,4,28079024,01,1
12,4,28079035,01,3
12,4,28079036,01,2
12,4,28079038,01,3
12,4,28079040,01,3
12,4,28079057,01,5
12,4,28079004,06,0.4
12,4,28079008,06,0.4
12,4,28079016,06,0.4
12,4,28079018,06,0.3
12,4,28079024,06,0.2
12,4,28079035,06,0.4
12,4,28079036,06,0.3
12,4,28079039,06,0.2
12,4,28079056,06,0.3
12,4,28079057,06,0.3
12,4,28079004,07,19
12,4,28079008,07,26
12,4,28079011,07,14
12,4,28079016,07,8
12,4,28079017,07,15
12,4,28079018,07,3
12,4,28079024,07,1
12,4,28079027,07,18
12,4,28079035,07,11
12,4,28079036,07,5
12,4,28079038,07,7
12,4,28079039,07,1
12,4,28079040,07,3
12,4,28079047,07,25
12,4,28079048,07,13
12,4,28079049,07,5
12,4,28079050,07,17
12,4,28079054,07,13
12,4,28079055,07,16
12,4,28079056,07,36
12,4,28079057,07,2
12,4,28079058,07,2
12,4,28079059,07,21
12,4,28079060,07,1
12,4,28079004,08,43
12,4,28079008,08,42
12,4,28079011,08,42
12,4,28079016,08,49
12,4,28079017,08,42
12,4,28079018,08,37
12,4,28079024,08,9
12,4,28079027,08,52
12,4,28079035,08,39
12,4,28079036,08,24
12,4,28079038,08,30
12,4,28079039,08,22
12,4,28079040,08,43
12,4,28079047,08,45
12,4,28079048,08,41
12,4,28079049,08,37
12,4,28079050,08,37
12,4,28079054,08,30
12,4,28079055,08,47
12,4,28079056,08,52
12,4,28079057,08,26
12,4,28079058,08,6
12,4,28079059,08,31
12,4,28079060,08,19
12,4,28079008,09,9
12,4,28079024,09,6
12,4,28079038,09,5
12,4,28079047,09,11
12,4,28079048,09,4
12,4,28079050,09,8
12,4,28079008,10,6
12,4,28079018,10,8
12,4,28079024,10,6
12,4,28079036,10,12
12,4,28079038,10,6
12,4,28079040,10,9
12,4,28079047,10,11
12,4,28079048,10,10
12,4,28079050,10,10
12,4,28079055,10,12
12,4,28079057,10,6
12,4,28079060,10,5
12,4,28079008,14,5
12,4,28079016,14,6
12,4,28079017,14,4
12,4,28079018,14,8
12,4,28079024,14,20
12,4,28079027,14,7
12,4,28079035,14,9
12,4,28079039,14,25
12,4,28079049,14,4
12,4,28079054,14,10
12,4,28079056,14,5
12,4,28079058,14,29
12,4,28079059,14,4
12,4,28079060,14,26
12,4,28079008,20,2.7
12,4,28079011,20,3.6
12,4,28079018,20,1.1
12,4,28079024,20,0.8
12,4,28079038,20,1
12,4,28079055,20,2.4
12,4,28079008,30,1
12,4,28079011,30,1.7
12,4,28079018,30,0.3
12,4,28079024,30,0.6
12,4,28079038,30,0.4
12,4,28079055,30,0.5
12,4,28079008,35,0.8
12,4,28079011,35,0.2
12,4,28079018,35,1
12,4,28079024,35,0.5
12,4,28079038,35,0.2
12,4,28079055,35,0.4
12,4,28079024,42,1.36
12,4,28079027,42,3.16
12,4,28079055,42,4.16
12,4,28079024,44,0.24
12,4,28079027,44,0.36
12,4,28079055,44,0.36
12,5,28079004,01,3
12,5,28079008,01,3
12,5,28079017,01,3
12,5,28079018,01,7
12,5,28079024,01,1
12,5,28079035,01,3
12,5,28079036,01,2
12,5,28079038,01,3
12,5,28079040,01,3
12,5,28079057,01,5
12,5,28079004,06,0.4
12,5,28079008,06,0.3
12,5,28079016,06,0.3
12,5,28079018,06,0.3
12,5,28079024,06,0.2
12,5,28079035,06,0.3
12,5,28079036,06,0.3
12,5,28079039,06,0.2
12,5,28079056,06,0.2
12,5,28079057,06,0.3
12,5,28079004,07,19
12,5,28079008,07,19
12,5,28079011,07,11
12,5,28079016,07,4
12,5,28079017,07,9
12,5,28079018,07,13
12,5,28079024,07,1
12,5,28079027,07,12
12,5,28079035,07,13
12,5,28079036,07,5
12,5,28079038,07,6
12,5,28079039,07,1
12,5,28079040,07,2
12,5,28079047,07,26
12,5,28079048,07,15
12,5,28079049,07,2
12,5,28079050,07,15
12,5,28079054,07,5
12,5,28079055,07,19
12,5,28079056,07,27
12,5,28079057,07,4
12,5,28079058,07,2
12,5,28079059,07,25
12,5,28079060,07,1
12,5,28079004,08,46
12,5,28079008,08,38
12,5,28079011,08,46
12,5,28079016,08,40
12,5,28079017,08,38
12,5,28079018,08,46
12,5,28079024,08,14
12,5,28079027,08,47
12,5,28079035,08,41
12,5,28079036,08,26
12,5,28079038,08,38
12,5,28079039,08,20
12,5,28079040,08,32
12,5,28079047,08,43
12,5,28079048,08,43
12,5,28079049,08,34
12,5,28079050,08,33
12,5,28079054,08,24
12,5,28079055,08,45
12,5,28079056,08,51
12,5,28079057,08,36
12,5,28079058,08,6
12,5,28079059,08,29
12,5,28079060,08,19
12,5,28079008,09,8
12,5,28079024,09,7
12,5,28079038,09,7
12,5,28079047,09,10
12,5,28079048,09,9
12,5,28079050,09,10
12,5,28079008,10,6
12,5,28079018,10,9
12,5,28079024,10,7
12,5,28079036,10,8
12,5,28079038,10,8
12,5,28079040,10,10
12,5,28079047,10,11
12,5,28079048,10,20
12,5,28079050,10,11
12,5,28079055,10,12
12,5,28079057,10,6
12,5,28079060,10,4
12,5,28079008,14,8
12,5,28079016,14,11
12,5,28079017,14,4
12,5,28079018,14,3
12,5,28079024,14,19
12,5,28079027,14,7
12,5,28079035,14,6
12,5,28079039,14,26
12,5,28079049,14,6
12,5,28079054,14,13
12,5,28079056,14,4
12,5,28079058,14,26
12,5,28079059,14,4
12,5,28079060,14,24
12,5,28079008,20,2.7
12,5,28079011,20,6
12,5,28079018,20,1.1
12,5,28079024,20,0.8
12,5,28079038,20,1.4
12,5,28079055,20,2.6
12,5,28079008,30,1
12,5,28079011,30,2.6
12,5,28079018,30,0.2
12,5,28079024,30,0.5
12,5,28079038,30,0.5
12,5,28079055,30,0.6
12,5,28079008,35,1
12,5,28079011,35,0.7
12,5,28079018,35,0.7
12,5,28079024,35,0.5
12,5,28079038,35,0.2
12,5,28079055,35,0.5
12,5,28079024,42,1.37
12,5,28079027,42,2.6
12,5,28079055,42,3.3
12,5,28079024,44,0.24
12,5,28079027,44,0.33
12,5,28079055,44,0.31
12,6,28079004,01,3
12,6,28079008,01,3
12,6,28079017,01,3
12,6,28079018,01,7
12,6,28079024,01,1
12,6,28079035,01,3
12,6,28079036,01,2
12,6,28079038,01,3
12,6,28079040,01,3
12,6,28079057,01,6
12,6,28079004,06,0.4
12,6,28079008,06,0.3
12,6,28079016,06,0.3
12,6,28079018,06,0.3
12,6,28079024,06,0.3
12,6,28079035,06,0.3
12,6,28079036,06,0.3
12,6,28079039,06,0.2
12,6,28079056,06,0.3
12,6,28079057,06,0.3
12,6,28079004,07,27
12,6,28079008,07,20
12,6,28079011,07,4
12,6,28079016,07,5
12,6,28079017,07,9
12,6,28079018,07,16
12,6,28079024,07,6
12,6,28079027,07,15
12,6,28079035,07,20
12,6,28079036,07,4
12,6,28079038,07,12
12,6,28079039,07,1
12,6,28079040,07,4
12,6,28079047,07,27
12,6,28079048,07,26
12,6,28079049,07,7
12,6,28079050,07,14
12,6,28079054,07,5
12,6,28079055,07,24
12,6,28079056,07,41
12,6,28079057,07,6
12,6,28079058,07,1
12,6,28079059,07,21
12,6,28079060,07,2
12,6,28079004,08,46
12,6,28079008,08,36
12,6,28079011,08,40
12,6,28079016,08,41
12,6,28079017,08,32
12,6,28079018,08,47
12,6,28079024,08,25
12,6,28079027,08,47
12,6,28079035,08,44
12,6,28079036,08,23
12,6,28079038,08,41
12,6,28079039,08,25
12,6,28079040,08,35
12,6,28079047,08,40
12,6,28079048,08,47
12,6,28079049,08,36
12,6,28079050,08,28
12,6,28079054,08,18
12,6,28079055,08,46
12,6,28079056,08,50
12,6,28079057,08,44
12,6,28079058,08,7
12,6,28079059,08,30
12,6,28079060,08,22
12,6,28079008,09,9
12,6,28079024,09,7
12,6,28079038,09,7
12,6,28079047,09,9
12,6,28079048,09,5
12,6,28079050,09,8
12,6,28079008,10,5
12,6,28079018,10,10
12,6,28079024,10,8
12,6,28079036,10,7
12,6,28079038,10,9
12,6,28079040,10,8
12,6,28079047,10,11
12,6,28079048,10,10
12,6,28079050,10,11
12,6,28079055,10,14
12,6,28079057,10,9
12,6,28079060,10,6
12,6,28079008,14,7
12,6,28079016,14,9
12,6,28079017,14,7
12,6,28079018,14,2
12,6,28079024,14,7
12,6,28079027,14,7
12,6,28079035,14,4
12,6,28079039,14,21
12,6,28079049,14,3
12,6,28079054,14,17
12,6,28079056,14,4
12,6,28079058,14,24
12,6,28079059,14,4
12,6,28079060,14,21
12,6,28079008,20,2.7
12,6,28079011,20,4.9
12,6,28079018,20,1.3
12,6,28079024,20,0.9
12,6,28079038,20,1.7
12,6,28079055,20,2.5
12,6,28079008,30,0.8
12,6,28079011,30,1.9
12,6,28079018,30,0.2
12,6,28079024,30,0.6
12,6,28079038,30,0.7
12,6,28079055,30,0.5
12,6,28079008,35,0.9
12,6,28079011,35,0.5
12,6,28079018,35,0.7
12,6,28079024,35,0.5
12,6,28079038,35,0.3
12,6,28079055,35,0.5
12,6,28079024,42,1.52
12,6,28079027,42,3
12,6,28079055,42,3.59
12,6,28079024,44,0.28
12,6,28079027,44,0.33
12,6,28079055,44,0.33
12,7,28079004,01,3
12,7,28079008,01,3
12,7,28079017,01,3
12,7,28079018,01,7
12,7,28079024,01,1
12,7,28079035,01,3
12,7,28079036,01,2
12,7,28079038,01,3
12,7,28079040,01,4
12,7,28079057,01,5
12,7,28079004,06,0.3
12,7,28079008,06,0.3
12,7,28079016,06,0.3
12,7,28079018,06,0.4
12,7,28079024,06,0.2
12,7,28079035,06,0.4
12,7,28079036,06,0.3
12,7,28079039,06,0.2
12,7,28079056,06,0.4
12,7,28079057,06,0.3
12,7,28079004,07,16
12,7,28079008,07,25
12,7,28079011,07,7
12,7,28079016,07,21
12,7,28079017,07,3
12,7,28079018,07,18
12,7,28079024,07,1
12,7,28079027,07,32
12,7,28079035,07,27
12,7,28079036,07,10
12,7,28079038,07,12
12,7,28079039,07,4
12,7,28079040,07,9
12,7,28079047,07,20
12,7,28079048,07,16
12,7,28079049,07,14
12,7,28079050,07,34
12,7,28079054,07,5
12,7,28079055,07,28
12,7,28079056,07,47
12,7,28079057,07,2
12,7,28079058,07,3
12,7,28079059,07,21
12,7,28079060,07,3
12,7,28079004,08,41
12,7,28079008,08,38
12,7,28079011,08,35
12,7,28079016,08,45
12,7,28079017,08,22
12,7,28079018,08,44
12,7,28079024,08,20
12,7,28079027,08,48
12,7,28079035,08,41
12,7,28079036,08,25
12,7,28079038,08,35
12,7,28079039,08,26
12,7,28079040,08,37
12,7,28079047,08,37
12,7,28079048,08,38
12,7,28079049,08,38
12,7,28079050,08,37
12,7,28079054,08,17
12,7,28079055,08,47
12,7,28079056,08,53
12,7,28079057,08,25
12,7,28079058,08,8
12,7,28079059,08,28
12,7,28079060,08,21
12,7,28079008,09,10
12,7,28079024,09,8
12,7,28079038,09,8
12,7,28079047,09,8
12,7,28079048,09,11
12,7,28079050,09,10
12,7,28079008,10,6
12,7,28079018,10,12
12,7,28079024,10,10
12,7,28079036,10,8
12,7,28079038,10,8
12,7,28079040,10,9
12,7,28079047,10,10
12,7,28079048,10,14
12,7,28079050,10,12
12,7,28079055,10,17
12,7,28079057,10,8
12,7,28079060,10,5
12,7,28079008,14,4
12,7,28079016,14,4
12,7,28079017,14,18
12,7,28079018,14,3
12,7,28079024,14,12
12,7,28079027,14,7
12,7,28079035,14,4
12,7,28079039,14,17
12,7,28079049,14,2
12,7,28079054,14,14
12,7,28079056,14,2
12,7,28079058,14,23
12,7,28079059,14,3
12,7,28079060,14,20
12,7,28079008,20,2.9
12,7,28079011,20,4.9
12,7,28079018,20,1.6
12,7,28079024,20,1.3
12,7,28079038,20,2.2
12,7,28079055,20,2.4
12,7,28079008,30,0.8
12,7,28079011,30,1.8
12,7,28079018,30,0.3
12,7,28079024,30,0.7
12,7,28079038,30,0.6
12,7,28079055,30,0.5
12,7,28079008,35,1.1
12,7,28079011,35,0.3
12,7,28079018,35,0.2
12,7,28079024,35,0.5
12,7,28079038,35,0.4
12,7,28079055,35,0.4
12,7,28079024,42,1.4
12,7,28079027,42,2.65
12,7,28079055,42,2.99
12,7,28079024,44,0.26
12,7,28079027,44,0.3
12,7,28079055,44,0.28
12,8,28079004,01,3
12,8,28079008,01,3
12,8,28079017,01,3
12,8,28079018,01,7
12,8,28079024,01,1
12,8,28079035,01,3
12,8,28079036,01,2
12,8,28079038,01,2
12,8,28079040,01,4
12,8,28079057,01,5
12,8,28079004,06,0.3
12,8,28079008,06,0.3
12,8,28079016,06,0.4
12,8,28079018,06,0.3
12,8,28079024,06,0.2
12,8,28079035,06,0.3
12,8,28079036,06,0.3
12,8,28079039,06,0.3
12,8,28079056,06,0.3
12,8,28079057,06,0.3
12,8,28079004,07,15
12,8,28079008,07,23
12,8,28079011,07,2
12,8,28079016,07,35
12,8,28079017,07,5
12,8,28079018,07,5
12,8,28079024,07,1
12,8,28079027,07,35
12,8,28079035,07,9
12,8,28079036,07,21
12,8,28079038,07,5
12,8,28079039,07,6
12,8,28079040,07,11
12,8,28079047,07,27
12,8,28079048,07,11
12,8,28079049,07,17
12,8,28079050,07,18
12,8,28079054,07,8
12,8,28079055,07,55
12,8,28079056,07,51
12,8,28079057,07,3
12,8,28079058,07,4
12,8,28079059,07,18
12,8,28079060,07,7
12,8,28079004,08,38
12,8,28079008,08,34
12,8,28079011,08,26
12,8,28079016,08,47
12,8,28079017,08,22
12,8,28079018,08,30
12,8,28079024,08,13
12,8,28079027,08,52
12,8,28079035,08,27
12,8,28079036,08,30
12,8,28079038,08,26
12,8,28079039,08,33
12,8,28079040,08,39
12,8,28079047,08,38
12,8,28079048,08,31
12,8,28079049,08,33
12,8,28079050,08,29
12,8,28079054,08,26
12,8,28079055,08,50
12,8,28079056,08,49
12,8,28079057,08,28
12,8,28079058,08,12
12,8,28079059,08,26
12,8,28079060,08,28
12,8,28079008,09,9
12,8,28079024,09,6
12,8,28079038,09,6
12,8,28079047,09,9
12,8,28079048,09,8
12,8,28079050,09,7
12,8,28079008,10,6
12,8,28079018,10,9
12,8,28079024,10,6
12,8,28079036,10,9
12,8,28079038,10,5
12,8,28079040,10,7
12,8,28079047,10,11
12,8,28079048,10,14
12,8,28079050,10,9
12,8,28079055,10,16
12,8,28079057,10,6
12,8,28079060,10,9
12,8,28079008,14,7
12,8,28079016,14,4
12,8,28079017,14,20
12,8,28079018,14,10
12,8,28079024,14,18
12,8,28079027,14,7
12,8,28079035,14,12
12,8,28079039,14,11
12,8,28079049,14,4
12,8,28079056,14,7
12,8,28079058,14,17
12,8,28079059,14,6
12,8,28079060,14,14
12,8,28079008,20,3.4
12,8,28079011,20,4.2
12,8,28079018,20,1.1
12,8,28079024,20,1
12,8,28079038,20,1.4
12,8,28079055,20,2.6
12,8,28079008,30,1
12,8,28079011,30,1.5
12,8,28079018,30,0.2
12,8,28079024,30,0.7
12,8,28079038,30,0.5
12,8,28079055,30,0.6
12,8,28079008,35,1.1
12,8,28079011,35,0.2
12,8,28079018,35,0.7
12,8,28079024,35,0.5
12,8,28079038,35,0.2
12,8,28079055,35,0.5
12,8,28079024,42,1.39
12,8,28079027,42,2.54
12,8,28079055,42,3.09
12,8,28079024,44,0.25
12,8,28079027,44,0.31
12,8,28079055,44,0.33
12,9,28079004,01,3
12,9,28079008,01,3
12,9,28079017,01,3
12,9,28079018,01,7
12,9,28079024,01,1
12,9,28079035,01,3
12,9,28079036,01,2
12,9,28079038,01,2
12,9,28079040,01,4
12,9,28079057,01,5
12,9,28079004,06,0.3
12,9,28079008,06,0.3
12,9,28079016,06,0.3
12,9,28079018,06,0.3
12,9,28079024,06,0.2
12,9,28079035,06,0.3
12,9,28079036,06,0.3
12,9,28079039,06,0.2
12,9,28079056,06,0.2
12,9,28079057,06,0.3
12,9,28079004,07,4
12,9,28079008,07,13
12,9,28079011,07,1
12,9,28079016,07,8
12,9,28079017,07,7
12,9,28079018,07,3
12,9,28079024,07,1
12,9,28079027,07,8
12,9,28079035,07,7
12,9,28079036,07,8
12,9,28079038,07,7
12,9,28079039,07,6
12,9,28079040,07,7
12,9,28079047,07,2
12,9,28079048,07,9
12,9,28079049,07,1
12,9,28079050,07,20
12,9,28079054,07,6
12,9,28079055,07,6
12,9,28079056,07,6
12,9,28079057,07,4
12,9,28079058,07,2
12,9,28079059,07,3
12,9,28079060,07,6
12,9,28079004,08,16
12,9,28079008,08,24
12,9,28079011,08,19
12,9,28079016,08,29
12,9,28079017,08,20
12,9,28079018,08,21
12,9,28079024,08,5
12,9,28079027,08,32
12,9,28079035,08,18
12,9,28079036,08,22
12,9,28079038,08,23
12,9,28079039,08,27
12,9,28079040,08,29
12,9,28079047,08,21
12,9,28079048,08,25
12,9,28079049,08,20
12,9,28079050,08,29
12,9,28079054,08,22
12,9,28079055,08,34
12,9,28079056,08,27
12,9,28079057,08,24
12,9,28079058,08,8
12,9,28079059,08,15
12,9,28079060,08,22
12,9,28079008,09,5
12,9,28079024,09,3
12,9,28079038,09,3
12,9,28079047,09,4
12,9,28079048,09,7
12,9,28079050,09,6
12,9,28079008,10,3
12,9,28079018,10,3
12,9,28079024,10,2
12,9,28079036,10,4
12,9,28079038,10,3
12,9,28079040,10,4
12,9,28079047,10,3
12,9,28079048,10,7
12,9,28079050,10,6
12,9,28079055,10,8
12,9,28079057,10,5
12,9,28079060,10,4
12,9,28079008,14,19
12,9,28079016,14,18
12,9,28079017,14,25
12,9,28079018,14,20
12,9,28079024,14,34
12,9,28079027,14,20
12,9,28079035,14,23
12,9,28079039,14,19
12,9,28079049,14,19
12,9,28079054,14,17
12,9,28079056,14,20
12,9,28079058,14,29
12,9,28079059,14,18
12,9,28079060,14,23
12,9,28079008,20,2.7
12,9,28079011,20,2.9
12,9,28079018,20,0.5
12,9,28079024,20,0.8
12,9,28079038,20,1
12,9,28079055,20,2
12,9,28079008,30,0.9
12,9,28079011,30,1.4
12,9,28079018,30,0.2
12,9,28079024,30,0.6
12,9,28079038,30,0.5
12,9,28079055,30,0.4
12,9,28079008,35,0.9
12,9,28079011,35,0.9
12,9,28079018,35,1
12,9,28079024,35,0.5
12,9,28079038,35,0.2
12,9,28079055,35,0.3
12,9,28079024,42,1.35
12,9,28079027,42,1.37
12,9,28079055,42,1.57
12,9,28079024,44,0.24
12,9,28079027,44,0.15
12,9,28079055,44,0.14
13,1,28079004,01,3
13,1,28079008,01,2
13,1,28079017,01,3
13,1,28079018,01,2
13,1,28079024,01,1
13,1,28079035,01,3
13,1,28079036,01,1
13,1,28079038,01,2
13,1,28079040,01,3
13,1,28079057,01,5
13,1,28079004,06,0.4
13,1,28079008,06,0.3
13,1,28079016,06,0.3
13,1,28079018,06,0.3
13,1,28079024,06,0.2
13,1,28079035,06,0.3
13,1,28079036,06,0.2
13,1,28079039,06,0.2
13,1,28079056,06,0.2
13,1,28079057,06,0.3
13,1,28079004,07,13
13,1,28079008,07,15
13,1,28079011,07,2
13,1,28079016,07,2
13,1,28079017,07,2
13,1,28079018,07,1
13,1,28079024,07,1
13,1,28079027,07,1
13,1,28079035,07,6
13,1,28079036,07,2
13,1,28079038,07,6
13,1,28079039,07,1
13,1,28079040,07,2
13,1,28079047,07,1
13,1,28079048,07,5
13,1,28079049,07,1
13,1,28079050,07,16
13,1,28079054,07,3
13,1,28079055,07,1
13,1,28079056,07,4
13,1,28079057,07,2
13,1,28079058,07,2
13,1,28079059,07,2
13,1,28079060,07,1
13,1,28079004,08,30
13,1,28079008,08,33
13,1,28079011,08,22
13,1,28079016,08,21
13,1,28079017,08,15
13,1,28079018,08,13
13,1,28079024,08,4
13,1,28079027,08,10
13,1,28079035,08,24
13,1,28079036,08,9
13,1,28079038,08,21
13,1,28079039,08,24
13,1,28079040,08,13
13,1,28079047,08,11
13,1,28079048,08,24
13,1,28079049,08,14
13,1,28079050,08,35
13,1,28079054,08,4
13,1,28079055,08,14
13,1,28079056,08,19
13,1,28079057,08,17
13,1,28079058,08,5
13,1,28079059,08,7
13,1,28079060,08,13
13,1,28079008,09,3
13,1,28079024,09,2
13,1,28079038,09,1
13,1,28079047,09,2
13,1,28079048,09,3
13,1,28079050,09,3
13,1,28079008,10,5
13,1,28079018,10,5
13,1,28079024,10,3
13,1,28079036,10,4
13,1,28079038,10,2
13,1,28079040,10,3
13,1,28079047,10,4
13,1,28079048,10,8
13,1,28079050,10,4
13,1,28079055,10,4
13,1,28079057,10,3
13,1,28079060,10,4
13,1,28079008,14,33
13,1,28079016,14,47
13,1,28079017,14,52
13,1,28079018,14,47
13,1,28079024,14,60
13,1,28079027,14,61
13,1,28079035,14,41
13,1,28079039,14,44
13,1,28079049,14,50
13,1,28079054,14,57
13,1,28079056,14,49
13,1,28079058,14,57
13,1,28079059,14,47
13,1,28079060,14,55
13,1,28079008,20,2.5
13,1,28079011,20,2.1
13,1,28079018,20,0.4
13,1,28079024,20,0.4
13,1,28079038,20,1.1
13,1,28079055,20,0.6
13,1,28079008,30,1
13,1,28079011,30,1.2
13,1,28079018,30,0.1
13,1,28079024,30,0.5
13,1,28079038,30,0.4
13,1,28079055,30,0.2
13,1,28079008,35,1
13,1,28079011,35,0.8
13,1,28079018,35,1
13,1,28079024,35,0.4
13,1,28079038,35,0.2
13,1,28079055,35,1
13,1,28079024,42,1.33
13,1,28079027,42,1.21
13,1,28079055,42,1.42
13,1,28079024,44,0.25
13,1,28079027,44,0.13
13,1,28079055,44,0.12
13,10,28079004,01,3
13,10,28079008,01,3
13,10,28079017,01,3
13,10,28079018,01,2
13,10,28079024,01,1
13,10,28079035,01,3
13,10,28079036,01,1
13,10,28079038,01,3
13,10,28079040,01,3
13,10,28079057,01,3
13,10,28079004,06,0.3
13,10,28079008,06,0.3
13,10,28079016,06,0.3
13,10,28079018,06,0.3
13,10,28079024,06,0.2
13,10,28079035,06,0.3
13,10,28079036,06,0.2
13,10,28079039,06,0.2
13,10,28079056,06,0.2
13,10,28079057,06,0.3
13,10,28079004,07,8
13,10,28079008,07,13
13,10,28079011,07,5
13,10,28079016,07,3
13,10,28079017,07,4
13,10,28079018,07,1
13,10,28079024,07,1
13,10,28079027,07,2
13,10,28079035,07,14
13,10,28079036,07,3
13,10,28079038,07,7
13,10,28079039,07,2
13,10,28079040,07,5
13,10,28079047,07,1
13,10,28079048,07,4
13,10,28079049,07,1
13,10,28079050,07,13
13,10,28079054,07,4
13,10,28079055,07,2
13,10,28079056,07,5
13,10,28079057,07,2
13,10,28079058,07,4
13,10,28079059,07,2
13,10,28079060,07,1
13,10,28079004,08,32
13,10,28079008,08,30
13,10,28079011,08,20
13,10,28079016,08,18
13,10,28079017,08,18
13,10,28079018,08,11
13,10,28079024,08,5
13,10,28079027,08,8
13,10,28079035,08,30
13,10,28079036,08,13
13,10,28079038,08,24
13,10,28079039,08,20
13,10,28079040,08,31
13,10,28079047,08,11
13,10,28079048,08,18
13,10,28079049,08,16
13,10,28079050,08,23
13,10,28079054,08,11
13,10,28079055,08,10
13,10,28079056,08,22
13,10,28079057,08,9
13,10,28079058,08,9
13,10,28079059,08,6
13,10,28079060,08,11
13,10,28079008,09,4
13,10,28079024,09,3
13,10,28079038,09,6
13,10,28079047,09,3
13,10,28079048,09,2
13,10,28079050,09,3
13,10,28079008,10,4
13,10,28079018,10,7
13,10,28079024,10,4
13,10,28079036,10,3
13,10,28079038,10,4
13,10,28079040,10,5
13,10,28079047,10,4
13,10,28079048,10,6
13,10,28079050,10,8
13,10,28079055,10,4
13,10,28079057,10,5
13,10,28079060,10,6
13,10,28079008,14,39
13,10,28079016,14,54
13,10,28079017,14,51
13,10,28079018,14,54
13,10,28079024,14,36
13,10,28079027,14,66
13,10,28079035,14,42
13,10,28079039,14,54
13,10,28079049,14,53
13,10,28079054,14,54
13,10,28079056,14,52
13,10,28079058,14,63
13,10,28079059,14,52
13,10,28079060,14,61
13,10,28079008,20,1.1
13,10,28079011,20,1.7
13,10,28079018,20,0.3
13,10,28079024,20,0.3
13,10,28079038,20,0.9
13,10,28079055,20,0.3
13,10,28079008,30,0.4
13,10,28079011,30,1.2
13,10,28079018,30,0.1
13,10,28079024,30,0.4
13,10,28079038,30,0.4
13,10,28079055,30,0.2
13,10,28079008,35,0.5
13,10,28079011,35,0.6
13,10,28079018,35,1
13,10,28079024,35,0.3
13,10,28079038,35,0.6
13,10,28079055,35,1
13,10,28079024,42,1.34
13,10,28079027,42,1.21
13,10,28079055,42,1.43
13,10,28079024,44,0.26
13,10,28079027,44,0.13
13,10,28079055,44,0.13
13,11,28079004,01,3
13,11,28079008,01,3
13,11,28079017,01,3
13,11,28079018,01,2
13,11,28079024,01,1
13,11,28079035,01,3
13,11,28079036,01,1
13,11,28079038,01,4
13,11,28079040,01,3
13,11,28079057,01,3
13,11,28079004,06,0.3
13,11,28079008,06,0.3
13,11,28079016,06,0.3
13,11,28079018,06,0.3
13,11,28079024,06,0.2
13,11,28079035,06,0.3
13,11,28079036,06,0.2
13,11,28079039,06,0.2
13,11,28079056,06,0.2
13,11,28079057,06,0.2
13,11,28079004,07,4
13,11,28079008,07,11
13,11,28079011,07,5
13,11,28079016,07,5
13,11,28079017,07,6
13,11,28079018,07,1
13,11,28079024,07,1
13,11,28079027,07,2
13,11,28079035,07,8
13,11,28079036,07,6
13,11,28079038,07,10
13,11,28079039,07,5
13,11,28079040,07,6
13,11,28079047,07,2
13,11,28079048,07,6
13,11,28079049,07,1
13,11,28079054,07,5
13,11,28079055,07,2
13,11,28079056,07,5
13,11,28079057,07,2
13,11,28079058,07,3
13,11,28079059,07,3
13,11,28079060,07,2
13,11,28079004,08,19
13,11,28079008,08,24
13,11,28079011,08,23
13,11,28079016,08,20
13,11,28079017,08,15
13,11,28079018,08,11
13,11,28079024,08,3
13,11,28079027,08,7
13,11,28079035,08,18
13,11,28079036,08,12
13,11,28079038,08,20
13,11,28079039,08,18
13,11,28079040,08,18
13,11,28079047,08,12
13,11,28079048,08,21
13,11,28079049,08,12
13,11,28079054,08,8
13,11,28079055,08,9
13,11,28079056,08,20
13,11,28079057,08,7
13,11,28079058,08,4
13,11,28079059,08,6
13,11,28079060,08,11
13,11,28079008,09,3
13,11,28079024,09,3
13,11,28079038,09,4
13,11,28079047,09,2
13,11,28079048,09,2
13,11,28079008,10,3
13,11,28079018,10,6
13,11,28079024,10,3
13,11,28079036,10,4
13,11,28079038,10,5
13,11,28079040,10,6
13,11,28079047,10,4
13,11,28079048,10,10
13,11,28079055,10,5
13,11,28079057,10,7
13,11,28079060,10,6
13,11,28079008,14,47
13,11,28079016,14,54
13,11,28079017,14,55
13,11,28079018,14,55
13,11,28079024,14,67
13,11,28079027,14,69
13,11,28079035,14,54
13,11,28079039,14,59
13,11,28079049,14,59
13,11,28079054,14,59
13,11,28079056,14,54
13,11,28079058,14,69
13,11,28079059,14,54
13,11,28079060,14,64
13,11,28079008,20,1.1
13,11,28079011,20,1.5
13,11,28079018,20,0.2
13,11,28079024,20,0.3
13,11,28079038,20,0.9
13,11,28079055,20,0.2
13,11,28079008,30,0.5
13,11,28079011,30,1.2
13,11,28079018,30,0.1
13,11,28079024,30,0.4
13,11,28079038,30,0.4
13,11,28079055,30,0.2
13,11,28079008,35,0.5
13,11,28079011,35,1
13,11,28079018,35,1
13,11,28079024,35,0.3
13,11,28079038,35,0.6
13,11,28079055,35,1
13,11,28079024,42,1.33
13,11,28079027,42,1.21
13,11,28079055,42,1.42
13,11,28079024,44,0.25
13,11,28079027,44,0.13
13,11,28079055,44,0.13
13,12,28079004,01,3
13,12,28079008,01,3
13,12,28079017,01,3
13,12,28079018,01,2
13,12,28079024,01,1
13,12,28079035,01,3
13,12,28079036,01,1
13,12,28079038,01,5
13,12,28079040,01,4
13,12,28079057,01,4
13,12,28079004,06,0.2
13,12,28079008,06,0.3
13,12,28079016,06,0.3
13,12,28079018,06,0.3
13,12,28079024,06,0.2
13,12,28079035,06,0.3
13,12,28079036,06,0.3
13,12,28079039,06,0.2
13,12,28079056,06,0.2
13,12,28079057,06,0.3
13,12,28079004,07,5
13,12,28079008,07,13
13,12,28079011,07,9
13,12,28079016,07,6
13,12,28079017,07,5
13,12,28079018,07,2
13,12,28079024,07,1
13,12,28079027,07,2
13,12,28079035,07,6
13,12,28079036,07,8
13,12,28079038,07,10
13,12,28079039,07,5
13,12,28079040,07,6
13,12,28079047,07,3
13,12,28079048,07,9
13,12,28079049,07,2
13,12,28079050,07,20
13,12,28079054,07,4
13,12,28079055,07,4
13,12,28079056,07,8
13,12,28079057,07,4
13,12,28079058,07,4
13,12,28079059,07,4
13,12,28079060,07,3
13,12,28079004,08,18
13,12,28079008,08,22
13,12,28079011,08,25
13,12,28079016,08,19
13,12,28079017,08,13
13,12,28079018,08,11
13,12,28079024,08,1
13,12,28079027,08,7
13,12,28079035,08,13
13,12,28079036,08,13
13,12,28079038,08,20
13,12,28079039,08,18
13,12,28079040,08,18
13,12,28079047,08,9
13,12,28079048,08,23
13,12,28079049,08,10
13,12,28079050,08,27
13,12,28079054,08,4
13,12,28079055,08,11
13,12,28079056,08,18
13,12,28079057,08,9
13,12,28079058,08,4
13,12,28079059,08,7
13,12,28079060,08,12
13,12,28079008,09,4
13,12,28079024,09,3
13,12,28079038,09,5
13,12,28079047,09,3
13,12,28079048,09,1
13,12,28079050,09,4
13,12,28079008,10,5
13,12,28079018,10,5
13,12,28079024,10,4
13,12,28079036,10,5
13,12,28079038,10,9
13,12,28079040,10,6
13,12,28079047,10,5
13,12,28079048,10,9
13,12,28079050,10,10
13,12,28079055,10,5
13,12,28079057,10,8
13,12,28079060,10,4
13,12,28079008,14,51
13,12,28079016,14,56
13,12,28079017,14,60
13,12,28079018,14,57
13,12,28079024,14,70
13,12,28079027,14,70
13,12,28079035,14,62
13,12,28079039,14,60
13,12,28079049,14,63
13,12,28079054,14,63
13,12,28079056,14,58
13,12,28079058,14,69
13,12,28079059,14,54
13,12,28079060,14,64
13,12,28079008,20,1.3
13,12,28079011,20,1.7
13,12,28079018,20,0.3
13,12,28079024,20,0.3
13,12,28079038,20,0.7
13,12,28079055,20,0.3
13,12,28079008,30,0.5
13,12,28079011,30,1.2
13,12,28079018,30,0.2
13,12,28079024,30,0.4
13,12,28079038,30,0.3
13,12,28079055,30,0.2
13,12,28079008,35,0.5
13,12,28079011,35,1
13,12,28079018,35,1
13,12,28079024,35,0.4
13,12,28079038,35,0.3
13,12,28079055,35,1
13,12,28079024,42,1.33
13,12,28079027,42,1.21
13,12,28079055,42,1.42
13,12,28079024,44,0.25
13,12,28079027,44,0.13
13,12,28079055,44,0.13
13,13,28079004,01,4
13,13,28079008,01,3
13,13,28079017,01,3
13,13,28079018,01,2
13,13,28079024,01,1
13,13,28079035,01,3
13,13,28079036,01,2
13,13,28079038,01,5
13,13,28079040,01,4
13,13,28079057,01,4
13,13,28079004,06,0.2
13,13,28079008,06,0.3
13,13,28079016,06,0.3
13,13,28079018,06,0.3
13,13,28079024,06,0.2
13,13,28079035,06,0.3
13,13,28079036,06,0.3
13,13,28079039,06,0.2
13,13,28079056,06,0.2
13,13,28079057,06,0.3
13,13,28079004,07,5
13,13,28079008,07,21
13,13,28079011,07,18
13,13,28079016,07,5
13,13,28079017,07,5
13,13,28079018,07,2
13,13,28079024,07,1
13,13,28079027,07,3
13,13,28079035,07,7
13,13,28079036,07,7
13,13,28079038,07,25
13,13,28079039,07,6
13,13,28079040,07,5
13,13,28079047,07,3
13,13,28079048,07,10
13,13,28079049,07,2
13,13,28079050,07,24
13,13,28079054,07,4
13,13,28079055,07,4
13,13,28079056,07,8
13,13,28079057,07,6
13,13,28079058,07,4
13,13,28079059,07,4
13,13,28079060,07,3
13,13,28079004,08,18
13,13,28079008,08,32
13,13,28079011,08,34
13,13,28079016,08,19
13,13,28079017,08,12
13,13,28079018,08,11
13,13,28079024,08,1
13,13,28079027,08,7
13,13,28079035,08,16
13,13,28079036,08,13
13,13,28079038,08,20
13,13,28079039,08,21
13,13,28079040,08,13
13,13,28079047,08,10
13,13,28079048,08,21
13,13,28079049,08,11
13,13,28079050,08,31
13,13,28079054,08,4
13,13,28079055,08,10
13,13,28079056,08,18
13,13,28079057,08,13
13,13,28079058,08,5
13,13,28079059,08,6
13,13,28079060,08,15
13,13,28079008,09,5
13,13,28079024,09,2
13,13,28079038,09,2
13,13,28079047,09,2
13,13,28079048,09,1
13,13,28079050,09,3
13,13,28079008,10,6
13,13,28079018,10,5
13,13,28079024,10,3
13,13,28079036,10,4
13,13,28079038,10,4
13,13,28079040,10,4
13,13,28079047,10,3
13,13,28079048,10,6
13,13,28079050,10,5
13,13,28079055,10,4
13,13,28079057,10,7
13,13,28079060,10,6
13,13,28079008,14,44
13,13,28079016,14,56
13,13,28079017,14,62
13,13,28079018,14,58
13,13,28079024,14,71
13,13,28079027,14,71
13,13,28079035,14,59
13,13,28079039,14,58
13,13,28079049,14,62
13,13,28079054,14,65
13,13,28079056,14,58
13,13,28079058,14,69
13,13,28079059,14,50
13,13,28079060,14,62
13,13,28079008,20,2.5
13,13,28079011,20,2.8
13,13,28079018,20,0.2
13,13,28079024,20,0.3
13,13,28079038,20,0.9
13,13,28079055,20,0.2
13,13,28079008,30,0.8
13,13,28079011,30,1.8
13,13,28079018,30,0.1
13,13,28079024,30,0.4
13,13,28079038,30,0.4
13,13,28079055,30,0.2
13,13,28079008,35,0.7
13,13,28079011,35,0.6
13,13,28079018,35,1
13,13,28079024,35,0.3
13,13,28079038,35,0.2
13,13,28079055,35,1
13,13,28079024,42,1.33
13,13,28079027,42,1.21
13,13,28079055,42,1.42
13,13,28079024,44,0.25
13,13,28079027,44,0.13
13,13,28079055,44,0.13
13,14,28079004,01,5
13,14,28079008,01,4
13,14,28079017,01,3
13,14,28079018,01,2
13,14,28079024,01,1
13,14,28079035,01,4
13,14,28079036,01,2
13,14,28079038,01,5
13,14,28079040,01,4
13,14,28079057,01,5
13,14,28079004,06,0.3
13,14,28079008,06,0.3
13,14,28079016,06,0.3
13,14,28079018,06,0.3
13,14,28079024,06,0.2
13,14,28079035,06,0.3
13,14,28079036,06,0.3
13,14,28079039,06,0.3
13,14,28079056,06,0.2
13,14,28079057,06,0.3
13,14,28079004,07,8
13,14,28079008,07,21
13,14,28079011,07,16
13,14,28079016,07,5
13,14,28079017,07,5
13,14,28079018,07,2
13,14,28079024,07,1
13,14,28079027,07,3
13,14,28079035,07,7
13,14,28079036,07,6
13,14,28079038,07,13
13,14,28079039,07,10
13,14,28079040,07,7
13,14,28079047,07,3
13,14,28079048,07,9
13,14,28079049,07,2
13,14,28079050,07,25
13,14,28079054,07,4
13,14,28079055,07,3
13,14,28079056,07,9
13,14,28079057,07,8
13,14,28079058,07,5
13,14,28079059,07,4
13,14,28079060,07,2
13,14,28079004,08,27
13,14,28079008,08,35
13,14,28079011,08,35
13,14,28079016,08,20
13,14,28079017,08,16
13,14,28079018,08,13
13,14,28079024,08,2
13,14,28079027,08,8
13,14,28079035,08,22
13,14,28079036,08,14
13,14,28079038,08,22
13,14,28079039,08,29
13,14,28079040,08,17
13,14,28079047,08,12
13,14,28079048,08,23
13,14,28079049,08,12
13,14,28079050,08,35
13,14,28079054,08,5
13,14,28079055,08,10
13,14,28079056,08,24
13,14,28079057,08,19
13,14,28079058,08,6
13,14,28079059,08,6
13,14,28079060,08,15
13,14,28079008,09,4
13,14,28079024,09,2
13,14,28079038,09,2
13,14,28079047,09,1
13,14,28079048,09,4
13,14,28079050,09,3
13,14,28079008,10,5
13,14,28079018,10,4
13,14,28079024,10,3
13,14,28079036,10,4
13,14,28079038,10,5
13,14,28079040,10,4
13,14,28079047,10,4
13,14,28079048,10,6
13,14,28079050,10,8
13,14,28079055,10,3
13,14,28079057,10,4
13,14,28079060,10,4
13,14,28079008,14,41
13,14,28079016,14,56
13,14,28079017,14,60
13,14,28079018,14,57
13,14,28079024,14,71
13,14,28079027,14,70
13,14,28079035,14,54
13,14,28079039,14,52
13,14,28079049,14,61
13,14,28079054,14,63
13,14,28079056,14,55
13,14,28079058,14,67
13,14,28079059,14,50
13,14,28079060,14,62
13,14,28079008,20,2.2
13,14,28079011,20,3.1
13,14,28079018,20,0.4
13,14,28079024,20,0.3
13,14,28079038,20,1
13,14,28079055,20,0.6
13,14,28079008,30,0.7
13,14,28079011,30,1.9
13,14,28079018,30,0.2
13,14,28079024,30,0.4
13,14,28079038,30,0.4
13,14,28079055,30,0.2
13,14,28079008,35,0.8
13,14,28079011,35,0.8
13,14,28079018,35,1
13,14,28079024,35,0.3
13,14,28079038,35,0.5
13,14,28079055,35,1
13,14,28079024,42,1.33
13,14,28079027,42,1.2
13,14,28079055,42,1.41
13,14,28079024,44,0.25
13,14,28079027,44,0.13
13,14,28079055,44,0.12
13,15,28079004,01,3
13,15,28079008,01,3
13,15,28079017,01,3
13,15,28079018,01,2
13,15,28079024,01,1
13,15,28079035,01,4
13,15,28079036,01,2
13,15,28079038,01,6
13,15,28079040,01,5
13,15,28079057,01,5
13,15,28079004,06,0.3
13,15,28079008,06,0.4
13,15,28079016,06,0.3
13,15,28079018,06,0.3
13,15,28079024,06,0.2
13,15,28079035,06,0.3
13,15,28079036,06,0.3
13,15,28079039,06,0.2
13,15,28079056,06,0.2
13,15,28079057,06,0.3
13,15,28079004,07,6
13,15,28079008,07,26
13,15,28079011,07,11
13,15,28079016,07,5
13,15,28079017,07,6
13,15,28079018,07,2
13,15,28079024,07,1
13,15,28079027,07,3
13,15,28079035,07,7
13,15,28079036,07,6
13,15,28079038,07,14
13,15,28079039,07,10
13,15,28079040,07,4
13,15,28079047,07,3
13,15,28079048,07,12
13,15,28079049,07,2
13,15,28079050,07,27
13,15,28079054,07,4
13,15,28079055,07,4
13,15,28079056,07,9
13,15,28079057,07,6
13,15,28079058,07,4
13,15,28079059,07,4
13,15,28079060,07,2
13,15,28079004,08,25
13,15,28079008,08,40
13,15,28079011,08,35
13,15,28079016,08,23
13,15,28079017,08,21
13,15,28079018,08,18
13,15,28079024,08,2
13,15,28079027,08,13
13,15,28079035,08,18
13,15,28079036,08,17
13,15,28079038,08,28
13,15,28079039,08,32
13,15,28079040,08,17
13,15,28079047,08,16
13,15,28079048,08,32
13,15,28079049,08,13
13,15,28079050,08,41
13,15,28079054,08,8
13,15,28079055,08,16
13,15,28079056,08,28
13,15,28079057,08,17
13,15,28079058,08,8
13,15,28079059,08,11
13,15,28079060,08,17
13,15,28079008,09,8
13,15,28079024,09,3
13,15,28079038,09,4
13,15,28079047,09,3
13,15,28079048,09,9
13,15,28079050,09,7
13,15,28079008,10,8
13,15,28079018,10,4
13,15,28079024,10,3
13,15,28079036,10,9
13,15,28079038,10,8
13,15,28079040,10,6
13,15,28079047,10,5
13,15,28079048,10,24
13,15,28079050,10,16
13,15,28079055,10,5
13,15,28079057,10,6
13,15,28079060,10,15
13,15,28079008,14,36
13,15,28079016,14,51
13,15,28079017,14,53
13,15,28079018,14,52
13,15,28079024,14,68
13,15,28079027,14,66
13,15,28079035,14,56
13,15,28079039,14,41
13,15,28079049,14,59
13,15,28079054,14,61
13,15,28079056,14,51
13,15,28079058,14,64
13,15,28079059,14,46
13,15,28079060,14,59
13,15,28079008,20,3.4
13,15,28079011,20,2.9
13,15,28079018,20,0.4
13,15,28079024,20,0.3
13,15,28079038,20,1.7
13,15,28079055,20,0.7
13,15,28079008,30,1.1
13,15,28079011,30,1.6
13,15,28079018,30,0.1
13,15,28079024,30,0.4
13,15,28079038,30,0.7
13,15,28079055,30,0.3
13,15,28079008,35,0.9
13,15,28079011,35,1
13,15,28079018,35,1
13,15,28079024,35,0.3
13,15,28079038,35,0.3
13,15,28079055,35,1
13,15,28079024,42,1.33
13,15,28079027,42,1.21
13,15,28079055,42,1.43
13,15,28079024,44,0.25
13,15,28079027,44,0.13
13,15,28079055,44,0.14
13,16,28079004,01,3
13,16,28079008,01,3
13,16,28079017,01,3
13,16,28079018,01,2
13,16,28079024,01,1
13,16,28079035,01,4
13,16,28079036,01,2
13,16,28079038,01,4
13,16,28079040,01,5
13,16,28079057,01,5
13,16,28079004,06,0.2
13,16,28079008,06,0.3
13,16,28079016,06,0.3
13,16,28079018,06,0.3
13,16,28079024,06,0.2
13,16,28079035,06,0.3
13,16,28079036,06,0.2
13,16,28079039,06,0.2
13,16,28079056,06,0.2
13,16,28079057,06,0.3
13,16,28079004,07,5
13,16,28079008,07,13
13,16,28079011,07,9
13,16,28079016,07,4
13,16,28079017,07,5
13,16,28079018,07,2
13,16,28079024,07,1
13,16,28079027,07,3
13,16,28079035,07,6
13,16,28079036,07,5
13,16,28079038,07,7
13,16,28079039,07,6
13,16,28079040,07,4
13,16,28079047,07,2
13,16,28079048,07,7
13,16,28079049,07,1
13,16,28079050,07,22
13,16,28079054,07,4
13,16,28079055,07,3
13,16,28079056,07,7
13,16,28079057,07,4
13,16,28079058,07,4
13,16,28079059,07,3
13,16,28079060,07,1
13,16,28079004,08,19
13,16,28079008,08,28
13,16,28079011,08,31
13,16,28079016,08,20
13,16,28079017,08,18
13,16,28079018,08,14
13,16,28079024,08,2
13,16,28079027,08,12
13,16,28079035,08,17
13,16,28079036,08,12
13,16,28079038,08,19
13,16,28079039,08,29
13,16,28079040,08,16
13,16,28079047,08,12
13,16,28079048,08,23
13,16,28079049,08,10
13,16,28079050,08,36
13,16,28079054,08,9
13,16,28079055,08,13
13,16,28079056,08,21
13,16,28079057,08,15
13,16,28079058,08,7
13,16,28079059,08,9
13,16,28079060,08,16
13,16,28079008,09,9
13,16,28079024,09,4
13,16,28079038,09,6
13,16,28079047,09,5
13,16,28079048,09,10
13,16,28079050,09,8
13,16,28079008,10,9
13,16,28079018,10,5
13,16,28079024,10,4
13,16,28079036,10,11
13,16,28079038,10,5
13,16,28079040,10,7
13,16,28079047,10,6
13,16,28079048,10,20
13,16,28079050,10,17
13,16,28079055,10,9
13,16,28079057,10,8
13,16,28079060,10,13
13,16,28079008,14,44
13,16,28079016,14,53
13,16,28079017,14,53
13,16,28079018,14,54
13,16,28079024,14,69
13,16,28079027,14,64
13,16,28079035,14,56
13,16,28079039,14,50
13,16,28079049,14,61
13,16,28079054,14,58
13,16,28079056,14,55
13,16,28079058,14,63
13,16,28079059,14,49
13,16,28079060,14,58
13,16,28079008,20,3.1
13,16,28079011,20,4.3
13,16,28079018,20,0.3
13,16,28079024,20,0.2
13,16,28079038,20,1.1
13,16,28079055,20,0.7
13,16,28079008,30,1.1
13,16,28079011,30,2.2
13,16,28079018,30,0.1
13,16,28079024,30,0.4
13,16,28079038,30,0.5
13,16,28079055,30,0.2
13,16,28079008,35,0.8
13,16,28079011,35,0.9
13,16,28079018,35,1
13,16,28079024,35,0.3
13,16,28079038,35,0.3
13,16,28079055,35,1
13,16,28079024,42,1.33
13,16,28079027,42,1.21
13,16,28079055,42,1.42
13,16,28079024,44,0.25
13,16,28079027,44,0.13
13,16,28079055,44,0.13
13,17,28079004,01,4
13,17,28079008,01,3
13,17,28079017,01,3
13,17,28079018,01,2
13,17,28079024,01,1
13,17,28079035,01,4
13,17,28079036,01,2
13,17,28079038,01,4
13,17,28079040,01,5
13,17,28079057,01,5
13,17,28079004,06,0.3
13,17,28079008,06,0.3
13,17,28079016,06,0.3
13,17,28079018,06,0.3
13,17,28079024,06,0.2
13,17,28079035,06,0.3
13,17,28079036,06,0.2
13,17,28079039,06,0.2
13,17,28079056,06,0.2
13,17,28079057,06,0.3
13,17,28079004,07,5
13,17,28079008,07,16
13,17,28079011,07,8
13,17,28079016,07,4
13,17,28079017,07,6
13,17,28079018,07,2
13,17,28079024,07,1
13,17,28079027,07,3
13,17,28079035,07,9
13,17,28079036,07,4
13,17,28079038,07,8
13,17,28079039,07,6
13,17,28079040,07,4
13,17,28079047,07,2
13,17,28079048,07,7
13,17,28079049,07,1
13,17,28079050,07,23
13,17,28079054,07,4
13,17,28079055,07,2
13,17,28079056,07,5
13,17,28079057,07,4
13,17,28079058,07,3
13,17,28079059,07,3
13,17,28079060,07,2
13,17,28079004,08,20
13,17,28079008,08,32
13,17,28079011,08,28
13,17,28079016,08,24
13,17,28079017,08,19
13,17,28079018,08,15
13,17,28079024,08,2
13,17,28079027,08,13
13,17,28079035,08,23
13,17,28079036,08,15
13,17,28079038,08,20
13,17,28079039,08,27
13,17,28079040,08,17
13,17,28079047,08,15
13,17,28079048,08,23
13,17,28079049,08,10
13,17,28079050,08,38
13,17,28079054,08,7
13,17,28079055,08,13
13,17,28079056,08,21
13,17,28079057,08,19
13,17,28079058,08,6
13,17,28079059,08,9
13,17,28079060,08,15
13,17,28079008,09,7
13,17,28079024,09,3
13,17,28079038,09,6
13,17,28079047,09,3
13,17,28079048,09,9
13,17,28079050,09,7
13,17,28079008,10,7
13,17,28079018,10,4
13,17,28079024,10,3
13,17,28079036,10,8
13,17,28079038,10,5
13,17,28079040,10,5
13,17,28079047,10,4
13,17,28079048,10,17
13,17,28079050,10,14
13,17,28079055,10,6
13,17,28079057,10,7
13,17,28079060,10,9
13,17,28079008,14,40
13,17,28079016,14,48
13,17,28079017,14,52
13,17,28079018,14,52
13,17,28079024,14,67
13,17,28079027,14,63
13,17,28079035,14,49
13,17,28079039,14,50
13,17,28079049,14,60
13,17,28079054,14,59
13,17,28079056,14,53
13,17,28079058,14,64
13,17,28079059,14,48
13,17,28079060,14,39
13,17,28079008,20,2
13,17,28079011,20,2.2
13,17,28079018,20,0.4
13,17,28079024,20,0.3
13,17,28079038,20,0.7
13,17,28079055,20,0.5
13,17,28079008,30,0.8
13,17,28079011,30,1.3
13,17,28079018,30,0.1
13,17,28079024,30,0.4
13,17,28079038,30,0.3
13,17,28079055,30,0.2
13,17,28079008,35,0.5
13,17,28079011,35,0.7
13,17,28079018,35,1
13,17,28079024,35,0.3
13,17,28079038,35,0.3
13,17,28079055,35,1
13,17,28079024,42,1.33
13,17,28079027,42,1.22
13,17,28079055,42,1.43
13,17,28079024,44,0.25
13,17,28079027,44,0.14
13,17,28079055,44,0.13
13,18,28079004,01,4
13,18,28079008,01,4
13,18,28079017,01,3
13,18,28079018,01,2
13,18,28079024,01,1
13,18,28079035,01,4
13,18,28079036,01,2
13,18,28079038,01,4
13,18,28079040,01,5
13,18,28079057,01,5
13,18,28079004,06,0.3
13,18,28079008,06,0.3
13,18,28079016,06,0.3
13,18,28079018,06,0.3
13,18,28079024,06,0.2
13,18,28079035,06,0.3
13,18,28079036,06,0.3
13,18,28079039,06,0.2
13,18,28079056,06,0.2
13,18,28079057,06,0.3
13,18,28079004,07,7
13,18,28079008,07,19
13,18,28079011,07,8
13,18,28079016,07,4
13,18,28079017,07,6
13,18,28079018,07,2
13,18,28079024,07,1
13,18,28079027,07,2
13,18,28079035,07,5
13,18,28079036,07,6
13,18,28079038,07,9
13,18,28079039,07,6
13,18,28079040,07,5
13,18,28079047,07,2
13,18,28079048,07,8
13,18,28079049,07,1
13,18,28079050,07,30
13,18,28079054,07,4
13,18,28079055,07,2
13,18,28079056,07,10
13,18,28079057,07,6
13,18,28079058,07,5
13,18,28079059,07,2
13,18,28079060,07,2
13,18,28079004,08,30
13,18,28079008,08,42
13,18,28079011,08,36
13,18,28079016,08,31
13,18,28079017,08,27
13,18,28079018,08,24
13,18,28079024,08,4
13,18,28079027,08,15
13,18,28079035,08,25
13,18,28079036,08,21
13,18,28079038,08,27
13,18,28079039,08,31
13,18,28079040,08,27
13,18,28079047,08,20
13,18,28079048,08,31
13,18,28079049,08,14
13,18,28079050,08,46
13,18,28079054,08,18
13,18,28079055,08,18
13,18,28079056,08,35
13,18,28079057,08,27
13,18,28079058,08,8
13,18,28079059,08,13
13,18,28079060,08,22
13,18,28079008,09,6
13,18,28079024,09,3
13,18,28079038,09,4
13,18,28079047,09,4
13,18,28079048,09,4
13,18,28079050,09,8
13,18,28079008,10,6
13,18,28079018,10,5
13,18,28079024,10,3
13,18,28079036,10,3
13,18,28079038,10,4
13,18,28079040,10,5
13,18,28079047,10,4
13,18,28079048,10,9
13,18,28079050,10,16
13,18,28079055,10,6
13,18,28079057,10,7
13,18,28079060,10,5
13,18,28079008,14,31
13,18,28079016,14,42
13,18,28079017,14,44
13,18,28079018,14,44
13,18,28079024,14,65
13,18,28079027,14,60
13,18,28079035,14,46
13,18,28079039,14,46
13,18,28079049,14,54
13,18,28079054,14,47
13,18,28079056,14,42
13,18,28079058,14,61
13,18,28079059,14,44
13,18,28079060,14,49
13,18,28079008,20,2.7
13,18,28079011,20,1.9
13,18,28079018,20,0.3
13,18,28079024,20,0.3
13,18,28079038,20,0.9
13,18,28079055,20,0.5
13,18,28079008,30,0.9
13,18,28079011,30,1.3
13,18,28079018,30,0.1
13,18,28079024,30,0.5
13,18,28079038,30,0.5
13,18,28079055,30,0.2
13,18,28079008,35,0.9
13,18,28079011,35,1
13,18,28079018,35,1
13,18,28079024,35,0.3
13,18,28079038,35,0.2
13,18,28079055,35,1
13,18,28079024,42,1.33
13,18,28079027,42,1.21
13,18,28079055,42,1.42
13,18,28079024,44,0.25
13,18,28079027,44,0.13
13,18,28079055,44,0.12
13,19,28079004,01,5
13,19,28079008,01,4
13,19,28079017,01,3
13,19,28079018,01,2
13,19,28079024,01,1
13,19,28079035,01,5
13,19,28079036,01,2
13,19,28079038,01,4
13,19,28079040,01,5
13,19,28079057,01,5
13,19,28079004,06,0.3
13,19,28079008,06,0.4
13,19,28079016,06,0.3
13,19,28079018,06,0.3
13,19,28079024,06,0.2
13,19,28079035,06,0.4
13,19,28079036,06,0.4
13,19,28079039,06,0.3
13,19,28079056,06,0.3
13,19,28079057,06,0.3
13,19,28079004,07,9
13,19,28079008,07,17
13,19,28079011,07,21
13,19,28079016,07,5
13,19,28079017,07,7
13,19,28079018,07,3
13,19,28079024,07,1
13,19,28079027,07,6
13,19,28079035,07,10
13,19,28079036,07,7
13,19,28079038,07,22
13,19,28079039,07,12
13,19,28079040,07,5
13,19,28079047,07,2
13,19,28079048,07,8
13,19,28079049,07,1
13,19,28079050,07,40
13,19,28079054,07,3
13,19,28079055,07,2
13,19,28079056,07,10
13,19,28079057,07,10
13,19,28079058,07,6
13,19,28079059,07,3
13,19,28079060,07,2
13,19,28079004,08,43
13,19,28079008,08,47
13,19,28079011,08,48
13,19,28079016,08,36
13,19,28079017,08,28
13,19,28079018,08,24
13,19,28079024,08,6
13,19,28079027,08,27
13,19,28079035,08,43
13,19,28079036,08,27
13,19,28079038,08,41
13,19,28079039,08,43
13,19,28079040,08,29
13,19,28079047,08,26
13,19,28079048,08,37
13,19,28079049,08,27
13,19,28079050,08,61
13,19,28079054,08,17
13,19,28079055,08,26
13,19,28079056,08,41
13,19,28079057,08,39
13,19,28079058,08,20
13,19,28079059,08,20
13,19,28079060,08,29
13,19,28079008,09,5
13,19,28079024,09,3
13,19,28079038,09,5
13,19,28079047,09,4
13,19,28079048,09,3
13,19,28079050,09,8
13,19,28079008,10,4
13,19,28079018,10,5
13,19,28079024,10,3
13,19,28079036,10,3
13,19,28079038,10,15
13,19,28079040,10,5
13,19,28079047,10,4
13,19,28079048,10,6
13,19,28079050,10,16
13,19,28079055,10,7
13,19,28079057,10,8
13,19,28079060,10,8
13,19,28079008,14,25
13,19,28079016,14,37
13,19,28079017,14,45
13,19,28079018,14,44
13,19,28079024,14,62
13,19,28079027,14,49
13,19,28079035,14,29
13,19,28079039,14,37
13,19,28079049,14,38
13,19,28079054,14,50
13,19,28079056,14,37
13,19,28079058,14,47
13,19,28079059,14,38
13,19,28079060,14,41
13,19,28079008,20,2.3
13,19,28079011,20,3.4
13,19,28079018,20,0.3
13,19,28079024,20,0.3
13,19,28079038,20,1
13,19,28079055,20,0.5
13,19,28079008,30,0.8
13,19,28079011,30,2.1
13,19,28079018,30,0.1
13,19,28079024,30,0.5
13,19,28079038,30,0.4
13,19,28079055,30,0.2
13,19,28079008,35,0.6
13,19,28079011,35,0.8
13,19,28079018,35,1
13,19,28079024,35,0.3
13,19,28079038,35,0.2
13,19,28079055,35,1
13,19,28079024,42,1.34
13,19,28079027,42,1.22
13,19,28079055,42,1.43
13,19,28079024,44,0.25
13,19,28079027,44,0.13
13,19,28079055,44,0.13
13,2,28079004,01,3
13,2,28079008,01,3
13,2,28079017,01,3
13,2,28079018,01,2
13,2,28079024,01,1
13,2,28079035,01,3
13,2,28079036,01,1
13,2,28079038,01,3
13,2,28079040,01,3
13,2,28079057,01,4
13,2,28079004,06,0.4
13,2,28079008,06,0.4
13,2,28079016,06,0.3
13,2,28079018,06,0.3
13,2,28079024,06,0.2
13,2,28079035,06,0.4
13,2,28079036,06,0.2
13,2,28079039,06,0.2
13,2,28079056,06,0.2
13,2,28079057,06,0.3
13,2,28079004,07,11
13,2,28079008,07,20
13,2,28079011,07,5
13,2,28079016,07,2
13,2,28079017,07,2
13,2,28079018,07,1
13,2,28079024,07,1
13,2,28079027,07,1
13,2,28079035,07,8
13,2,28079036,07,2
13,2,28079038,07,9
13,2,28079039,07,1
13,2,28079040,07,1
13,2,28079047,07,1
13,2,28079048,07,7
13,2,28079049,07,1
13,2,28079050,07,13
13,2,28079054,07,3
13,2,28079055,07,1
13,2,28079056,07,3
13,2,28079057,07,1
13,2,28079058,07,2
13,2,28079059,07,2
13,2,28079060,07,1
13,2,28079004,08,41
13,2,28079008,08,50
13,2,28079011,08,29
13,2,28079016,08,24
13,2,28079017,08,13
13,2,28079018,08,12
13,2,28079024,08,3
13,2,28079027,08,10
13,2,28079035,08,36
13,2,28079036,08,17
13,2,28079038,08,29
13,2,28079039,08,19
13,2,28079040,08,23
13,2,28079047,08,19
13,2,28079048,08,34
13,2,28079049,08,22
13,2,28079050,08,25
13,2,28079054,08,12
13,2,28079055,08,15
13,2,28079056,08,21
13,2,28079057,08,12
13,2,28079058,08,5
13,2,28079059,08,8
13,2,28079060,08,13
13,2,28079008,09,6
13,2,28079024,09,2
13,2,28079038,09,2
13,2,28079047,09,2
13,2,28079048,09,1
13,2,28079050,09,3
13,2,28079008,10,4
13,2,28079018,10,2
13,2,28079024,10,2
13,2,28079036,10,4
13,2,28079038,10,3
13,2,28079040,10,2
13,2,28079047,10,3
13,2,28079048,10,4
13,2,28079050,10,5
13,2,28079055,10,3
13,2,28079057,10,3
13,2,28079060,10,4
13,2,28079008,14,19
13,2,28079016,14,45
13,2,28079017,14,51
13,2,28079018,14,46
13,2,28079024,14,59
13,2,28079027,14,61
13,2,28079035,14,31
13,2,28079039,14,51
13,2,28079049,14,41
13,2,28079054,14,50
13,2,28079056,14,46
13,2,28079058,14,62
13,2,28079059,14,49
13,2,28079060,14,55
13,2,28079008,20,2.9
13,2,28079011,20,2.7
13,2,28079018,20,0.3
13,2,28079024,20,0.3
13,2,28079038,20,0.9
13,2,28079055,20,0.5
13,2,28079008,30,1
13,2,28079011,30,1.5
13,2,28079018,30,0.1
13,2,28079024,30,0.5
13,2,28079038,30,0.4
13,2,28079055,30,0.1
13,2,28079008,35,0.7
13,2,28079011,35,1
13,2,28079018,35,1
13,2,28079024,35,0.3
13,2,28079038,35,0.2
13,2,28079055,35,1
13,2,28079024,42,1.33
13,2,28079027,42,1.21
13,2,28079055,42,1.42
13,2,28079024,44,0.24
13,2,28079027,44,0.13
13,2,28079055,44,0.13
13,20,28079004,01,5
13,20,28079008,01,7
13,20,28079017,01,3
13,20,28079018,01,2
13,20,28079024,01,1
13,20,28079035,01,5
13,20,28079036,01,4
13,20,28079038,01,4
13,20,28079040,01,6
13,20,28079057,01,5
13,20,28079004,06,0.4
13,20,28079008,06,0.4
13,20,28079016,06,0.4
13,20,28079018,06,0.3
13,20,28079024,06,0.2
13,20,28079035,06,0.4
13,20,28079036,06,0.5
13,20,28079039,06,0.3
13,20,28079056,06,0.2
13,20,28079057,06,0.4
13,20,28079004,07,14
13,20,28079008,07,19
13,20,28079011,07,33
13,20,28079016,07,10
13,20,28079017,07,5
13,20,28079018,07,3
13,20,28079024,07,1
13,20,28079027,07,4
13,20,28079035,07,14
13,20,28079036,07,17
13,20,28079038,07,22
13,20,28079039,07,13
13,20,28079040,07,8
13,20,28079047,07,4
13,20,28079048,07,10
13,20,28079049,07,2
13,20,28079050,07,45
13,20,28079054,07,5
13,20,28079055,07,3
13,20,28079056,07,9
13,20,28079057,07,17
13,20,28079058,07,4
13,20,28079059,07,6
13,20,28079060,07,3
13,20,28079004,08,60
13,20,28079008,08,57
13,20,28079011,08,66
13,20,28079016,08,57
13,20,28079017,08,25
13,20,28079018,08,25
13,20,28079024,08,8
13,20,28079027,08,34
13,20,28079035,08,52
13,20,28079036,08,46
13,20,28079038,08,56
13,20,28079039,08,52
13,20,28079040,08,49
13,20,28079047,08,35
13,20,28079048,08,47
13,20,28079049,08,39
13,20,28079050,08,69
13,20,28079054,08,36
13,20,28079055,08,32
13,20,28079056,08,39
13,20,28079057,08,54
13,20,28079058,08,13
13,20,28079059,08,26
13,20,28079060,08,40
13,20,28079008,09,7
13,20,28079024,09,5
13,20,28079038,09,10
13,20,28079047,09,5
13,20,28079048,09,8
13,20,28079050,09,12
13,20,28079008,10,6
13,20,28079018,10,7
13,20,28079024,10,5
13,20,28079036,10,12
13,20,28079038,10,9
13,20,28079040,10,10
13,20,28079047,10,7
13,20,28079048,10,13
13,20,28079050,10,17
13,20,28079055,10,9
13,20,28079057,10,12
13,20,28079060,10,3
13,20,28079008,14,17
13,20,28079016,14,24
13,20,28079017,14,47
13,20,28079018,14,35
13,20,28079024,14,60
13,20,28079027,14,44
13,20,28079035,14,20
13,20,28079039,14,30
13,20,28079049,14,27
13,20,28079054,14,33
13,20,28079056,14,38
13,20,28079058,14,55
13,20,28079059,14,35
13,20,28079060,14,33
13,20,28079008,20,3.3
13,20,28079011,20,3.9
13,20,28079018,20,0.3
13,20,28079024,20,0.4
13,20,28079038,20,2.1
13,20,28079055,20,0.7
13,20,28079008,30,1
13,20,28079011,30,2.3
13,20,28079018,30,0.2
13,20,28079024,30,0.5
13,20,28079038,30,0.8
13,20,28079055,30,0.3
13,20,28079008,35,0.8
13,20,28079011,35,0.2
13,20,28079018,35,1
13,20,28079024,35,0.3
13,20,28079038,35,0.4
13,20,28079055,35,1
13,20,28079024,42,1.34
13,20,28079027,42,1.24
13,20,28079055,42,1.44
13,20,28079024,44,0.25
13,20,28079027,44,0.14
13,20,28079055,44,0.13
13,21,28079004,01,5
13,21,28079008,01,8
13,21,28079017,01,3
13,21,28079018,01,2
13,21,28079024,01,1
13,21,28079035,01,4
13,21,28079036,01,4
13,21,28079038,01,4
13,21,28079040,01,4
13,21,28079057,01,4
13,21,28079004,06,0.3
13,21,28079008,06,0.4
13,21,28079016,06,0.3
13,21,28079018,06,0.3
13,21,28079024,06,0.2
13,21,28079035,06,0.3
13,21,28079036,06,0.3
13,21,28079039,06,0.2
13,21,28079056,06,0.3
13,21,28079057,06,0.3
13,21,28079004,07,16
13,21,28079008,07,10
13,21,28079011,07,19
13,21,28079016,07,3
13,21,28079017,07,5
13,21,28079018,07,1
13,21,28079024,07,1
13,21,28079027,07,8
13,21,28079035,07,12
13,21,28079036,07,8
13,21,28079038,07,17
13,21,28079039,07,1
13,21,28079040,07,3
13,21,28079047,07,4
13,21,28079048,07,4
13,21,28079049,07,1
13,21,28079050,07,16
13,21,28079054,07,6
13,21,28079055,07,3
13,21,28079056,07,14
13,21,28079057,07,6
13,21,28079058,07,2
13,21,28079059,07,1
13,21,28079060,07,1
13,21,28079004,08,49
13,21,28079008,08,39
13,21,28079011,08,50
13,21,28079016,08,30
13,21,28079017,08,32
13,21,28079018,08,30
13,21,28079024,08,5
13,21,28079027,08,46
13,21,28079035,08,42
13,21,28079036,08,25
13,21,28079038,08,39
13,21,28079039,08,23
13,21,28079040,08,34
13,21,28079047,08,33
13,21,28079048,08,29
13,21,28079049,08,25
13,21,28079050,08,34
13,21,28079054,08,21
13,21,28079055,08,33
13,21,28079056,08,44
13,21,28079057,08,21
13,21,28079058,08,5
13,21,28079059,08,3
13,21,28079060,08,16
13,21,28079008,09,5
13,21,28079024,09,3
13,21,28079038,09,5
13,21,28079047,09,4
13,21,28079048,09,7
13,21,28079050,09,5
13,21,28079008,10,5
13,21,28079018,10,6
13,21,28079024,10,3
13,21,28079036,10,12
13,21,28079038,10,4
13,21,28079040,10,4
13,21,28079047,10,8
13,21,28079048,10,12
13,21,28079050,10,6
13,21,28079055,10,4
13,21,28079057,10,6
13,21,28079060,10,4
13,21,28079008,14,32
13,21,28079016,14,42
13,21,28079017,14,40
13,21,28079018,14,31
13,21,28079024,14,61
13,21,28079027,14,37
13,21,28079035,14,32
13,21,28079039,14,51
13,21,28079049,14,46
13,21,28079054,14,48
13,21,28079056,14,35
13,21,28079058,14,62
13,21,28079059,14,49
13,21,28079060,14,58
13,21,28079008,20,3
13,21,28079011,20,4
13,21,28079018,20,0.3
13,21,28079024,20,0.3
13,21,28079038,20,1.8
13,21,28079055,20,0.4
13,21,28079008,30,1
13,21,28079011,30,2.2
13,21,28079018,30,0.1
13,21,28079024,30,0.5
13,21,28079038,30,0.8
13,21,28079055,30,0.2
13,21,28079008,35,0.7
13,21,28079011,35,0.3
13,21,28079018,35,1
13,21,28079024,35,0.3
13,21,28079038,35,0.3
13,21,28079055,35,1
13,21,28079024,42,1.33
13,21,28079027,42,1.29
13,21,28079055,42,1.45
13,21,28079024,44,0.25
13,21,28079027,44,0.15
13,21,28079055,44,0.13
13,22,28079004,01,5
13,22,28079008,01,10
13,22,28079017,01,3
13,22,28079018,01,3
13,22,28079024,01,1
13,22,28079035,01,4
13,22,28079036,01,2
13,22,28079038,01,5
13,22,28079040,01,4
13,22,28079057,01,4
13,22,28079004,06,0.3
13,22,28079008,06,0.4
13,22,28079016,06,0.3
13,22,28079018,06,0.3
13,22,28079024,06,0.2
13,22,28079035,06,0.4
13,22,28079036,06,0.2
13,22,28079039,06,0.2
13,22,28079056,06,0.3
13,22,28079057,06,0.3
13,22,28079004,07,10
13,22,28079008,07,9
13,22,28079011,07,20
13,22,28079016,07,2
13,22,28079017,07,3
13,22,28079018,07,3
13,22,28079024,07,1
13,22,28079027,07,6
13,22,28079035,07,14
13,22,28079036,07,2
13,22,28079038,07,13
13,22,28079039,07,1
13,22,28079040,07,2
13,22,28079047,07,5
13,22,28079048,07,2
13,22,28079049,07,1
13,22,28079050,07,13
13,22,28079054,07,7
13,22,28079055,07,4
13,22,28079056,07,28
13,22,28079057,07,3
13,22,28079058,07,4
13,22,28079059,07,1
13,22,28079060,07,1
13,22,28079004,08,39
13,22,28079008,08,34
13,22,28079011,08,45
13,22,28079016,08,19
13,22,28079017,08,26
13,22,28079018,08,26
13,22,28079024,08,6
13,22,28079027,08,32
13,22,28079035,08,41
13,22,28079036,08,9
13,22,28079038,08,40
13,22,28079039,08,22
13,22,28079040,08,21
13,22,28079047,08,30
13,22,28079048,08,22
13,22,28079049,08,22
13,22,28079050,08,37
13,22,28079054,08,16
13,22,28079055,08,33
13,22,28079056,08,62
13,22,28079057,08,18
13,22,28079058,08,13
13,22,28079059,08,3
13,22,28079060,08,13
13,22,28079008,09,4
13,22,28079024,09,1
13,22,28079038,09,5
13,22,28079047,09,3
13,22,28079048,09,1
13,22,28079050,09,5
13,22,28079008,10,2
13,22,28079018,10,5
13,22,28079024,10,3
13,22,28079036,10,3
13,22,28079038,10,5
13,22,28079040,10,4
13,22,28079047,10,5
13,22,28079048,10,4
13,22,28079050,10,8
13,22,28079055,10,4
13,22,28079057,10,5
13,22,28079060,10,4
13,22,28079008,14,34
13,22,28079016,14,47
13,22,28079017,14,46
13,22,28079018,14,45
13,22,28079024,14,63
13,22,28079027,14,42
13,22,28079035,14,31
13,22,28079039,14,49
13,22,28079049,14,48
13,22,28079054,14,48
13,22,28079056,14,26
13,22,28079058,14,53
13,22,28079059,14,45
13,22,28079060,14,56
13,22,28079008,20,2.6
13,22,28079011,20,4.2
13,22,28079018,20,0.3
13,22,28079024,20,0.3
13,22,28079038,20,1.7
13,22,28079055,20,0.4
13,22,28079008,30,0.8
13,22,28079011,30,2.1
13,22,28079018,30,0.1
13,22,28079024,30,0.5
13,22,28079038,30,0.5
13,22,28079055,30,0.2
13,22,28079008,35,0.8
13,22,28079011,35,0.4
13,22,28079018,35,1
13,22,28079024,35,0.3
13,22,28079038,35,0.3
13,22,28079055,35,1
13,22,28079024,42,1.35
13,22,28079027,42,1.25
13,22,28079055,42,1.46
13,22,28079024,44,0.25
13,22,28079027,44,0.14
13,22,28079055,44,0.13
13,23,28079004,01,5
13,23,28079008,01,8
13,23,28079017,01,3
13,23,28079018,01,2
13,23,28079024,01,1
13,23,28079035,01,4
13,23,28079036,01,6
13,23,28079038,01,5
13,23,28079040,01,4
13,23,28079057,01,3
13,23,28079004,06,0.3
13,23,28079008,06,0.3
13,23,28079016,06,0.2
13,23,28079018,06,0.3
13,23,28079024,06,0.2
13,23,28079035,06,0.4
13,23,28079036,06,0.2
13,23,28079039,06,0.2
13,23,28079056,06,0.3
13,23,28079057,06,0.3
13,23,28079004,07,8
13,23,28079008,07,6
13,23,28079011,07,8
13,23,28079016,07,2
13,23,28079017,07,1
13,23,28079018,07,1
13,23,28079024,07,1
13,23,28079027,07,8
13,23,28079035,07,12
13,23,28079036,07,2
13,23,28079038,07,9
13,23,28079039,07,1
13,23,28079040,07,1
13,23,28079047,07,3
13,23,28079048,07,1
13,23,28079049,07,1
13,23,28079050,07,8
13,23,28079054,07,5
13,23,28079055,07,3
13,23,28079056,07,14
13,23,28079057,07,1
13,23,28079058,07,4
13,23,28079059,07,1
13,23,28079060,07,1
13,23,28079004,08,39
13,23,28079008,08,28
13,23,28079011,08,32
13,23,28079016,08,17
13,23,28079017,08,26
13,23,28079018,08,26
13,23,28079024,08,8
13,23,28079027,08,40
13,23,28079035,08,36
13,23,28079036,08,9
13,23,28079038,08,31
13,23,28079039,08,17
13,23,28079040,08,19
13,23,28079047,08,24
13,23,28079048,08,16
13,23,28079049,08,19
13,23,28079050,08,30
13,23,28079054,08,15
13,23,28079055,08,27
13,23,28079056,08,46
13,23,28079057,08,14
13,23,28079058,08,6
13,23,28079059,08,3
13,23,28079060,08,11
13,23,28079008,09,4
13,23,28079024,09,2
13,23,28079038,09,5
13,23,28079047,09,3
13,23,28079048,09,1
13,23,28079050,09,5
13,23,28079008,10,3
13,23,28079018,10,7
13,23,28079024,10,3
13,23,28079036,10,3
13,23,28079038,10,4
13,23,28079040,10,5
13,23,28079047,10,4
13,23,28079048,10,4
13,23,28079050,10,8
13,23,28079055,10,5
13,23,28079057,10,6
13,23,28079060,10,5
13,23,28079008,14,42
13,23,28079016,14,50
13,23,28079017,14,48
13,23,28079018,14,44
13,23,28079024,14,59
13,23,28079027,14,39
13,23,28079035,14,37
13,23,28079039,14,55
13,23,28079049,14,54
13,23,28079054,14,50
13,23,28079056,14,34
13,23,28079058,14,62
13,23,28079059,14,51
13,23,28079060,14,60
13,23,28079008,20,2.5
13,23,28079011,20,3
13,23,28079018,20,0.3
13,23,28079024,20,0.2
13,23,28079038,20,1.9
13,23,28079055,20,0.2
13,23,28079008,30,0.7
13,23,28079011,30,1.5
13,23,28079018,30,0.1
13,23,28079024,30,0.4
13,23,28079038,30,0.6
13,23,28079055,30,0.2
13,23,28079008,35,0.7
13,23,28079011,35,0.9
13,23,28079018,35,1
13,23,28079024,35,0.3
13,23,28079038,35,0.3
13,23,28079055,35,1
13,23,28079024,42,1.35
13,23,28079027,42,1.29
13,23,28079055,42,1.46
13,23,28079024,44,0.25
13,23,28079027,44,0.15
13,23,28079055,44,0.14
13,24,28079004,01,5
13,24,28079008,01,8
13,24,28079017,01,3
13,24,28079018,01,2
13,24,28079024,01,1
13,24,28079035,01,4
13,24,28079036,01,2
13,24,28079038,01,5
13,24,28079040,01,3
13,24,28079057,01,3
13,24,28079004,06,0.3
13,24,28079008,06,0.3
13,24,28079016,06,0.2
13,24,28079018,06,0.3
13,24,28079024,06,0.2
13,24,28079035,06,0.4
13,24,28079036,06,0.2
13,24,28079039,06,0.2
13,24,28079056,06,0.3
13,24,28079057,06,0.2
13,24,28079004,07,7
13,24,28079008,07,5
13,24,28079011,07,8
13,24,28079016,07,1
13,24,28079017,07,1
13,24,28079018,07,2
13,24,28079024,07,1
13,24,28079027,07,4
13,24,28079035,07,9
13,24,28079036,07,1
13,24,28079038,07,10
13,24,28079039,07,1
13,24,28079040,07,1
13,24,28079047,07,2
13,24,28079048,07,1
13,24,28079049,07,1
13,24,28079050,07,8
13,24,28079054,07,4
13,24,28079055,07,1
13,24,28079056,07,15
13,24,28079057,07,1
13,24,28079058,07,2
13,24,28079059,07,1
13,24,28079060,07,1
13,24,28079004,08,38
13,24,28079008,08,27
13,24,28079011,08,34
13,24,28079016,08,13
13,24,28079017,08,23
13,24,28079018,08,26
13,24,28079024,08,7
13,24,28079027,08,26
13,24,28079035,08,41
13,24,28079036,08,4
13,24,28079038,08,42
13,24,28079039,08,24
13,24,28079040,08,15
13,24,28079047,08,23
13,24,28079048,08,15
13,24,28079049,08,17
13,24,28079050,08,36
13,24,28079054,08,10
13,24,28079055,08,18
13,24,28079056,08,56
13,24,28079057,08,10
13,24,28079058,08,1
13,24,28079059,08,2
13,24,28079060,08,16
13,24,28079008,09,4
13,24,28079024,09,2
13,24,28079038,09,6
13,24,28079047,09,4
13,24,28079048,09,6
13,24,28079050,09,5
13,24,28079008,10,4
13,24,28079018,10,7
13,24,28079024,10,3
13,24,28079036,10,6
13,24,28079038,10,6
13,24,28079040,10,4
13,24,28079047,10,5
13,24,28079048,10,7
13,24,28079050,10,11
13,24,28079055,10,6
13,24,28079057,10,6
13,24,28079060,10,3
13,24,28079008,14,43
13,24,28079016,14,55
13,24,28079017,14,49
13,24,28079018,14,46
13,24,28079024,14,64
13,24,28079027,14,51
13,24,28079035,14,32
13,24,28079039,14,49
13,24,28079049,14,56
13,24,28079054,14,57
13,24,28079056,14,27
13,24,28079058,14,70
13,24,28079059,14,55
13,24,28079060,14,56
13,24,28079008,20,2.3
13,24,28079011,20,3.6
13,24,28079018,20,0.4
13,24,28079024,20,0.3
13,24,28079038,20,2.7
13,24,28079055,20,0.5
13,24,28079008,30,0.6
13,24,28079011,30,2.5
13,24,28079018,30,0.1
13,24,28079024,30,0.4
13,24,28079038,30,0.7
13,24,28079055,30,0.3
13,24,28079008,35,0.5
13,24,28079011,35,0.6
13,24,28079018,35,1
13,24,28079024,35,0.3
13,24,28079038,35,0.5
13,24,28079055,35,1
13,24,28079024,42,1.36
13,24,28079027,42,1.26
13,24,28079055,42,1.44
13,24,28079024,44,0.26
13,24,28079027,44,0.14
13,24,28079055,44,0.13
13,3,28079004,01,3
13,3,28079008,01,3
13,3,28079017,01,3
13,3,28079018,01,2
13,3,28079024,01,1
13,3,28079035,01,3
13,3,28079036,01,1
13,3,28079038,01,3
13,3,28079040,01,3
13,3,28079057,01,4
13,3,28079004,06,0.3
13,3,28079008,06,0.4
13,3,28079016,06,0.3
13,3,28079018,06,0.2
13,3,28079024,06,0.2
13,3,28079035,06,0.3
13,3,28079036,06,0.3
13,3,28079039,06,0.2
13,3,28079056,06,0.2
13,3,28079057,06,0.3
13,3,28079004,07,9
13,3,28079008,07,31
13,3,28079011,07,8
13,3,28079016,07,1
13,3,28079017,07,1
13,3,28079018,07,1
13,3,28079024,07,1
13,3,28079027,07,1
13,3,28079035,07,5
13,3,28079036,07,2
13,3,28079038,07,9
13,3,28079039,07,1
13,3,28079040,07,2
13,3,28079047,07,1
13,3,28079048,07,4
13,3,28079049,07,1
13,3,28079050,07,16
13,3,28079054,07,3
13,3,28079055,07,1
13,3,28079056,07,3
13,3,28079057,07,1
13,3,28079058,07,2
13,3,28079059,07,2
13,3,28079060,07,1
13,3,28079004,08,45
13,3,28079008,08,58
13,3,28079011,08,28
13,3,28079016,08,16
13,3,28079017,08,12
13,3,28079018,08,13
13,3,28079024,08,4
13,3,28079027,08,6
13,3,28079035,08,27
13,3,28079036,08,20
13,3,28079038,08,26
13,3,28079039,08,17
13,3,28079040,08,22
13,3,28079047,08,17
13,3,28079048,08,25
13,3,28079049,08,20
13,3,28079050,08,26
13,3,28079054,08,13
13,3,28079055,08,7
13,3,28079056,08,23
13,3,28079057,08,8
13,3,28079058,08,4
13,3,28079059,08,4
13,3,28079060,08,8
13,3,28079008,09,5
13,3,28079024,09,2
13,3,28079038,09,1
13,3,28079047,09,1
13,3,28079048,09,1
13,3,28079050,09,3
13,3,28079008,10,3
13,3,28079018,10,2
13,3,28079024,10,2
13,3,28079036,10,3
13,3,28079038,10,2
13,3,28079040,10,2
13,3,28079047,10,2
13,3,28079048,10,4
13,3,28079050,10,2
13,3,28079055,10,4
13,3,28079057,10,3
13,3,28079060,10,4
13,3,28079008,14,14
13,3,28079016,14,52
13,3,28079017,14,55
13,3,28079018,14,47
13,3,28079024,14,59
13,3,28079027,14,67
13,3,28079035,14,37
13,3,28079039,14,54
13,3,28079049,14,38
13,3,28079054,14,49
13,3,28079056,14,47
13,3,28079058,14,63
13,3,28079059,14,54
13,3,28079060,14,61
13,3,28079008,20,3
13,3,28079011,20,3
13,3,28079018,20,0.3
13,3,28079024,20,0.3
13,3,28079038,20,1.4
13,3,28079055,20,0.4
13,3,28079008,30,1
13,3,28079011,30,1.7
13,3,28079018,30,0.1
13,3,28079024,30,0.4
13,3,28079038,30,0.5
13,3,28079055,30,0.1
13,3,28079008,35,0.8
13,3,28079011,35,0.7
13,3,28079018,35,1
13,3,28079024,35,0.3
13,3,28079038,35,0.2
13,3,28079055,35,1
13,3,28079024,42,1.33
13,3,28079027,42,1.2
13,3,28079055,42,1.41
13,3,28079024,44,0.24
13,3,28079027,44,0.12
13,3,28079055,44,0.12
13,4,28079004,01,3
13,4,28079008,01,3
13,4,28079017,01,3
13,4,28079018,01,2
13,4,28079024,01,1
13,4,28079035,01,3
13,4,28079036,01,1
13,4,28079038,01,3
13,4,28079040,01,3
13,4,28079057,01,4
13,4,28079004,06,0.3
13,4,28079008,06,0.3
13,4,28079016,06,0.2
13,4,28079018,06,0.2
13,4,28079024,06,0.2
13,4,28079035,06,0.3
13,4,28079036,06,0.2
13,4,28079039,06,0.2
13,4,28079056,06,0.2
13,4,28079057,06,0.2
13,4,28079004,07,7
13,4,28079008,07,19
13,4,28079011,07,5
13,4,28079016,07,1
13,4,28079017,07,1
13,4,28079018,07,1
13,4,28079024,07,1
13,4,28079027,07,1
13,4,28079035,07,7
13,4,28079036,07,2
13,4,28079038,07,9
13,4,28079039,07,1
13,4,28079040,07,1
13,4,28079047,07,1
13,4,28079048,07,5
13,4,28079049,07,1
13,4,28079050,07,8
13,4,28079054,07,3
13,4,28079055,07,1
13,4,28079056,07,2
13,4,28079057,07,1
13,4,28079058,07,2
13,4,28079059,07,1
13,4,28079060,07,1
13,4,28079004,08,37
13,4,28079008,08,46
13,4,28079011,08,22
13,4,28079016,08,14
13,4,28079017,08,8
13,4,28079018,08,9
13,4,28079024,08,4
13,4,28079027,08,4
13,4,28079035,08,37
13,4,28079036,08,12
13,4,28079038,08,28
13,4,28079039,08,12
13,4,28079040,08,19
13,4,28079047,08,17
13,4,28079048,08,27
13,4,28079049,08,22
13,4,28079050,08,16
13,4,28079054,08,13
13,4,28079055,08,6
13,4,28079056,08,17
13,4,28079057,08,5
13,4,28079058,08,3
13,4,28079059,08,2
13,4,28079060,08,7
13,4,28079008,09,3
13,4,28079024,09,1
13,4,28079038,09,3
13,4,28079047,09,2
13,4,28079048,09,2
13,4,28079050,09,2
13,4,28079008,10,3
13,4,28079018,10,2
13,4,28079024,10,1
13,4,28079036,10,4
13,4,28079038,10,4
13,4,28079040,10,2
13,4,28079047,10,2
13,4,28079048,10,5
13,4,28079050,10,4
13,4,28079055,10,4
13,4,28079057,10,4
13,4,28079060,10,4
13,4,28079008,14,24
13,4,28079016,14,56
13,4,28079017,14,58
13,4,28079018,14,51
13,4,28079024,14,59
13,4,28079027,14,69
13,4,28079035,14,29
13,4,28079039,14,58
13,4,28079049,14,42
13,4,28079054,14,49
13,4,28079056,14,51
13,4,28079058,14,63
13,4,28079059,14,56
13,4,28079060,14,62
13,4,28079008,20,2.3
13,4,28079011,20,2.4
13,4,28079018,20,0.2
13,4,28079024,20,0.3
13,4,28079038,20,1.2
13,4,28079055,20,0.3
13,4,28079008,30,0.8
13,4,28079011,30,1.4
13,4,28079018,30,0.2
13,4,28079024,30,0.4
13,4,28079038,30,0.4
13,4,28079055,30,0.1
13,4,28079008,35,0.8
13,4,28079011,35,0.8
13,4,28079018,35,1
13,4,28079024,35,0.3
13,4,28079038,35,0.2
13,4,28079055,35,1
13,4,28079024,42,1.33
13,4,28079027,42,1.2
13,4,28079055,42,1.41
13,4,28079024,44,0.25
13,4,28079027,44,0.12
13,4,28079055,44,0.12
13,5,28079004,01,2
13,5,28079008,01,3
13,5,28079017,01,3
13,5,28079018,01,2
13,5,28079024,01,1
13,5,28079035,01,2
13,5,28079036,01,1
13,5,28079038,01,2
13,5,28079040,01,3
13,5,28079057,01,3
13,5,28079004,06,0.3
13,5,28079008,06,0.3
13,5,28079016,06,0.2
13,5,28079018,06,0.2
13,5,28079024,06,0.2
13,5,28079035,06,0.3
13,5,28079036,06,0.2
13,5,28079039,06,0.2
13,5,28079056,06,0.2
13,5,28079057,06,0.2
13,5,28079004,07,5
13,5,28079008,07,13
13,5,28079011,07,4
13,5,28079016,07,1
13,5,28079017,07,1
13,5,28079018,07,1
13,5,28079024,07,1
13,5,28079027,07,1
13,5,28079035,07,8
13,5,28079036,07,1
13,5,28079038,07,4
13,5,28079039,07,1
13,5,28079040,07,1
13,5,28079047,07,1
13,5,28079048,07,2
13,5,28079049,07,1
13,5,28079050,07,9
13,5,28079054,07,3
13,5,28079055,07,1
13,5,28079056,07,2
13,5,28079057,07,1
13,5,28079058,07,2
13,5,28079059,07,1
13,5,28079060,07,1
13,5,28079004,08,31
13,5,28079008,08,40
13,5,28079011,08,19
13,5,28079016,08,9
13,5,28079017,08,8
13,5,28079018,08,8
13,5,28079024,08,3
13,5,28079027,08,3
13,5,28079035,08,30
13,5,28079036,08,12
13,5,28079038,08,21
13,5,28079039,08,12
13,5,28079040,08,16
13,5,28079047,08,14
13,5,28079048,08,23
13,5,28079049,08,21
13,5,28079050,08,19
13,5,28079054,08,8
13,5,28079055,08,5
13,5,28079056,08,18
13,5,28079057,08,5
13,5,28079058,08,2
13,5,28079059,08,2
13,5,28079060,08,6
13,5,28079008,09,1
13,5,28079024,09,1
13,5,28079038,09,1
13,5,28079047,09,1
13,5,28079048,09,1
13,5,28079050,09,2
13,5,28079008,10,4
13,5,28079018,10,1
13,5,28079024,10,2
13,5,28079036,10,4
13,5,28079038,10,3
13,5,28079040,10,4
13,5,28079047,10,3
13,5,28079048,10,4
13,5,28079050,10,2
13,5,28079055,10,4
13,5,28079057,10,2
13,5,28079060,10,4
13,5,28079008,14,28
13,5,28079016,14,62
13,5,28079017,14,57
13,5,28079018,14,53
13,5,28079024,14,61
13,5,28079027,14,69
13,5,28079035,14,35
13,5,28079039,14,59
13,5,28079049,14,44
13,5,28079054,14,55
13,5,28079056,14,52
13,5,28079058,14,67
13,5,28079059,14,57
13,5,28079060,14,63
13,5,28079008,20,1.8
13,5,28079011,20,1.3
13,5,28079018,20,0.2
13,5,28079024,20,0.3
13,5,28079038,20,0.7
13,5,28079055,20,0.7
13,5,28079008,30,0.6
13,5,28079011,30,1
13,5,28079018,30,0.1
13,5,28079024,30,0.4
13,5,28079038,30,0.3
13,5,28079055,30,0.2
13,5,28079008,35,0.4
13,5,28079011,35,0.9
13,5,28079018,35,1
13,5,28079024,35,0.4
13,5,28079038,35,0.6
13,5,28079055,35,1
13,5,28079024,42,1.33
13,5,28079027,42,1.2
13,5,28079055,42,1.41
13,5,28079024,44,0.25
13,5,28079027,44,0.12
13,5,28079055,44,0.12
13,6,28079004,01,2
13,6,28079008,01,3
13,6,28079017,01,3
13,6,28079018,01,2
13,6,28079024,01,1
13,6,28079035,01,2
13,6,28079036,01,1
13,6,28079038,01,3
13,6,28079040,01,3
13,6,28079057,01,3
13,6,28079004,06,0.2
13,6,28079008,06,0.3
13,6,28079016,06,0.2
13,6,28079018,06,0.2
13,6,28079024,06,0.2
13,6,28079035,06,0.3
13,6,28079036,06,0.2
13,6,28079039,06,0.1
13,6,28079056,06,0.2
13,6,28079057,06,0.2
13,6,28079004,07,4
13,6,28079008,07,14
13,6,28079011,07,4
13,6,28079016,07,1
13,6,28079017,07,1
13,6,28079018,07,1
13,6,28079024,07,1
13,6,28079027,07,1
13,6,28079035,07,9
13,6,28079036,07,1
13,6,28079038,07,7
13,6,28079039,07,1
13,6,28079040,07,1
13,6,28079047,07,1
13,6,28079048,07,2
13,6,28079049,07,1
13,6,28079050,07,10
13,6,28079054,07,3
13,6,28079055,07,1
13,6,28079056,07,1
13,6,28079057,07,1
13,6,28079058,07,3
13,6,28079059,07,1
13,6,28079060,07,1
13,6,28079004,08,24
13,6,28079008,08,40
13,6,28079011,08,20
13,6,28079016,08,11
13,6,28079017,08,9
13,6,28079018,08,9
13,6,28079024,08,2
13,6,28079027,08,5
13,6,28079035,08,30
13,6,28079036,08,8
13,6,28079038,08,25
13,6,28079039,08,12
13,6,28079040,08,17
13,6,28079047,08,16
13,6,28079048,08,19
13,6,28079049,08,18
13,6,28079050,08,19
13,6,28079054,08,12
13,6,28079055,08,6
13,6,28079056,08,14
13,6,28079057,08,6
13,6,28079058,08,1
13,6,28079059,08,3
13,6,28079060,08,6
13,6,28079008,09,2
13,6,28079024,09,1
13,6,28079038,09,1
13,6,28079047,09,2
13,6,28079048,09,1
13,6,28079050,09,3
13,6,28079008,10,2
13,6,28079018,10,2
13,6,28079024,10,1
13,6,28079036,10,4
13,6,28079038,10,3
13,6,28079040,10,3
13,6,28079047,10,3
13,6,28079048,10,4
13,6,28079050,10,3
13,6,28079055,10,4
13,6,28079057,10,3
13,6,28079060,10,4
13,6,28079008,14,28
13,6,28079016,14,59
13,6,28079017,14,55
13,6,28079018,14,53
13,6,28079024,14,62
13,6,28079027,14,68
13,6,28079035,14,39
13,6,28079039,14,59
13,6,28079049,14,48
13,6,28079054,14,42
13,6,28079056,14,32
13,6,28079058,14,68
13,6,28079059,14,56
13,6,28079060,14,63
13,6,28079008,20,1.4
13,6,28079011,20,1.9
13,6,28079018,20,0.2
13,6,28079024,20,0.3
13,6,28079038,20,0.7
13,6,28079055,20,1
13,6,28079008,30,0.5
13,6,28079011,30,1.3
13,6,28079018,30,0.2
13,6,28079024,30,0.4
13,6,28079038,30,0.4
13,6,28079055,30,0.2
13,6,28079008,35,0.5
13,6,28079011,35,0.7
13,6,28079018,35,1
13,6,28079024,35,0.3
13,6,28079038,35,0.4
13,6,28079055,35,1
13,6,28079024,42,1.33
13,6,28079027,42,1.2
13,6,28079055,42,1.42
13,6,28079024,44,0.25
13,6,28079027,44,0.12
13,6,28079055,44,0.13
13,7,28079004,01,2
13,7,28079008,01,2
13,7,28079017,01,3
13,7,28079018,01,2
13,7,28079024,01,1
13,7,28079035,01,2
13,7,28079036,01,1
13,7,28079038,01,3
13,7,28079040,01,3
13,7,28079057,01,3
13,7,28079004,06,0.3
13,7,28079008,06,0.3
13,7,28079016,06,0.3
13,7,28079018,06,0.2
13,7,28079024,06,0.2
13,7,28079035,06,0.3
13,7,28079036,06,0.3
13,7,28079039,06,0.2
13,7,28079056,06,0.2
13,7,28079057,06,0.2
13,7,28079004,07,5
13,7,28079008,07,10
13,7,28079011,07,1
13,7,28079016,07,2
13,7,28079017,07,1
13,7,28079018,07,1
13,7,28079024,07,1
13,7,28079027,07,1
13,7,28079035,07,3
13,7,28079036,07,3
13,7,28079038,07,5
13,7,28079039,07,4
13,7,28079040,07,1
13,7,28079047,07,1
13,7,28079048,07,4
13,7,28079049,07,1
13,7,28079050,07,12
13,7,28079054,07,3
13,7,28079055,07,1
13,7,28079056,07,3
13,7,28079057,07,1
13,7,28079058,07,3
13,7,28079059,07,1
13,7,28079060,07,1
13,7,28079004,08,30
13,7,28079008,08,34
13,7,28079011,08,21
13,7,28079016,08,22
13,7,28079017,08,10
13,7,28079018,08,14
13,7,28079024,08,2
13,7,28079027,08,9
13,7,28079035,08,21
13,7,28079036,08,15
13,7,28079038,08,23
13,7,28079039,08,16
13,7,28079040,08,21
13,7,28079047,08,17
13,7,28079048,08,27
13,7,28079049,08,17
13,7,28079050,08,22
13,7,28079054,08,13
13,7,28079055,08,11
13,7,28079056,08,19
13,7,28079057,08,6
13,7,28079058,08,2
13,7,28079059,08,6
13,7,28079060,08,7
13,7,28079008,09,3
13,7,28079024,09,1
13,7,28079038,09,2
13,7,28079047,09,2
13,7,28079048,09,2
13,7,28079050,09,3
13,7,28079008,10,3
13,7,28079018,10,2
13,7,28079024,10,2
13,7,28079036,10,3
13,7,28079038,10,3
13,7,28079040,10,3
13,7,28079047,10,2
13,7,28079048,10,7
13,7,28079050,10,5
13,7,28079055,10,3
13,7,28079057,10,4
13,7,28079060,10,4
13,7,28079008,14,31
13,7,28079016,14,48
13,7,28079017,14,56
13,7,28079018,14,51
13,7,28079024,14,59
13,7,28079027,14,65
13,7,28079035,14,44
13,7,28079039,14,57
13,7,28079049,14,46
13,7,28079054,14,49
13,7,28079056,14,48
13,7,28079058,14,67
13,7,28079059,14,52
13,7,28079060,14,64
13,7,28079008,20,1.2
13,7,28079011,20,1.2
13,7,28079018,20,0.3
13,7,28079024,20,0.3
13,7,28079038,20,0.7
13,7,28079055,20,0.9
13,7,28079008,30,0.5
13,7,28079011,30,1
13,7,28079018,30,0.2
13,7,28079024,30,0.4
13,7,28079038,30,0.3
13,7,28079055,30,0.2
13,7,28079008,35,0.4
13,7,28079011,35,0.9
13,7,28079018,35,1
13,7,28079024,35,0.3
13,7,28079038,35,0.6
13,7,28079055,35,1
13,7,28079024,42,1.33
13,7,28079027,42,1.21
13,7,28079055,42,1.42
13,7,28079024,44,0.26
13,7,28079027,44,0.13
13,7,28079055,44,0.13
13,8,28079004,01,2
13,8,28079008,01,2
13,8,28079017,01,3
13,8,28079018,01,2
13,8,28079024,01,1
13,8,28079035,01,3
13,8,28079036,01,1
13,8,28079038,01,2
13,8,28079040,01,3
13,8,28079057,01,3
13,8,28079004,06,0.3
13,8,28079008,06,0.3
13,8,28079016,06,0.2
13,8,28079018,06,0.2
13,8,28079024,06,0.2
13,8,28079035,06,0.3
13,8,28079036,06,0.2
13,8,28079039,06,0.2
13,8,28079056,06,0.2
13,8,28079057,06,0.2
13,8,28079004,07,3
13,8,28079008,07,11
13,8,28079011,07,2
13,8,28079016,07,1
13,8,28079017,07,1
13,8,28079018,07,1
13,8,28079024,07,1
13,8,28079027,07,1
13,8,28079035,07,6
13,8,28079036,07,3
13,8,28079038,07,3
13,8,28079039,07,1
13,8,28079040,07,1
13,8,28079047,07,1
13,8,28079048,07,2
13,8,28079049,07,1
13,8,28079050,07,8
13,8,28079054,07,3
13,8,28079055,07,1
13,8,28079056,07,2
13,8,28079057,07,1
13,8,28079058,07,3
13,8,28079059,07,1
13,8,28079060,07,1
13,8,28079004,08,25
13,8,28079008,08,35
13,8,28079011,08,15
13,8,28079016,08,10
13,8,28079017,08,11
13,8,28079018,08,12
13,8,28079024,08,3
13,8,28079027,08,8
13,8,28079035,08,27
13,8,28079036,08,11
13,8,28079038,08,15
13,8,28079039,08,10
13,8,28079040,08,20
13,8,28079047,08,15
13,8,28079048,08,15
13,8,28079049,08,14
13,8,28079050,08,17
13,8,28079054,08,9
13,8,28079055,08,8
13,8,28079056,08,24
13,8,28079057,08,6
13,8,28079058,08,3
13,8,28079059,08,4
13,8,28079060,08,7
13,8,28079008,09,4
13,8,28079024,09,2
13,8,28079038,09,4
13,8,28079047,09,3
13,8,28079048,09,2
13,8,28079050,09,5
13,8,28079008,10,3
13,8,28079018,10,4
13,8,28079024,10,2
13,8,28079036,10,4
13,8,28079038,10,4
13,8,28079040,10,2
13,8,28079047,10,3
13,8,28079048,10,4
13,8,28079050,10,8
13,8,28079055,10,2
13,8,28079057,10,4
13,8,28079060,10,4
13,8,28079008,14,32
13,8,28079016,14,63
13,8,28079017,14,55
13,8,28079018,14,49
13,8,28079024,14,63
13,8,28079027,14,67
13,8,28079035,14,42
13,8,28079039,14,64
13,8,28079049,14,51
13,8,28079054,14,55
13,8,28079056,14,46
13,8,28079058,14,69
13,8,28079059,14,56
13,8,28079060,14,66
13,8,28079008,20,1.5
13,8,28079011,20,1.6
13,8,28079018,20,0.2
13,8,28079024,20,0.3
13,8,28079038,20,0.6
13,8,28079055,20,0.6
13,8,28079008,30,0.6
13,8,28079011,30,1.1
13,8,28079018,30,0.2
13,8,28079024,30,0.4
13,8,28079038,30,0.3
13,8,28079055,30,0.2
13,8,28079008,35,0.5
13,8,28079011,35,0.9
13,8,28079018,35,1
13,8,28079024,35,0.3
13,8,28079038,35,0.9
13,8,28079055,35,1
13,8,28079024,42,1.33
13,8,28079027,42,1.2
13,8,28079055,42,1.41
13,8,28079024,44,0.25
13,8,28079027,44,0.13
13,8,28079055,44,0.12
13,9,28079004,01,2
13,9,28079008,01,3
13,9,28079017,01,2
13,9,28079018,01,2
13,9,28079024,01,1
13,9,28079035,01,3
13,9,28079036,01,1
13,9,28079038,01,3
13,9,28079040,01,3
13,9,28079057,01,3
13,9,28079004,06,0.3
13,9,28079008,06,0.3
13,9,28079016,06,0.3
13,9,28079018,06,0.3
13,9,28079024,06,0.2
13,9,28079035,06,0.3
13,9,28079036,06,0.2
13,9,28079039,06,0.2
13,9,28079056,06,0.2
13,9,28079057,06,0.3
13,9,28079004,07,3
13,9,28079008,07,10
13,9,28079011,07,5
13,9,28079016,07,3
13,9,28079017,07,3
13,9,28079018,07,2
13,9,28079024,07,1
13,9,28079027,07,1
13,9,28079035,07,11
13,9,28079036,07,2
13,9,28079038,07,4
13,9,28079039,07,1
13,9,28079040,07,1
13,9,28079047,07,1
13,9,28079048,07,2
13,9,28079049,07,1
13,9,28079050,07,13
13,9,28079054,07,3
13,9,28079055,07,1
13,9,28079056,07,2
13,9,28079057,07,2
13,9,28079058,07,3
13,9,28079059,07,2
13,9,28079060,07,2
13,9,28079004,08,28
13,9,28079008,08,32
13,9,28079011,08,19
13,9,28079016,08,17
13,9,28079017,08,17
13,9,28079018,08,23
13,9,28079024,08,4
13,9,28079027,08,8
13,9,28079035,08,27
13,9,28079036,08,12
13,9,28079038,08,20
13,9,28079039,08,18
13,9,28079040,08,28
13,9,28079047,08,13
13,9,28079048,08,16
13,9,28079049,08,14
13,9,28079050,08,28
13,9,28079054,08,9
13,9,28079055,08,11
13,9,28079056,08,28
13,9,28079057,08,9
13,9,28079058,08,5
13,9,28079059,08,6
13,9,28079060,08,13
13,9,28079008,09,4
13,9,28079024,09,2
13,9,28079038,09,2
13,9,28079047,09,2
13,9,28079048,09,2
13,9,28079050,09,4
13,9,28079008,10,3
13,9,28079018,10,4
13,9,28079024,10,2
13,9,28079036,10,3
13,9,28079038,10,3
13,9,28079040,10,4
13,9,28079047,10,3
13,9,28079048,10,5
13,9,28079050,10,7
13,9,28079055,10,4
13,9,28079057,10,6
13,9,28079060,10,3
13,9,28079008,14,37
13,9,28079016,14,56
13,9,28079017,14,52
13,9,28079018,14,44
13,9,28079024,14,57
13,9,28079027,14,67
13,9,28079035,14,28
13,9,28079039,14,56
13,9,28079049,14,54
13,9,28079054,14,56
13,9,28079056,14,43
13,9,28079058,14,65
13,9,28079059,14,54
13,9,28079060,14,60
13,9,28079008,20,1.3
13,9,28079011,20,1.7
13,9,28079018,20,0.3
13,9,28079024,20,0.3
13,9,28079038,20,0.5
13,9,28079055,20,1
13,9,28079008,30,0.5
13,9,28079011,30,1.2
13,9,28079018,30,0.1
13,9,28079024,30,0.4
13,9,28079038,30,0.2
13,9,28079055,30,0.2
13,9,28079008,35,0.6
13,9,28079011,35,0.6
13,9,28079018,35,1
13,9,28079024,35,0.3
13,9,28079038,35,1
13,9,28079055,35,1
13,9,28079024,42,1.34
13,9,28079027,42,1.2
13,9,28079055,42,1.42
13,9,28079024,44,0.26
13,9,28079027,44,0.12
13,9,28079055,44,0.13
14,1,28079004,01,4
14,1,28079008,01,7
14,1,28079017,01,3
14,1,28079018,01,2
14,1,28079024,01,1
14,1,28079035,01,4
14,1,28079036,01,10
14,1,28079038,01,3
14,1,28079040,01,3
14,1,28079057,01,3
14,1,28079004,06,0.3
14,1,28079008,06,0.3
14,1,28079016,06,0.2
14,1,28079018,06,0.3
14,1,28079024,06,0.2
14,1,28079035,06,0.4
14,1,28079036,06,0.2
14,1,28079039,06,0.2
14,1,28079056,06,0.3
14,1,28079057,06,0.3
14,1,28079004,07,3
14,1,28079008,07,4
14,1,28079011,07,1
14,1,28079016,07,1
14,1,28079017,07,1
14,1,28079018,07,1
14,1,28079024,07,1
14,1,28079027,07,3
14,1,28079035,07,10
14,1,28079036,07,1
14,1,28079038,07,3
14,1,28079039,07,1
14,1,28079040,07,1
14,1,28079047,07,2
14,1,28079048,07,1
14,1,28079049,07,1
14,1,28079050,07,1
14,1,28079054,07,4
14,1,28079055,07,1
14,1,28079056,07,14
14,1,28079057,07,1
14,1,28079058,07,3
14,1,28079059,07,1
14,1,28079060,07,1
14,1,28079004,08,25
14,1,28079008,08,23
14,1,28079011,08,18
14,1,28079016,08,11
14,1,28079017,08,22
14,1,28079018,08,18
14,1,28079024,08,9
14,1,28079027,08,18
14,1,28079035,08,37
14,1,28079036,08,4
14,1,28079038,08,26
14,1,28079039,08,25
14,1,28079040,08,10
14,1,28079047,08,20
14,1,28079048,08,12
14,1,28079049,08,15
14,1,28079050,08,18
14,1,28079054,08,11
14,1,28079055,08,15
14,1,28079056,08,49
14,1,28079057,08,13
14,1,28079058,08,2
14,1,28079059,08,6
14,1,28079060,08,17
14,1,28079008,09,4
14,1,28079024,09,3
14,1,28079038,09,4
14,1,28079047,09,4
14,1,28079048,09,6
14,1,28079050,09,4
14,1,28079008,10,4
14,1,28079018,10,4
14,1,28079024,10,3
14,1,28079036,10,8
14,1,28079038,10,4
14,1,28079040,10,4
14,1,28079047,10,5
14,1,28079048,10,14
14,1,28079050,10,6
14,1,28079055,10,7
14,1,28079057,10,5
14,1,28079060,10,7
14,1,28079008,14,47
14,1,28079016,14,55
14,1,28079017,14,51
14,1,28079018,14,53
14,1,28079024,14,63
14,1,28079027,14,56
14,1,28079035,14,38
14,1,28079039,14,49
14,1,28079049,14,58
14,1,28079054,14,57
14,1,28079056,14,34
14,1,28079058,14,68
14,1,28079059,14,53
14,1,28079060,14,54
14,1,28079008,20,2.8
14,1,28079011,20,1.6
14,1,28079018,20,0.2
14,1,28079024,20,0.3
14,1,28079038,20,1.7
14,1,28079055,20,0.9
14,1,28079008,30,0.6
14,1,28079011,30,1
14,1,28079018,30,0.1
14,1,28079024,30,0.4
14,1,28079038,30,0.4
14,1,28079055,30,0.2
14,1,28079008,35,0.7
14,1,28079011,35,1
14,1,28079018,35,1
14,1,28079024,35,0.3
14,1,28079038,35,0.3
14,1,28079055,35,1
14,1,28079024,42,1.36
14,1,28079027,42,1.23
14,1,28079055,42,1.43
14,1,28079024,44,0.26
14,1,28079027,44,0.13
14,1,28079055,44,0.12
14,10,28079004,01,5
14,10,28079008,01,11
14,10,28079017,01,4
14,10,28079018,01,3
14,10,28079024,01,1
14,10,28079035,01,7
14,10,28079036,01,5
14,10,28079038,01,10
14,10,28079040,01,8
14,10,28079057,01,8
14,10,28079004,06,0.6
14,10,28079008,06,0.8
14,10,28079016,06,0.9
14,10,28079018,06,0.4
14,10,28079024,06,0.3
14,10,28079035,06,0.5
14,10,28079036,06,0.8
14,10,28079039,06,0.7
14,10,28079056,06,0.3
14,10,28079057,06,0.7
14,10,28079004,07,52
14,10,28079008,07,130
14,10,28079011,07,124
14,10,28079016,07,113
14,10,28079017,07,63
14,10,28079018,07,25
14,10,28079024,07,3
14,10,28079027,07,240
14,10,28079035,07,64
14,10,28079036,07,131
14,10,28079038,07,121
14,10,28079039,07,113
14,10,28079040,07,65
14,10,28079047,07,26
14,10,28079048,07,80
14,10,28079049,07,31
14,10,28079054,07,134
14,10,28079055,07,378
14,10,28079056,07,28
14,10,28079057,07,115
14,10,28079058,07,53
14,10,28079059,07,207
14,10,28079060,07,104
14,10,28079004,08,85
14,10,28079008,08,91
14,10,28079011,08,113
14,10,28079016,08,100
14,10,28079017,08,73
14,10,28079018,08,57
14,10,28079024,08,28
14,10,28079027,08,123
14,10,28079035,08,74
14,10,28079036,08,89
14,10,28079038,08,100
14,10,28079039,08,99
14,10,28079040,08,83
14,10,28079047,08,60
14,10,28079048,08,80
14,10,28079049,08,68
14,10,28079054,08,77
14,10,28079055,08,153
14,10,28079056,08,60
14,10,28079057,08,102
14,10,28079058,08,43
14,10,28079059,08,50
14,10,28079060,08,94
14,10,28079008,09,18
14,10,28079024,09,7
14,10,28079038,09,22
14,10,28079047,09,9
14,10,28079048,09,12
14,10,28079008,10,16
14,10,28079018,10,16
14,10,28079024,10,8
14,10,28079036,10,27
14,10,28079038,10,22
14,10,28079040,10,20
14,10,28079047,10,13
14,10,28079048,10,23
14,10,28079055,10,49
14,10,28079057,10,30
14,10,28079060,10,22
14,10,28079008,14,6
14,10,28079016,14,5
14,10,28079017,14,12
14,10,28079018,14,17
14,10,28079024,14,39
14,10,28079027,14,9
14,10,28079035,14,6
14,10,28079039,14,7
14,10,28079049,14,7
14,10,28079054,14,8
14,10,28079056,14,21
14,10,28079058,14,8
14,10,28079059,14,6
14,10,28079060,14,7
14,10,28079008,20,11.2
14,10,28079011,20,7.4
14,10,28079018,20,1.5
14,10,28079024,20,0.5
14,10,28079038,20,11.1
14,10,28079055,20,7.3
14,10,28079008,30,3.9
14,10,28079011,30,4
14,10,28079018,30,0.4
14,10,28079024,30,0.5
14,10,28079038,30,3.1
14,10,28079055,30,2.5
14,10,28079008,35,3.5
14,10,28079011,35,1.3
14,10,28079018,35,0.5
14,10,28079024,35,0.3
14,10,28079038,35,2.2
14,10,28079055,35,1.2
14,10,28079024,42,1.37
14,10,28079027,42,2.19
14,10,28079055,42,2.8
14,10,28079024,44,0.27
14,10,28079027,44,0.51
14,10,28079055,44,0.54
14,11,28079004,01,5
14,11,28079008,01,9
14,11,28079017,01,3
14,11,28079018,01,2
14,11,28079024,01,1
14,11,28079035,01,6
14,11,28079036,01,4
14,11,28079038,01,7
14,11,28079040,01,6
14,11,28079057,01,5
14,11,28079004,06,0.4
14,11,28079008,06,0.6
14,11,28079016,06,0.6
14,11,28079018,06,0.4
14,11,28079024,06,0.2
14,11,28079035,06,0.4
14,11,28079036,06,0.5
14,11,28079039,06,0.4
14,11,28079056,06,0.2
14,11,28079057,06,0.4
14,11,28079004,07,39
14,11,28079008,07,86
14,11,28079011,07,75
14,11,28079016,07,65
14,11,28079017,07,32
14,11,28079018,07,11
14,11,28079024,07,3
14,11,28079027,07,274
14,11,28079035,07,43
14,11,28079036,07,53
14,11,28079038,07,58
14,11,28079039,07,54
14,11,28079040,07,27
14,11,28079047,07,19
14,11,28079048,07,54
14,11,28079049,07,16
14,11,28079050,07,107
14,11,28079054,07,32
14,11,28079055,07,262
14,11,28079056,07,21
14,11,28079057,07,33
14,11,28079058,07,67
14,11,28079059,07,88
14,11,28079060,07,27
14,11,28079004,08,65
14,11,28079008,08,69
14,11,28079011,08,83
14,11,28079016,08,78
14,11,28079017,08,49
14,11,28079018,08,32
14,11,28079024,08,12
14,11,28079027,08,131
14,11,28079035,08,60
14,11,28079036,08,61
14,11,28079038,08,68
14,11,28079039,08,68
14,11,28079040,08,54
14,11,28079047,08,41
14,11,28079048,08,64
14,11,28079049,08,41
14,11,28079050,08,86
14,11,28079054,08,46
14,11,28079055,08,124
14,11,28079056,08,43
14,11,28079057,08,57
14,11,28079058,08,56
14,11,28079059,08,54
14,11,28079060,08,52
14,11,28079008,09,15
14,11,28079024,09,6
14,11,28079038,09,12
14,11,28079047,09,5
14,11,28079048,09,7
14,11,28079050,09,15
14,11,28079008,10,15
14,11,28079018,10,12
14,11,28079024,10,6
14,11,28079036,10,17
14,11,28079038,10,16
14,11,28079040,10,14
14,11,28079047,10,9
14,11,28079048,10,20
14,11,28079050,10,33
14,11,28079055,10,51
14,11,28079057,10,21
14,11,28079060,10,9
14,11,28079008,14,14
14,11,28079016,14,14
14,11,28079017,14,30
14,11,28079018,14,33
14,11,28079024,14,53
14,11,28079027,14,11
14,11,28079035,14,15
14,11,28079039,14,19
14,11,28079054,14,24
14,11,28079056,14,34
14,11,28079058,14,12
14,11,28079059,14,13
14,11,28079060,14,27
14,11,28079008,20,9.2
14,11,28079011,20,8
14,11,28079018,20,0.5
14,11,28079024,20,0.6
14,11,28079038,20,4.9
14,11,28079055,20,12.9
14,11,28079008,30,3.1
14,11,28079011,30,3.6
14,11,28079018,30,0.2
14,11,28079024,30,0.6
14,11,28079038,30,1.3
14,11,28079055,30,2.9
14,11,28079008,35,2.7
14,11,28079011,35,1.6
14,11,28079018,35,1
14,11,28079024,35,0.3
14,11,28079038,35,1
14,11,28079055,35,2
14,11,28079024,42,1.36
14,11,28079027,42,2.06
14,11,28079055,42,2.34
14,11,28079024,44,0.26
14,11,28079027,44,0.41
14,11,28079055,44,0.42
14,12,28079004,01,6
14,12,28079008,01,5
14,12,28079017,01,3
14,12,28079018,01,2
14,12,28079024,01,1
14,12,28079035,01,7
14,12,28079036,01,3
14,12,28079038,01,5
14,12,28079040,01,5
14,12,28079057,01,5
14,12,28079004,06,0.4
14,12,28079016,06,0.3
14,12,28079018,06,0.3
14,12,28079024,06,0.2
14,12,28079035,06,0.4
14,12,28079036,06,0.4
14,12,28079039,06,0.3
14,12,28079056,06,0.2
14,12,28079057,06,0.3
14,12,28079004,07,27
14,12,28079008,07,37
14,12,28079011,07,52
14,12,28079016,07,19
14,12,28079017,07,31
14,12,28079018,07,10
14,12,28079024,07,1
14,12,28079027,07,121
14,12,28079035,07,18
14,12,28079036,07,26
14,12,28079038,07,32
14,12,28079039,07,25
14,12,28079040,07,16
14,12,28079047,07,8
14,12,28079048,07,30
14,12,28079049,07,7
14,12,28079054,07,14
14,12,28079055,07,138
14,12,28079056,07,16
14,12,28079057,07,16
14,12,28079058,07,6
14,12,28079059,07,10
14,12,28079060,07,9
14,12,28079004,08,50
14,12,28079008,08,41
14,12,28079011,08,66
14,12,28079016,08,45
14,12,28079017,08,38
14,12,28079018,08,26
14,12,28079024,08,6
14,12,28079027,08,87
14,12,28079035,08,39
14,12,28079036,08,40
14,12,28079038,08,39
14,12,28079039,08,40
14,12,28079040,08,34
14,12,28079047,08,20
14,12,28079048,08,42
14,12,28079049,08,27
14,12,28079054,08,26
14,12,28079055,08,95
14,12,28079056,08,33
14,12,28079057,08,31
14,12,28079058,08,13
14,12,28079059,08,18
14,12,28079060,08,29
14,12,28079008,09,8
14,12,28079024,09,3
14,12,28079038,09,4
14,12,28079047,09,2
14,12,28079048,09,1
14,12,28079008,10,10
14,12,28079018,10,9
14,12,28079024,10,4
14,12,28079036,10,6
14,12,28079038,10,9
14,12,28079040,10,9
14,12,28079047,10,7
14,12,28079048,10,6
14,12,28079055,10,37
14,12,28079057,10,11
14,12,28079060,10,5
14,12,28079008,14,19
14,12,28079016,14,32
14,12,28079017,14,39
14,12,28079018,14,40
14,12,28079024,14,61
14,12,28079027,14,16
14,12,28079035,14,33
14,12,28079039,14,39
14,12,28079049,14,42
14,12,28079054,14,41
14,12,28079056,14,42
14,12,28079058,14,57
14,12,28079059,14,42
14,12,28079060,14,46
14,12,28079008,20,7.6
14,12,28079011,20,6.6
14,12,28079018,20,0.7
14,12,28079024,20,0.6
14,12,28079038,20,3
14,12,28079055,20,8
14,12,28079008,30,2.2
14,12,28079011,30,3
14,12,28079018,30,0.2
14,12,28079024,30,0.5
14,12,28079038,30,0.9
14,12,28079055,30,1.8
14,12,28079008,35,2.1
14,12,28079011,35,0.9
14,12,28079018,35,0.7
14,12,28079024,35,0.3
14,12,28079038,35,0.6
14,12,28079055,35,1.7
14,12,28079024,42,1.34
14,12,28079027,42,1.72
14,12,28079055,42,2.07
14,12,28079024,44,0.25
14,12,28079027,44,0.31
14,12,28079055,44,0.33
14,13,28079004,01,5
14,13,28079008,01,5
14,13,28079017,01,3
14,13,28079018,01,2
14,13,28079024,01,1
14,13,28079036,01,4
14,13,28079038,01,6
14,13,28079040,01,6
14,13,28079057,01,5
14,13,28079004,06,0.3
14,13,28079008,06,0.4
14,13,28079016,06,0.4
14,13,28079018,06,0.3
14,13,28079024,06,0.2
14,13,28079036,06,0.3
14,13,28079039,06,0.3
14,13,28079056,06,0.2
14,13,28079057,06,0.3
14,13,28079004,07,17
14,13,28079008,07,45
14,13,28079011,07,34
14,13,28079016,07,38
14,13,28079017,07,10
14,13,28079018,07,11
14,13,28079024,07,2
14,13,28079027,07,21
14,13,28079036,07,17
14,13,28079038,07,25
14,13,28079039,07,21
14,13,28079040,07,13
14,13,28079047,07,6
14,13,28079048,07,27
14,13,28079049,07,4
14,13,28079050,07,60
14,13,28079054,07,9
14,13,28079055,07,40
14,13,28079056,07,20
14,13,28079057,07,10
14,13,28079058,07,6
14,13,28079059,07,4
14,13,28079060,07,5
14,13,28079004,08,36
14,13,28079008,08,49
14,13,28079011,08,53
14,13,28079016,08,43
14,13,28079017,08,22
14,13,28079018,08,28
14,13,28079024,08,6
14,13,28079027,08,33
14,13,28079036,08,30
14,13,28079038,08,35
14,13,28079039,08,35
14,13,28079040,08,30
14,13,28079047,08,18
14,13,28079048,08,40
14,13,28079049,08,18
14,13,28079050,08,59
14,13,28079054,08,19
14,13,28079055,08,54
14,13,28079056,08,34
14,13,28079057,08,21
14,13,28079058,08,9
14,13,28079059,08,7
14,13,28079060,08,18
14,13,28079008,09,7
14,13,28079024,09,3
14,13,28079038,09,2
14,13,28079047,09,2
14,13,28079048,09,2
14,13,28079050,09,7
14,13,28079008,10,9
14,13,28079018,10,7
14,13,28079024,10,4
14,13,28079036,10,7
14,13,28079038,10,8
14,13,28079040,10,8
14,13,28079047,10,4
14,13,28079048,10,13
14,13,28079050,10,15
14,13,28079055,10,13
14,13,28079057,10,6
14,13,28079060,10,4
14,13,28079008,14,24
14,13,28079016,14,35
14,13,28079017,14,50
14,13,28079018,14,39
14,13,28079024,14,60
14,13,28079027,14,48
14,13,28079039,14,44
14,13,28079049,14,52
14,13,28079054,14,48
14,13,28079056,14,43
14,13,28079058,14,58
14,13,28079059,14,49
14,13,28079060,14,54
14,13,28079008,20,12.8
14,13,28079011,20,5.4
14,13,28079018,20,0.5
14,13,28079024,20,0.5
14,13,28079038,20,2.4
14,13,28079055,20,5.3
14,13,28079008,30,1.6
14,13,28079011,30,2.4
14,13,28079018,30,0.2
14,13,28079024,30,0.5
14,13,28079038,30,0.7
14,13,28079055,30,1
14,13,28079008,35,2.1
14,13,28079011,35,0.6
14,13,28079018,35,1
14,13,28079024,35,0.3
14,13,28079038,35,0.4
14,13,28079055,35,1.1
14,13,28079024,42,1.35
14,13,28079027,42,1.3
14,13,28079055,42,1.59
14,13,28079024,44,0.26
14,13,28079027,44,0.17
14,13,28079055,44,0.19
14,14,28079008,01,5
14,14,28079017,01,3
14,14,28079018,01,2
14,14,28079024,01,1
14,14,28079035,01,7
14,14,28079036,01,3
14,14,28079038,01,6
14,14,28079040,01,7
14,14,28079057,01,5
14,14,28079008,06,0.4
14,14,28079016,06,0.3
14,14,28079018,06,0.3
14,14,28079024,06,0.2
14,14,28079035,06,0.3
14,14,28079036,06,0.3
14,14,28079039,06,0.3
14,14,28079056,06,0.2
14,14,28079057,06,0.3
14,14,28079004,07,12
14,14,28079008,07,40
14,14,28079011,07,48
14,14,28079016,07,14
14,14,28079017,07,9
14,14,28079018,07,10
14,14,28079024,07,1
14,14,28079027,07,7
14,14,28079035,07,13
14,14,28079036,07,16
14,14,28079038,07,23
14,14,28079039,07,19
14,14,28079040,07,11
14,14,28079047,07,5
14,14,28079048,07,24
14,14,28079049,07,4
14,14,28079054,07,7
14,14,28079055,07,7
14,14,28079056,07,14
14,14,28079057,07,9
14,14,28079058,07,5
14,14,28079059,07,6
14,14,28079060,07,5
14,14,28079004,08,29
14,14,28079008,08,45
14,14,28079011,08,60
14,14,28079016,08,34
14,14,28079017,08,21
14,14,28079018,08,25
14,14,28079024,08,5
14,14,28079027,08,19
14,14,28079035,08,28
14,14,28079036,08,26
14,14,28079038,08,33
14,14,28079039,08,33
14,14,28079040,08,26
14,14,28079047,08,15
14,14,28079048,08,38
14,14,28079049,08,18
14,14,28079054,08,16
14,14,28079055,08,19
14,14,28079056,08,30
14,14,28079057,08,20
14,14,28079058,08,8
14,14,28079059,08,12
14,14,28079060,08,22
14,14,28079008,09,9
14,14,28079024,09,3
14,14,28079038,09,4
14,14,28079047,09,3
14,14,28079048,09,8
14,14,28079008,10,8
14,14,28079018,10,7
14,14,28079024,10,5
14,14,28079036,10,5
14,14,28079038,10,10
14,14,28079040,10,7
14,14,28079047,10,5
14,14,28079048,10,13
14,14,28079055,10,4
14,14,28079057,10,7
14,14,28079060,10,5
14,14,28079008,14,27
14,14,28079016,14,39
14,14,28079017,14,51
14,14,28079018,14,43
14,14,28079024,14,62
14,14,28079027,14,57
14,14,28079035,14,41
14,14,28079039,14,37
14,14,28079049,14,51
14,14,28079054,14,50
14,14,28079056,14,46
14,14,28079058,14,60
14,14,28079059,14,44
14,14,28079060,14,50
14,14,28079008,20,12.2
14,14,28079011,20,5.7
14,14,28079018,20,0.8
14,14,28079024,20,0.5
14,14,28079038,20,3.3
14,14,28079055,20,1.6
14,14,28079008,30,1.8
14,14,28079011,30,2.6
14,14,28079018,30,0.2
14,14,28079024,30,0.4
14,14,28079038,30,0.9
14,14,28079055,30,0.2
14,14,28079008,35,2.3
14,14,28079011,35,0.8
14,14,28079018,35,1
14,14,28079024,35,0.3
14,14,28079038,35,0.6
14,14,28079055,35,0.4
14,14,28079024,42,1.34
14,14,28079027,42,1.23
14,14,28079055,42,1.44
14,14,28079024,44,0.25
14,14,28079027,44,0.14
14,14,28079055,44,0.14
14,15,28079004,01,6
14,15,28079008,01,5
14,15,28079017,01,3
14,15,28079018,01,2
14,15,28079024,01,1
14,15,28079035,01,6
14,15,28079036,01,3
14,15,28079038,01,5
14,15,28079040,01,6
14,15,28079057,01,5
14,15,28079004,06,0.3
14,15,28079008,06,0.5
14,15,28079016,06,0.3
14,15,28079018,06,0.3
14,15,28079024,06,0.2
14,15,28079035,06,0.3
14,15,28079036,06,0.3
14,15,28079039,06,0.2
14,15,28079056,06,0.2
14,15,28079057,06,0.3
14,15,28079004,07,15
14,15,28079008,07,35
14,15,28079011,07,27
14,15,28079016,07,10
14,15,28079017,07,25
14,15,28079018,07,4
14,15,28079024,07,1
14,15,28079027,07,7
14,15,28079035,07,16
14,15,28079036,07,12
14,15,28079038,07,21
14,15,28079039,07,16
14,15,28079040,07,8
14,15,28079047,07,5
14,15,28079048,07,18
14,15,28079049,07,4
14,15,28079050,07,43
14,15,28079054,07,6
14,15,28079055,07,7
14,15,28079056,07,12
14,15,28079057,07,9
14,15,28079058,07,7
14,15,28079059,07,5
14,15,28079060,07,5
14,15,28079004,08,31
14,15,28079008,08,41
14,15,28079011,08,42
14,15,28079016,08,27
14,15,28079017,08,31
14,15,28079018,08,13
14,15,28079024,08,3
14,15,28079027,08,18
14,15,28079035,08,29
14,15,28079036,08,21
14,15,28079038,08,32
14,15,28079039,08,29
14,15,28079040,08,19
14,15,28079047,08,13
14,15,28079048,08,31
14,15,28079049,08,15
14,15,28079050,08,46
14,15,28079054,08,12
14,15,28079055,08,19
14,15,28079056,08,25
14,15,28079057,08,19
14,15,28079058,08,9
14,15,28079059,08,11
14,15,28079060,08,20
14,15,28079008,09,8
14,15,28079024,09,3
14,15,28079038,09,6
14,15,28079047,09,3
14,15,28079048,09,2
14,15,28079050,09,10
14,15,28079008,10,7
14,15,28079018,10,9
14,15,28079024,10,6
14,15,28079036,10,10
14,15,28079038,10,8
14,15,28079040,10,7
14,15,28079047,10,6
14,15,28079048,10,9
14,15,28079050,10,14
14,15,28079055,10,7
14,15,28079057,10,9
14,15,28079060,10,10
14,15,28079008,14,31
14,15,28079016,14,44
14,15,28079017,14,45
14,15,28079018,14,52
14,15,28079024,14,65
14,15,28079027,14,58
14,15,28079035,14,42
14,15,28079039,14,51
14,15,28079049,14,54
14,15,28079054,14,54
14,15,28079056,14,50
14,15,28079058,14,60
14,15,28079059,14,43
14,15,28079060,14,53
14,15,28079008,20,7.8
14,15,28079011,20,5.7
14,15,28079018,20,0.5
14,15,28079024,20,0.4
14,15,28079038,20,2.1
14,15,28079055,20,1.3
14,15,28079008,30,1.9
14,15,28079011,30,2.7
14,15,28079018,30,0.1
14,15,28079024,30,0.4
14,15,28079038,30,0.7
14,15,28079055,30,0.3
14,15,28079008,35,2.1
14,15,28079011,35,0.8
14,15,28079018,35,1
14,15,28079024,35,0.3
14,15,28079038,35,0.5
14,15,28079055,35,0.7
14,15,28079024,42,1.34
14,15,28079027,42,1.23
14,15,28079055,42,1.44
14,15,28079024,44,0.25
14,15,28079027,44,0.14
14,15,28079055,44,0.13
14,16,28079004,01,6
14,16,28079008,01,4
14,16,28079017,01,3
14,16,28079018,01,2
14,16,28079024,01,1
14,16,28079035,01,5
14,16,28079036,01,3
14,16,28079038,01,4
14,16,28079040,01,6
14,16,28079057,01,5
14,16,28079004,06,0.3
14,16,28079008,06,0.4
14,16,28079016,06,0.3
14,16,28079018,06,0.3
14,16,28079024,06,0.2
14,16,28079035,06,0.3
14,16,28079036,06,0.3
14,16,28079039,06,0.3
14,16,28079056,06,0.2
14,16,28079057,06,0.3
14,16,28079004,07,10
14,16,28079008,07,26
14,16,28079011,07,23
14,16,28079016,07,11
14,16,28079017,07,12
14,16,28079018,07,8
14,16,28079024,07,1
14,16,28079027,07,5
14,16,28079035,07,12
14,16,28079036,07,10
14,16,28079038,07,17
14,16,28079039,07,17
14,16,28079040,07,7
14,16,28079047,07,4
14,16,28079048,07,14
14,16,28079049,07,3
14,16,28079050,07,42
14,16,28079054,07,6
14,16,28079055,07,5
14,16,28079056,07,11
14,16,28079057,07,8
14,16,28079058,07,5
14,16,28079059,07,5
14,16,28079060,07,5
14,16,28079004,08,28
14,16,28079008,08,37
14,16,28079011,08,39
14,16,28079016,08,27
14,16,28079017,08,23
14,16,28079018,08,24
14,16,28079024,08,3
14,16,28079027,08,14
14,16,28079035,08,25
14,16,28079036,08,19
14,16,28079038,08,28
14,16,28079039,08,32
14,16,28079040,08,20
14,16,28079047,08,13
14,16,28079048,08,26
14,16,28079049,08,15
14,16,28079050,08,45
14,16,28079054,08,11
14,16,28079055,08,15
14,16,28079056,08,25
14,16,28079057,08,18
14,16,28079058,08,7
14,16,28079059,08,11
14,16,28079060,08,20
14,16,28079008,09,6
14,16,28079024,09,3
14,16,28079038,09,1
14,16,28079047,09,3
14,16,28079048,09,1
14,16,28079050,09,7
14,16,28079008,10,6
14,16,28079018,10,7
14,16,28079024,10,5
14,16,28079036,10,3
14,16,28079038,10,7
14,16,28079040,10,7
14,16,28079047,10,6
14,16,28079048,10,3
14,16,28079050,10,14
14,16,28079055,10,5
14,16,28079057,10,6
14,16,28079060,10,5
14,16,28079008,14,34
14,16,28079016,14,45
14,16,28079017,14,51
14,16,28079018,14,45
14,16,28079024,14,67
14,16,28079027,14,61
14,16,28079035,14,46
14,16,28079039,14,47
14,16,28079049,14,55
14,16,28079054,14,56
14,16,28079056,14,50
14,16,28079058,14,63
14,16,28079059,14,43
14,16,28079060,14,44
14,16,28079008,20,6.1
14,16,28079011,20,4.8
14,16,28079018,20,0.4
14,16,28079024,20,0.3
14,16,28079038,20,2.3
14,16,28079055,20,0.8
14,16,28079008,30,1.3
14,16,28079011,30,2.3
14,16,28079018,30,0.1
14,16,28079024,30,0.4
14,16,28079038,30,0.6
14,16,28079055,30,0.2
14,16,28079008,35,1.3
14,16,28079011,35,0.5
14,16,28079018,35,1
14,16,28079024,35,0.3
14,16,28079038,35,0.4
14,16,28079055,35,1
14,16,28079024,42,1.34
14,16,28079027,42,1.22
14,16,28079055,42,1.44
14,16,28079024,44,0.25
14,16,28079027,44,0.13
14,16,28079055,44,0.13
14,17,28079004,01,7
14,17,28079008,01,5
14,17,28079017,01,3
14,17,28079018,01,2
14,17,28079024,01,1
14,17,28079035,01,5
14,17,28079036,01,3
14,17,28079038,01,4
14,17,28079040,01,6
14,17,28079057,01,5
14,17,28079004,06,0.3
14,17,28079008,06,0.4
14,17,28079016,06,0.3
14,17,28079018,06,0.3
14,17,28079024,06,0.2
14,17,28079035,06,0.3
14,17,28079036,06,0.3
14,17,28079039,06,0.2
14,17,28079056,06,0.2
14,17,28079057,06,0.3
14,17,28079004,07,11
14,17,28079008,07,33
14,17,28079011,07,35
14,17,28079016,07,11
14,17,28079017,07,18
14,17,28079018,07,9
14,17,28079024,07,1
14,17,28079027,07,5
14,17,28079035,07,11
14,17,28079036,07,14
14,17,28079038,07,17
14,17,28079039,07,13
14,17,28079040,07,6
14,17,28079047,07,4
14,17,28079048,07,14
14,17,28079049,07,3
14,17,28079050,07,43
14,17,28079054,07,5
14,17,28079055,07,6
14,17,28079056,07,11
14,17,28079057,07,8
14,17,28079058,07,4
14,17,28079059,07,5
14,17,28079060,07,6
14,17,28079004,08,35
14,17,28079008,08,45
14,17,28079011,08,47
14,17,28079016,08,31
14,17,28079017,08,31
14,17,28079018,08,29
14,17,28079024,08,4
14,17,28079027,08,15
14,17,28079035,08,29
14,17,28079036,08,24
14,17,28079038,08,30
14,17,28079039,08,31
14,17,28079040,08,21
14,17,28079047,08,16
14,17,28079048,08,30
14,17,28079049,08,19
14,17,28079050,08,45
14,17,28079054,08,13
14,17,28079055,08,18
14,17,28079056,08,28
14,17,28079057,08,22
14,17,28079058,08,8
14,17,28079059,08,14
14,17,28079060,08,24
14,17,28079008,09,7
14,17,28079024,09,4
14,17,28079038,09,4
14,17,28079047,09,4
14,17,28079048,09,9
14,17,28079050,09,8
14,17,28079008,10,7
14,17,28079018,10,7
14,17,28079024,10,4
14,17,28079036,10,8
14,17,28079038,10,8
14,17,28079040,10,8
14,17,28079047,10,7
14,17,28079048,10,15
14,17,28079050,10,19
14,17,28079055,10,8
14,17,28079057,10,10
14,17,28079060,10,12
14,17,28079008,14,28
14,17,28079016,14,42
14,17,28079017,14,44
14,17,28079018,14,43
14,17,28079024,14,64
14,17,28079027,14,59
14,17,28079035,14,42
14,17,28079039,14,45
14,17,28079049,14,51
14,17,28079054,14,53
14,17,28079056,14,47
14,17,28079058,14,60
14,17,28079059,14,41
14,17,28079060,14,49
14,17,28079008,20,5.5
14,17,28079011,20,4.6
14,17,28079018,20,0.4
14,17,28079024,20,0.4
14,17,28079038,20,1.7
14,17,28079055,20,0.6
14,17,28079008,30,1.4
14,17,28079011,30,2.1
14,17,28079018,30,0.1
14,17,28079024,30,0.4
14,17,28079038,30,0.5
14,17,28079055,30,0.2
14,17,28079008,35,1.1
14,17,28079011,35,0.4
14,17,28079018,35,1
14,17,28079024,35,0.3
14,17,28079038,35,0.3
14,17,28079055,35,1
14,17,28079024,42,1.34
14,17,28079027,42,1.22
14,17,28079055,42,1.43
14,17,28079024,44,0.25
14,17,28079027,44,0.13
14,17,28079055,44,0.13
14,18,28079004,01,6
14,18,28079008,01,5
14,18,28079017,01,3
14,18,28079018,01,3
14,18,28079024,01,1
14,18,28079035,01,5
14,18,28079036,01,3
14,18,28079038,01,4
14,18,28079040,01,6
14,18,28079057,01,5
14,18,28079004,06,0.3
14,18,28079008,06,0.4
14,18,28079016,06,0.3
14,18,28079018,06,0.3
14,18,28079024,06,0.2
14,18,28079035,06,0.3
14,18,28079036,06,0.3
14,18,28079039,06,0.3
14,18,28079056,06,0.2
14,18,28079057,06,0.3
14,18,28079004,07,12
14,18,28079008,07,39
14,18,28079011,07,39
14,18,28079016,07,12
14,18,28079017,07,14
14,18,28079018,07,7
14,18,28079024,07,1
14,18,28079027,07,4
14,18,28079035,07,9
14,18,28079036,07,15
14,18,28079038,07,21
14,18,28079039,07,12
14,18,28079040,07,9
14,18,28079047,07,3
14,18,28079048,07,15
14,18,28079049,07,2
14,18,28079050,07,48
14,18,28079054,07,5
14,18,28079055,07,6
14,18,28079056,07,12
14,18,28079057,07,8
14,18,28079058,07,4
14,18,28079059,07,5
14,18,28079060,07,9
14,18,28079004,08,40
14,18,28079008,08,55
14,18,28079011,08,57
14,18,28079016,08,42
14,18,28079017,08,37
14,18,28079018,08,36
14,18,28079024,08,7
14,18,28079027,08,22
14,18,28079035,08,33
14,18,28079036,08,32
14,18,28079038,08,40
14,18,28079039,08,38
14,18,28079040,08,34
14,18,28079047,08,27
14,18,28079048,08,37
14,18,28079049,08,25
14,18,28079050,08,56
14,18,28079054,08,20
14,18,28079055,08,28
14,18,28079056,08,36
14,18,28079057,08,28
14,18,28079058,08,8
14,18,28079059,08,24
14,18,28079060,08,34
14,18,28079008,09,8
14,18,28079024,09,4
14,18,28079038,09,6
14,18,28079047,09,5
14,18,28079048,09,6
14,18,28079050,09,9
14,18,28079008,10,8
14,18,28079018,10,8
14,18,28079024,10,5
14,18,28079036,10,11
14,18,28079038,10,11
14,18,28079040,10,8
14,18,28079047,10,8
14,18,28079048,10,13
14,18,28079050,10,21
14,18,28079055,10,8
14,18,28079057,10,9
14,18,28079060,10,9
14,18,28079008,14,20
14,18,28079016,14,33
14,18,28079017,14,38
14,18,28079018,14,35
14,18,28079024,14,60
14,18,28079027,14,51
14,18,28079035,14,36
14,18,28079039,14,39
14,18,28079049,14,37
14,18,28079054,14,46
14,18,28079056,14,38
14,18,28079058,14,58
14,18,28079059,14,32
14,18,28079060,14,40
14,18,28079008,20,6.2
14,18,28079011,20,5.1
14,18,28079018,20,0.4
14,18,28079024,20,0.5
14,18,28079038,20,2.5
14,18,28079055,20,1.2
14,18,28079008,30,1.8
14,18,28079011,30,2.4
14,18,28079018,30,0.2
14,18,28079024,30,0.5
14,18,28079038,30,0.7
14,18,28079055,30,0.3
14,18,28079008,35,1.5
14,18,28079011,35,1
14,18,28079018,35,1
14,18,28079024,35,0.3
14,18,28079038,35,0.5
14,18,28079055,35,1
14,18,28079024,42,1.34
14,18,28079027,42,1.22
14,18,28079055,42,1.45
14,18,28079024,44,0.25
14,18,28079027,44,0.13
14,18,28079055,44,0.14
14,19,28079004,01,5
14,19,28079008,01,6
14,19,28079017,01,3
14,19,28079018,01,2
14,19,28079024,01,1
14,19,28079035,01,6
14,19,28079036,01,3
14,19,28079038,01,5
14,19,28079040,01,6
14,19,28079057,01,6
14,19,28079004,06,0.3
14,19,28079008,06,0.5
14,19,28079016,06,0.4
14,19,28079018,06,0.3
14,19,28079024,06,0.2
14,19,28079035,06,0.4
14,19,28079036,06,0.4
14,19,28079039,06,0.3
14,19,28079056,06,0.3
14,19,28079057,06,0.3
14,19,28079004,07,11
14,19,28079008,07,39
14,19,28079011,07,37
14,19,28079016,07,9
14,19,28079017,07,16
14,19,28079018,07,5
14,19,28079024,07,1
14,19,28079027,07,4
14,19,28079035,07,17
14,19,28079036,07,16
14,19,28079038,07,19
14,19,28079039,07,27
14,19,28079040,07,13
14,19,28079047,07,3
14,19,28079048,07,19
14,19,28079049,07,2
14,19,28079050,07,56
14,19,28079054,07,5
14,19,28079055,07,6
14,19,28079056,07,13
14,19,28079057,07,11
14,19,28079058,07,4
14,19,28079059,07,5
14,19,28079060,07,5
14,19,28079004,08,38
14,19,28079008,08,59
14,19,28079011,08,62
14,19,28079016,08,47
14,19,28079017,08,49
14,19,28079018,08,31
14,19,28079024,08,6
14,19,28079027,08,33
14,19,28079035,08,46
14,19,28079036,08,40
14,19,28079038,08,48
14,19,28079039,08,63
14,19,28079040,08,49
14,19,28079047,08,32
14,19,28079048,08,47
14,19,28079049,08,29
14,19,28079050,08,67
14,19,28079054,08,31
14,19,28079055,08,38
14,19,28079056,08,45
14,19,28079057,08,45
14,19,28079058,08,6
14,19,28079059,08,30
14,19,28079060,08,40
14,19,28079008,09,10
14,19,28079024,09,5
14,19,28079038,09,10
14,19,28079047,09,6
14,19,28079048,09,10
14,19,28079050,09,11
14,19,28079008,10,9
14,19,28079018,10,9
14,19,28079024,10,6
14,19,28079036,10,12
14,19,28079038,10,11
14,19,28079040,10,10
14,19,28079047,10,8
14,19,28079048,10,20
14,19,28079050,10,21
14,19,28079055,10,11
14,19,28079057,10,11
14,19,28079060,10,12
14,19,28079008,14,16
14,19,28079016,14,28
14,19,28079017,14,29
14,19,28079018,14,31
14,19,28079024,14,61
14,19,28079027,14,43
14,19,28079035,14,25
14,19,28079039,14,23
14,19,28079049,14,33
14,19,28079054,14,36
14,19,28079056,14,31
14,19,28079058,14,58
14,19,28079059,14,27
14,19,28079060,14,32
14,19,28079008,20,6.7
14,19,28079011,20,5.6
14,19,28079018,20,1.3
14,19,28079024,20,0.4
14,19,28079038,20,2.6
14,19,28079055,20,1
14,19,28079008,30,1.9
14,19,28079011,30,2.5
14,19,28079018,30,0.2
14,19,28079024,30,0.5
14,19,28079038,30,0.7
14,19,28079055,30,0.4
14,19,28079008,35,1.4
14,19,28079011,35,2.2
14,19,28079018,35,1
14,19,28079024,35,0.3
14,19,28079038,35,0.5
14,19,28079055,35,1
14,19,28079024,42,1.34
14,19,28079027,42,1.23
14,19,28079055,42,1.45
14,19,28079024,44,0.25
14,19,28079027,44,0.14
14,19,28079055,44,0.14
14,2,28079004,01,4
14,2,28079008,01,6
14,2,28079017,01,3
14,2,28079018,01,3
14,2,28079024,01,1
14,2,28079035,01,3
14,2,28079036,01,11
14,2,28079038,01,3
14,2,28079040,01,3
14,2,28079057,01,3
14,2,28079004,06,0.3
14,2,28079008,06,0.3
14,2,28079016,06,0.2
14,2,28079018,06,0.3
14,2,28079024,06,0.2
14,2,28079035,06,0.3
14,2,28079036,06,0.2
14,2,28079039,06,0.1
14,2,28079056,06,0.3
14,2,28079057,06,0.2
14,2,28079004,07,3
14,2,28079008,07,3
14,2,28079011,07,1
14,2,28079016,07,1
14,2,28079017,07,1
14,2,28079018,07,1
14,2,28079024,07,1
14,2,28079027,07,1
14,2,28079035,07,5
14,2,28079036,07,1
14,2,28079038,07,2
14,2,28079039,07,1
14,2,28079040,07,1
14,2,28079047,07,1
14,2,28079048,07,1
14,2,28079049,07,1
14,2,28079050,07,1
14,2,28079054,07,4
14,2,28079055,07,1
14,2,28079056,07,17
14,2,28079057,07,1
14,2,28079058,07,2
14,2,28079059,07,1
14,2,28079060,07,1
14,2,28079004,08,24
14,2,28079008,08,18
14,2,28079011,08,12
14,2,28079016,08,12
14,2,28079017,08,23
14,2,28079018,08,28
14,2,28079024,08,6
14,2,28079027,08,12
14,2,28079035,08,28
14,2,28079036,08,2
14,2,28079038,08,19
14,2,28079039,08,10
14,2,28079040,08,10
14,2,28079047,08,16
14,2,28079048,08,10
14,2,28079049,08,12
14,2,28079050,08,12
14,2,28079054,08,9
14,2,28079055,08,11
14,2,28079056,08,56
14,2,28079057,08,7
14,2,28079058,08,1
14,2,28079059,08,3
14,2,28079060,08,6
14,2,28079008,09,3
14,2,28079024,09,2
14,2,28079038,09,2
14,2,28079047,09,3
14,2,28079048,09,2
14,2,28079050,09,2
14,2,28079008,10,3
14,2,28079018,10,5
14,2,28079024,10,2
14,2,28079036,10,3
14,2,28079038,10,2
14,2,28079040,10,2
14,2,28079047,10,3
14,2,28079048,10,6
14,2,28079050,10,3
14,2,28079055,10,2
14,2,28079057,10,2
14,2,28079060,10,4
14,2,28079008,14,50
14,2,28079016,14,51
14,2,28079017,14,45
14,2,28079018,14,39
14,2,28079024,14,65
14,2,28079027,14,61
14,2,28079035,14,43
14,2,28079039,14,62
14,2,28079049,14,59
14,2,28079054,14,56
14,2,28079056,14,23
14,2,28079058,14,71
14,2,28079059,14,54
14,2,28079060,14,65
14,2,28079008,20,2.5
14,2,28079011,20,1.3
14,2,28079018,20,0.4
14,2,28079024,20,0.4
14,2,28079038,20,1.1
14,2,28079055,20,0.8
14,2,28079008,30,0.5
14,2,28079011,30,1
14,2,28079018,30,0.2
14,2,28079024,30,0.4
14,2,28079038,30,0.4
14,2,28079055,30,0.3
14,2,28079008,35,0.5
14,2,28079011,35,1
14,2,28079018,35,1
14,2,28079024,35,0.3
14,2,28079038,35,0.2
14,2,28079055,35,1
14,2,28079024,42,1.36
14,2,28079027,42,1.22
14,2,28079055,42,1.43
14,2,28079024,44,0.26
14,2,28079027,44,0.13
14,2,28079055,44,0.13
14,20,28079004,01,5
14,20,28079008,01,6
14,20,28079017,01,4
14,20,28079018,01,2
14,20,28079024,01,1
14,20,28079035,01,5
14,20,28079036,01,3
14,20,28079038,01,7
14,20,28079040,01,6
14,20,28079057,01,6
14,20,28079004,06,0.3
14,20,28079008,06,0.5
14,20,28079016,06,0.4
14,20,28079018,06,0.3
14,20,28079024,06,0.2
14,20,28079035,06,0.4
14,20,28079036,06,0.4
14,20,28079039,06,0.3
14,20,28079056,06,0.3
14,20,28079057,06,0.3
14,20,28079004,07,9
14,20,28079008,07,47
14,20,28079011,07,19
14,20,28079016,07,12
14,20,28079017,07,26
14,20,28079018,07,3
14,20,28079024,07,1
14,20,28079027,07,4
14,20,28079035,07,12
14,20,28079036,07,18
14,20,28079038,07,27
14,20,28079039,07,25
14,20,28079040,07,9
14,20,28079047,07,3
14,20,28079048,07,23
14,20,28079049,07,1
14,20,28079050,07,65
14,20,28079054,07,7
14,20,28079055,07,5
14,20,28079056,07,17
14,20,28079057,07,15
14,20,28079058,07,3
14,20,28079059,07,6
14,20,28079060,07,5
14,20,28079004,08,40
14,20,28079008,08,63
14,20,28079011,08,62
14,20,28079016,08,55
14,20,28079017,08,67
14,20,28079018,08,26
14,20,28079024,08,7
14,20,28079027,08,37
14,20,28079035,08,42
14,20,28079036,08,41
14,20,28079038,08,62
14,20,28079039,08,51
14,20,28079040,08,44
14,20,28079047,08,31
14,20,28079048,08,57
14,20,28079049,08,26
14,20,28079050,08,74
14,20,28079054,08,48
14,20,28079055,08,40
14,20,28079056,08,52
14,20,28079057,08,46
14,20,28079058,08,8
14,20,28079059,08,34
14,20,28079060,08,36
14,20,28079008,09,9
14,20,28079024,09,4
14,20,28079038,09,6
14,20,28079047,09,5
14,20,28079048,09,3
14,20,28079050,09,11
14,20,28079008,10,7
14,20,28079018,10,7
14,20,28079024,10,4
14,20,28079036,10,7
14,20,28079038,10,9
14,20,28079040,10,7
14,20,28079047,10,7
14,20,28079048,10,7
14,20,28079050,10,19
14,20,28079055,10,9
14,20,28079057,10,12
14,20,28079060,10,4
14,20,28079008,14,14
14,20,28079016,14,23
14,20,28079017,14,17
14,20,28079018,14,37
14,20,28079024,14,59
14,20,28079027,14,39
14,20,28079035,14,28
14,20,28079039,14,32
14,20,28079049,14,42
14,20,28079054,14,21
14,20,28079056,14,30
14,20,28079058,14,60
14,20,28079059,14,24
14,20,28079060,14,38
14,20,28079008,20,6.9
14,20,28079011,20,5.1
14,20,28079018,20,0.4
14,20,28079024,20,0.3
14,20,28079038,20,2.5
14,20,28079055,20,1.1
14,20,28079008,30,2.2
14,20,28079011,30,2.4
14,20,28079018,30,0.2
14,20,28079024,30,0.5
14,20,28079038,30,0.9
14,20,28079055,30,0.3
14,20,28079008,35,1.7
14,20,28079011,35,0.5
14,20,28079018,35,1
14,20,28079024,35,0.3
14,20,28079038,35,0.5
14,20,28079055,35,1
14,20,28079024,42,1.34
14,20,28079027,42,1.23
14,20,28079055,42,1.45
14,20,28079024,44,0.25
14,20,28079027,44,0.14
14,20,28079055,44,0.14
14,21,28079004,01,4
14,21,28079008,01,5
14,21,28079017,01,3
14,21,28079018,01,2
14,21,28079024,01,1
14,21,28079035,01,5
14,21,28079036,01,3
14,21,28079038,01,6
14,21,28079040,01,6
14,21,28079057,01,5
14,21,28079004,06,0.3
14,21,28079008,06,0.4
14,21,28079016,06,0.4
14,21,28079018,06,0.3
14,21,28079024,06,0.2
14,21,28079035,06,0.4
14,21,28079036,06,0.3
14,21,28079039,06,0.3
14,21,28079056,06,0.3
14,21,28079057,06,0.3
14,21,28079004,07,7
14,21,28079008,07,30
14,21,28079011,07,22
14,21,28079016,07,9
14,21,28079017,07,19
14,21,28079018,07,3
14,21,28079024,07,1
14,21,28079027,07,3
14,21,28079035,07,11
14,21,28079036,07,13
14,21,28079038,07,18
14,21,28079039,07,19
14,21,28079040,07,14
14,21,28079047,07,2
14,21,28079048,07,18
14,21,28079049,07,1
14,21,28079050,07,44
14,21,28079054,07,5
14,21,28079055,07,5
14,21,28079056,07,15
14,21,28079057,07,10
14,21,28079058,07,3
14,21,28079059,07,3
14,21,28079060,07,4
14,21,28079004,08,34
14,21,28079008,08,50
14,21,28079011,08,56
14,21,28079016,08,45
14,21,28079017,08,68
14,21,28079018,08,29
14,21,28079024,08,9
14,21,28079027,08,30
14,21,28079035,08,36
14,21,28079036,08,33
14,21,28079038,08,48
14,21,28079039,08,58
14,21,28079040,08,52
14,21,28079047,08,24
14,21,28079048,08,48
14,21,28079049,08,18
14,21,28079050,08,62
14,21,28079054,08,38
14,21,28079055,08,38
14,21,28079056,08,47
14,21,28079057,08,40
14,21,28079058,08,7
14,21,28079059,08,22
14,21,28079060,08,27
14,21,28079008,09,6
14,21,28079024,09,3
14,21,28079038,09,4
14,21,28079047,09,3
14,21,28079048,09,1
14,21,28079050,09,9
14,21,28079008,10,5
14,21,28079018,10,6
14,21,28079024,10,4
14,21,28079036,10,3
14,21,28079038,10,6
14,21,28079040,10,8
14,21,28079047,10,5
14,21,28079048,10,3
14,21,28079050,10,17
14,21,28079055,10,7
14,21,28079057,10,8
14,21,28079060,10,4
14,21,28079008,14,24
14,21,28079016,14,31
14,21,28079017,14,13
14,21,28079018,14,41
14,21,28079024,14,58
14,21,28079027,14,44
14,21,28079035,14,36
14,21,28079039,14,25
14,21,28079049,14,51
14,21,28079054,14,30
14,21,28079056,14,34
14,21,28079058,14,60
14,21,28079059,14,36
14,21,28079060,14,45
14,21,28079008,20,5.8
14,21,28079011,20,5.5
14,21,28079018,20,0.4
14,21,28079024,20,0.3
14,21,28079038,20,2.6
14,21,28079055,20,1
14,21,28079008,30,1.8
14,21,28079011,30,2.7
14,21,28079018,30,0.2
14,21,28079024,30,0.4
14,21,28079038,30,0.9
14,21,28079055,30,0.4
14,21,28079008,35,1.4
14,21,28079011,35,0.7
14,21,28079018,35,1
14,21,28079024,35,0.3
14,21,28079038,35,0.6
14,21,28079055,35,1
14,21,28079024,42,1.34
14,21,28079027,42,1.23
14,21,28079055,42,1.46
14,21,28079024,44,0.25
14,21,28079027,44,0.13
14,21,28079055,44,0.14
14,22,28079004,01,4
14,22,28079008,01,5
14,22,28079017,01,4
14,22,28079018,01,2
14,22,28079024,01,1
14,22,28079035,01,5
14,22,28079036,01,3
14,22,28079038,01,6
14,22,28079040,01,6
14,22,28079057,01,5
14,22,28079004,06,0.3
14,22,28079008,06,0.4
14,22,28079016,06,0.3
14,22,28079018,06,0.3
14,22,28079024,06,0.2
14,22,28079035,06,0.4
14,22,28079036,06,0.3
14,22,28079039,06,0.3
14,22,28079056,06,0.3
14,22,28079057,06,0.3
14,22,28079004,07,6
14,22,28079008,07,23
14,22,28079011,07,18
14,22,28079016,07,8
14,22,28079017,07,32
14,22,28079018,07,3
14,22,28079024,07,1
14,22,28079027,07,2
14,22,28079035,07,12
14,22,28079036,07,10
14,22,28079038,07,19
14,22,28079039,07,13
14,22,28079040,07,19
14,22,28079047,07,3
14,22,28079048,07,14
14,22,28079049,07,1
14,22,28079050,07,26
14,22,28079054,07,4
14,22,28079055,07,2
14,22,28079056,07,15
14,22,28079057,07,4
14,22,28079058,07,3
14,22,28079059,07,2
14,22,28079060,07,2
14,22,28079004,08,37
14,22,28079008,08,50
14,22,28079011,08,52
14,22,28079016,08,43
14,22,28079017,08,78
14,22,28079018,08,29
14,22,28079024,08,7
14,22,28079027,08,19
14,22,28079035,08,42
14,22,28079036,08,29
14,22,28079038,08,49
14,22,28079039,08,43
14,22,28079040,08,65
14,22,28079047,08,33
14,22,28079048,08,45
14,22,28079049,08,22
14,22,28079050,08,43
14,22,28079054,08,31
14,22,28079055,08,21
14,22,28079056,08,53
14,22,28079057,08,26
14,22,28079058,08,7
14,22,28079059,08,16
14,22,28079060,08,21
14,22,28079008,09,7
14,22,28079024,09,4
14,22,28079038,09,5
14,22,28079047,09,5
14,22,28079048,09,6
14,22,28079050,09,9
14,22,28079008,10,7
14,22,28079018,10,7
14,22,28079024,10,4
14,22,28079036,10,8
14,22,28079038,10,8
14,22,28079040,10,11
14,22,28079047,10,7
14,22,28079048,10,14
14,22,28079050,10,18
14,22,28079055,10,8
14,22,28079057,10,10
14,22,28079060,10,15
14,22,28079008,14,21
14,22,28079016,14,31
14,22,28079017,14,10
14,22,28079018,14,38
14,22,28079024,14,58
14,22,28079027,14,54
14,22,28079035,14,28
14,22,28079039,14,36
14,22,28079049,14,47
14,22,28079054,14,33
14,22,28079056,14,28
14,22,28079058,14,60
14,22,28079059,14,40
14,22,28079060,14,49
14,22,28079008,20,4.5
14,22,28079011,20,5.3
14,22,28079018,20,0.4
14,22,28079024,20,0.4
14,22,28079038,20,2
14,22,28079055,20,0.7
14,22,28079008,30,1.3
14,22,28079011,30,2.4
14,22,28079018,30,0.1
14,22,28079024,30,0.4
14,22,28079038,30,0.7
14,22,28079055,30,0.2
14,22,28079008,35,1
14,22,28079011,35,0.7
14,22,28079018,35,1
14,22,28079024,35,0.3
14,22,28079038,35,0.4
14,22,28079055,35,1
14,22,28079024,42,1.34
14,22,28079027,42,1.22
14,22,28079055,42,1.43
14,22,28079024,44,0.25
14,22,28079027,44,0.13
14,22,28079055,44,0.12
14,23,28079004,01,4
14,23,28079008,01,5
14,23,28079017,01,3
14,23,28079018,01,2
14,23,28079024,01,1
14,23,28079035,01,4
14,23,28079036,01,2
14,23,28079038,01,4
14,23,28079040,01,5
14,23,28079057,01,5
14,23,28079004,06,0.3
14,23,28079008,06,0.4
14,23,28079016,06,0.3
14,23,28079018,06,0.3
14,23,28079024,06,0.2
14,23,28079035,06,0.4
14,23,28079036,06,0.3
14,23,28079039,06,0.2
14,23,28079056,06,0.4
14,23,28079057,06,0.3
14,23,28079004,07,6
14,23,28079008,07,22
14,23,28079011,07,13
14,23,28079016,07,5
14,23,28079017,07,18
14,23,28079018,07,2
14,23,28079024,07,1
14,23,28079027,07,2
14,23,28079035,07,9
14,23,28079036,07,5
14,23,28079038,07,10
14,23,28079039,07,4
14,23,28079040,07,19
14,23,28079047,07,2
14,23,28079048,07,9
14,23,28079049,07,1
14,23,28079050,07,18
14,23,28079054,07,5
14,23,28079055,07,1
14,23,28079056,07,15
14,23,28079057,07,2
14,23,28079058,07,2
14,23,28079059,07,2
14,23,28079060,07,1
14,23,28079004,08,35
14,23,28079008,08,49
14,23,28079011,08,37
14,23,28079016,08,32
14,23,28079017,08,53
14,23,28079018,08,28
14,23,28079024,08,4
14,23,28079027,08,13
14,23,28079035,08,36
14,23,28079036,08,29
14,23,28079038,08,35
14,23,28079039,08,22
14,23,28079040,08,65
14,23,28079047,08,25
14,23,28079048,08,35
14,23,28079049,08,24
14,23,28079050,08,30
14,23,28079054,08,32
14,23,28079055,08,15
14,23,28079056,08,54
14,23,28079057,08,14
14,23,28079058,08,4
14,23,28079059,08,10
14,23,28079060,08,15
14,23,28079008,09,9
14,23,28079024,09,4
14,23,28079038,09,7
14,23,28079047,09,5
14,23,28079048,09,10
14,23,28079050,09,7
14,23,28079008,10,8
14,23,28079018,10,7
14,23,28079024,10,4
14,23,28079036,10,11
14,23,28079038,10,7
14,23,28079040,10,14
14,23,28079047,10,6
14,23,28079048,10,23
14,23,28079050,10,15
14,23,28079055,10,7
14,23,28079057,10,8
14,23,28079060,10,10
14,23,28079008,14,19
14,23,28079016,14,37
14,23,28079017,14,22
14,23,28079018,14,38
14,23,28079024,14,61
14,23,28079027,14,57
14,23,28079035,14,30
14,23,28079039,14,49
14,23,28079049,14,41
14,23,28079054,14,31
14,23,28079056,14,23
14,23,28079058,14,59
14,23,28079059,14,45
14,23,28079060,14,51
14,23,28079008,20,5
14,23,28079011,20,4.6
14,23,28079018,20,0.3
14,23,28079024,20,0.3
14,23,28079038,20,2.2
14,23,28079055,20,0.5
14,23,28079008,30,1.5
14,23,28079011,30,2.5
14,23,28079018,30,0.1
14,23,28079024,30,0.4
14,23,28079038,30,0.7
14,23,28079055,30,0.2
14,23,28079008,35,1.1
14,23,28079011,35,0.4
14,23,28079018,35,1
14,23,28079024,35,0.3
14,23,28079038,35,0.5
14,23,28079055,35,1
14,23,28079024,42,1.34
14,23,28079027,42,1.21
14,23,28079055,42,1.43
14,23,28079024,44,0.25
14,23,28079027,44,0.12
14,23,28079055,44,0.12
14,24,28079004,01,4
14,24,28079008,01,4
14,24,28079017,01,3
14,24,28079018,01,2
14,24,28079024,01,1
14,24,28079035,01,4
14,24,28079036,01,2
14,24,28079038,01,3
14,24,28079040,01,4
14,24,28079057,01,4
14,24,28079004,06,0.3
14,24,28079008,06,0.3
14,24,28079016,06,0.3
14,24,28079018,06,0.3
14,24,28079024,06,0.2
14,24,28079035,06,0.3
14,24,28079036,06,0.2
14,24,28079039,06,0.2
14,24,28079056,06,0.3
14,24,28079057,06,0.2
14,24,28079004,07,3
14,24,28079008,07,13
14,24,28079011,07,8
14,24,28079016,07,2
14,24,28079017,07,2
14,24,28079018,07,1
14,24,28079024,07,1
14,24,28079027,07,1
14,24,28079035,07,6
14,24,28079036,07,2
14,24,28079038,07,3
14,24,28079039,07,2
14,24,28079040,07,4
14,24,28079047,07,1
14,24,28079048,07,4
14,24,28079049,07,1
14,24,28079050,07,11
14,24,28079054,07,3
14,24,28079055,07,1
14,24,28079056,07,8
14,24,28079057,07,1
14,24,28079058,07,2
14,24,28079059,07,2
14,24,28079060,07,1
14,24,28079004,08,19
14,24,28079008,08,35
14,24,28079011,08,23
14,24,28079016,08,20
14,24,28079017,08,16
14,24,28079018,08,23
14,24,28079024,08,3
14,24,28079027,08,14
14,24,28079035,08,24
14,24,28079036,08,15
14,24,28079038,08,14
14,24,28079039,08,14
14,24,28079040,08,40
14,24,28079047,08,19
14,24,28079048,08,21
14,24,28079049,08,15
14,24,28079050,08,22
14,24,28079054,08,30
14,24,28079055,08,16
14,24,28079056,08,36
14,24,28079057,08,13
14,24,28079058,08,2
14,24,28079059,08,8
14,24,28079060,08,12
14,24,28079008,09,6
14,24,28079024,09,3
14,24,28079038,09,4
14,24,28079047,09,4
14,24,28079048,09,4
14,24,28079050,09,7
14,24,28079008,10,6
14,24,28079018,10,6
14,24,28079024,10,3
14,24,28079036,10,5
14,24,28079038,10,4
14,24,28079040,10,8
14,24,28079047,10,6
14,24,28079048,10,9
14,24,28079050,10,11
14,24,28079055,10,5
14,24,28079057,10,4
14,24,28079060,10,2
14,24,28079008,14,30
14,24,28079016,14,45
14,24,28079017,14,50
14,24,28079018,14,41
14,24,28079024,14,64
14,24,28079027,14,54
14,24,28079035,14,42
14,24,28079039,14,54
14,24,28079049,14,50
14,24,28079054,14,33
14,24,28079056,14,35
14,24,28079058,14,60
14,24,28079059,14,46
14,24,28079060,14,53
14,24,28079008,20,10.1
14,24,28079011,20,3.4
14,24,28079018,20,0.4
14,24,28079024,20,0.3
14,24,28079038,20,1
14,24,28079055,20,0.5
14,24,28079008,30,1.2
14,24,28079011,30,1.7
14,24,28079018,30,0.2
14,24,28079024,30,0.4
14,24,28079038,30,0.4
14,24,28079055,30,0.1
14,24,28079008,35,1.1
14,24,28079011,35,0.4
14,24,28079018,35,1
14,24,28079024,35,0.3
14,24,28079038,35,0.2
14,24,28079055,35,1
14,24,28079024,42,1.34
14,24,28079027,42,1.22
14,24,28079055,42,1.43
14,24,28079024,44,0.25
14,24,28079027,44,0.13
14,24,28079055,44,0.12
14,3,28079004,01,4
14,3,28079008,01,5
14,3,28079017,01,3
14,3,28079018,01,2
14,3,28079024,01,1
14,3,28079035,01,3
14,3,28079036,01,6
14,3,28079038,01,3
14,3,28079040,01,3
14,3,28079057,01,3
14,3,28079004,06,0.2
14,3,28079008,06,0.3
14,3,28079016,06,0.2
14,3,28079018,06,0.3
14,3,28079024,06,0.2
14,3,28079035,06,0.3
14,3,28079036,06,0.2
14,3,28079039,06,0.1
14,3,28079056,06,0.3
14,3,28079057,06,0.2
14,3,28079004,07,1
14,3,28079008,07,2
14,3,28079011,07,1
14,3,28079016,07,1
14,3,28079017,07,1
14,3,28079018,07,1
14,3,28079024,07,1
14,3,28079027,07,1
14,3,28079035,07,5
14,3,28079036,07,1
14,3,28079038,07,3
14,3,28079039,07,1
14,3,28079040,07,1
14,3,28079047,07,3
14,3,28079048,07,1
14,3,28079049,07,1
14,3,28079050,07,2
14,3,28079054,07,3
14,3,28079055,07,1
14,3,28079056,07,11
14,3,28079057,07,1
14,3,28079058,07,2
14,3,28079059,07,2
14,3,28079060,07,1
14,3,28079004,08,16
14,3,28079008,08,13
14,3,28079011,08,14
14,3,28079016,08,6
14,3,28079017,08,32
14,3,28079018,08,21
14,3,28079024,08,3
14,3,28079027,08,8
14,3,28079035,08,20
14,3,28079036,08,1
14,3,28079038,08,14
14,3,28079039,08,7
14,3,28079040,08,7
14,3,28079047,08,11
14,3,28079048,08,13
14,3,28079049,08,8
14,3,28079050,08,12
14,3,28079054,08,5
14,3,28079055,08,8
14,3,28079056,08,45
14,3,28079057,08,6
14,3,28079058,08,3
14,3,28079059,08,7
14,3,28079060,08,8
14,3,28079008,09,3
14,3,28079024,09,3
14,3,28079038,09,4
14,3,28079047,09,2
14,3,28079048,09,4
14,3,28079050,09,4
14,3,28079008,10,2
14,3,28079018,10,4
14,3,28079024,10,2
14,3,28079036,10,4
14,3,28079038,10,3
14,3,28079040,10,2
14,3,28079047,10,3
14,3,28079048,10,7
14,3,28079050,10,6
14,3,28079055,10,4
14,3,28079057,10,4
14,3,28079060,10,3
14,3,28079008,14,54
14,3,28079016,14,59
14,3,28079017,14,32
14,3,28079018,14,45
14,3,28079024,14,68
14,3,28079027,14,63
14,3,28079035,14,50
14,3,28079039,14,66
14,3,28079049,14,64
14,3,28079054,14,59
14,3,28079056,14,27
14,3,28079058,14,61
14,3,28079059,14,50
14,3,28079060,14,64
14,3,28079008,20,1.3
14,3,28079011,20,0.9
14,3,28079018,20,0.8
14,3,28079024,20,0.3
14,3,28079038,20,0.6
14,3,28079055,20,1
14,3,28079008,30,0.3
14,3,28079011,30,0.9
14,3,28079018,30,0.1
14,3,28079024,30,0.4
14,3,28079038,30,0.3
14,3,28079055,30,0.2
14,3,28079008,35,0.3
14,3,28079011,35,1
14,3,28079018,35,1
14,3,28079024,35,0.2
14,3,28079038,35,0.7
14,3,28079055,35,1
14,3,28079024,42,1.35
14,3,28079027,42,1.22
14,3,28079055,42,1.43
14,3,28079024,44,0.25
14,3,28079027,44,0.12
14,3,28079055,44,0.12
14,4,28079004,01,3
14,4,28079008,01,4
14,4,28079017,01,3
14,4,28079018,01,2
14,4,28079024,01,1
14,4,28079035,01,3
14,4,28079036,01,3
14,4,28079038,01,3
14,4,28079040,01,3
14,4,28079057,01,3
14,4,28079004,06,0.2
14,4,28079008,06,0.3
14,4,28079016,06,0.2
14,4,28079018,06,0.3
14,4,28079024,06,0.2
14,4,28079035,06,0.3
14,4,28079036,06,0.2
14,4,28079039,06,0.1
14,4,28079056,06,0.2
14,4,28079057,06,0.2
14,4,28079004,07,1
14,4,28079008,07,3
14,4,28079011,07,1
14,4,28079016,07,1
14,4,28079017,07,1
14,4,28079018,07,1
14,4,28079024,07,1
14,4,28079027,07,1
14,4,28079035,07,3
14,4,28079036,07,1
14,4,28079038,07,1
14,4,28079039,07,1
14,4,28079040,07,1
14,4,28079047,07,1
14,4,28079048,07,1
14,4,28079049,07,1
14,4,28079050,07,3
14,4,28079054,07,3
14,4,28079055,07,1
14,4,28079056,07,5
14,4,28079057,07,1
14,4,28079058,07,2
14,4,28079059,07,1
14,4,28079060,07,1
14,4,28079004,08,18
14,4,28079008,08,21
14,4,28079011,08,18
14,4,28079016,08,9
14,4,28079017,08,32
14,4,28079018,08,20
14,4,28079024,08,5
14,4,28079027,08,3
14,4,28079035,08,19
14,4,28079036,08,3
14,4,28079038,08,15
14,4,28079039,08,10
14,4,28079040,08,23
14,4,28079047,08,17
14,4,28079048,08,14
14,4,28079049,08,10
14,4,28079050,08,19
14,4,28079054,08,4
14,4,28079055,08,4
14,4,28079056,08,40
14,4,28079057,08,9
14,4,28079058,08,6
14,4,28079059,08,1
14,4,28079060,08,11
14,4,28079008,09,4
14,4,28079024,09,3
14,4,28079038,09,4
14,4,28079047,09,4
14,4,28079048,09,2
14,4,28079050,09,4
14,4,28079008,10,3
14,4,28079018,10,4
14,4,28079024,10,3
14,4,28079036,10,5
14,4,28079038,10,3
14,4,28079040,10,3
14,4,28079047,10,4
14,4,28079048,10,4
14,4,28079050,10,5
14,4,28079055,10,2
14,4,28079057,10,3
14,4,28079060,10,3
14,4,28079008,14,44
14,4,28079016,14,55
14,4,28079017,14,30
14,4,28079018,14,44
14,4,28079024,14,60
14,4,28079027,14,69
14,4,28079035,14,49
14,4,28079039,14,60
14,4,28079049,14,49
14,4,28079054,14,58
14,4,28079056,14,26
14,4,28079058,14,47
14,4,28079059,14,57
14,4,28079060,14,57
14,4,28079008,20,1.4
14,4,28079011,20,1.2
14,4,28079018,20,1.5
14,4,28079024,20,0.3
14,4,28079038,20,0.6
14,4,28079055,20,1
14,4,28079008,30,0.3
14,4,28079011,30,0.9
14,4,28079018,30,0.1
14,4,28079024,30,0.4
14,4,28079038,30,0.2
14,4,28079055,30,0.2
14,4,28079008,35,0.5
14,4,28079011,35,1
14,4,28079018,35,1
14,4,28079024,35,0.2
14,4,28079038,35,1
14,4,28079055,35,1
14,4,28079024,42,1.35
14,4,28079027,42,1.21
14,4,28079055,42,1.43
14,4,28079024,44,0.26
14,4,28079027,44,0.13
14,4,28079055,44,0.13
14,5,28079004,01,3
14,5,28079008,01,3
14,5,28079017,01,3
14,5,28079018,01,2
14,5,28079024,01,1
14,5,28079035,01,3
14,5,28079036,01,2
14,5,28079038,01,3
14,5,28079040,01,3
14,5,28079057,01,4
14,5,28079004,06,0.3
14,5,28079008,06,0.3
14,5,28079016,06,0.3
14,5,28079018,06,0.3
14,5,28079024,06,0.2
14,5,28079035,06,0.3
14,5,28079036,06,0.2
14,5,28079039,06,0.2
14,5,28079056,06,0.2
14,5,28079057,06,0.3
14,5,28079004,07,1
14,5,28079008,07,3
14,5,28079011,07,1
14,5,28079016,07,1
14,5,28079017,07,1
14,5,28079018,07,1
14,5,28079024,07,1
14,5,28079027,07,1
14,5,28079035,07,5
14,5,28079036,07,1
14,5,28079038,07,1
14,5,28079039,07,1
14,5,28079040,07,1
14,5,28079047,07,4
14,5,28079048,07,1
14,5,28079049,07,1
14,5,28079050,07,2
14,5,28079054,07,3
14,5,28079055,07,2
14,5,28079056,07,11
14,5,28079057,07,1
14,5,28079058,07,3
14,5,28079059,07,1
14,5,28079060,07,1
14,5,28079004,08,31
14,5,28079008,08,25
14,5,28079011,08,31
14,5,28079016,08,34
14,5,28079017,08,36
14,5,28079018,08,29
14,5,28079024,08,12
14,5,28079027,08,7
14,5,28079035,08,33
14,5,28079036,08,17
14,5,28079038,08,24
14,5,28079039,08,23
14,5,28079040,08,37
14,5,28079047,08,42
14,5,28079048,08,31
14,5,28079049,08,16
14,5,28079050,08,28
14,5,28079054,08,15
14,5,28079055,08,19
14,5,28079056,08,49
14,5,28079057,08,21
14,5,28079058,08,7
14,5,28079059,08,7
14,5,28079060,08,21
14,5,28079008,09,3
14,5,28079024,09,3
14,5,28079038,09,2
14,5,28079047,09,5
14,5,28079048,09,1
14,5,28079050,09,3
14,5,28079008,10,2
14,5,28079018,10,3
14,5,28079024,10,3
14,5,28079036,10,3
14,5,28079038,10,3
14,5,28079040,10,3
14,5,28079047,10,5
14,5,28079048,10,3
14,5,28079050,10,4
14,5,28079055,10,3
14,5,28079057,10,3
14,5,28079060,10,2
14,5,28079008,14,36
14,5,28079016,14,33
14,5,28079017,14,26
14,5,28079018,14,33
14,5,28079024,14,50
14,5,28079027,14,64
14,5,28079035,14,34
14,5,28079039,14,45
14,5,28079049,14,34
14,5,28079054,14,39
14,5,28079056,14,10
14,5,28079058,14,42
14,5,28079059,14,49
14,5,28079060,14,46
14,5,28079008,20,4
14,5,28079011,20,2.4
14,5,28079018,20,2.7
14,5,28079024,20,0.4
14,5,28079038,20,1.4
14,5,28079055,20,0.9
14,5,28079008,30,0.3
14,5,28079011,30,1
14,5,28079018,30,0.1
14,5,28079024,30,0.4
14,5,28079038,30,0.3
14,5,28079055,30,0.2
14,5,28079008,35,0.6
14,5,28079011,35,1
14,5,28079018,35,1
14,5,28079024,35,0.4
14,5,28079038,35,0.6
14,5,28079055,35,1
14,5,28079024,42,1.38
14,5,28079027,42,1.23
14,5,28079055,42,1.44
14,5,28079024,44,0.27
14,5,28079027,44,0.13
14,5,28079055,44,0.13
14,6,28079004,01,3
14,6,28079008,01,3
14,6,28079017,01,2
14,6,28079018,01,2
14,6,28079024,01,1
14,6,28079035,01,3
14,6,28079036,01,1
14,6,28079038,01,3
14,6,28079040,01,3
14,6,28079057,01,4
14,6,28079004,06,0.3
14,6,28079008,06,0.3
14,6,28079016,06,0.3
14,6,28079018,06,0.3
14,6,28079024,06,0.2
14,6,28079035,06,0.3
14,6,28079036,06,0.3
14,6,28079039,06,0.2
14,6,28079056,06,0.3
14,6,28079057,06,0.3
14,6,28079004,07,1
14,6,28079008,07,7
14,6,28079011,07,2
14,6,28079016,07,6
14,6,28079017,07,4
14,6,28079018,07,1
14,6,28079024,07,1
14,6,28079027,07,1
14,6,28079035,07,5
14,6,28079036,07,3
14,6,28079038,07,2
14,6,28079039,07,1
14,6,28079040,07,2
14,6,28079047,07,15
14,6,28079048,07,3
14,6,28079049,07,1
14,6,28079050,07,9
14,6,28079054,07,5
14,6,28079055,07,9
14,6,28079056,07,59
14,6,28079057,07,1
14,6,28079058,07,3
14,6,28079059,07,2
14,6,28079060,07,5
14,6,28079004,08,38
14,6,28079008,08,40
14,6,28079011,08,42
14,6,28079016,08,48
14,6,28079017,08,38
14,6,28079018,08,29
14,6,28079024,08,7
14,6,28079027,08,29
14,6,28079035,08,35
14,6,28079036,08,23
14,6,28079038,08,29
14,6,28079039,08,31
14,6,28079040,08,44
14,6,28079047,08,63
14,6,28079048,08,37
14,6,28079049,08,27
14,6,28079050,08,42
14,6,28079054,08,31
14,6,28079055,08,37
14,6,28079056,08,69
14,6,28079057,08,33
14,6,28079058,08,13
14,6,28079059,08,20
14,6,28079060,08,46
14,6,28079008,09,4
14,6,28079024,09,2
14,6,28079038,09,3
14,6,28079047,09,6
14,6,28079048,09,3
14,6,28079050,09,4
14,6,28079008,10,3
14,6,28079018,10,3
14,6,28079024,10,2
14,6,28079036,10,3
14,6,28079038,10,4
14,6,28079040,10,4
14,6,28079047,10,6
14,6,28079048,10,6
14,6,28079050,10,8
14,6,28079055,10,3
14,6,28079057,10,4
14,6,28079060,10,3
14,6,28079008,14,20
14,6,28079016,14,24
14,6,28079017,14,23
14,6,28079018,14,31
14,6,28079024,14,53
14,6,28079027,14,41
14,6,28079035,14,29
14,6,28079039,14,36
14,6,28079049,14,22
14,6,28079054,14,22
14,6,28079056,14,4
14,6,28079058,14,33
14,6,28079059,14,34
14,6,28079060,14,23
14,6,28079008,20,3.4
14,6,28079011,20,4.4
14,6,28079018,20,2.9
14,6,28079024,20,0.7
14,6,28079038,20,2.4
14,6,28079055,20,0.7
14,6,28079008,30,0.5
14,6,28079011,30,1.2
14,6,28079018,30,0.1
14,6,28079024,30,0.4
14,6,28079038,30,0.4
14,6,28079055,30,0.2
14,6,28079008,35,0.9
14,6,28079011,35,0.3
14,6,28079018,35,1
14,6,28079024,35,0.4
14,6,28079038,35,0.3
14,6,28079055,35,1
14,6,28079024,42,1.35
14,6,28079027,42,1.28
14,6,28079055,42,1.5
14,6,28079024,44,0.26
14,6,28079027,44,0.16
14,6,28079055,44,0.15
14,7,28079004,01,4
14,7,28079008,01,4
14,7,28079017,01,3
14,7,28079018,01,2
14,7,28079024,01,1
14,7,28079035,01,3
14,7,28079036,01,2
14,7,28079038,01,4
14,7,28079040,01,4
14,7,28079057,01,5
14,7,28079004,06,0.4
14,7,28079008,06,0.4
14,7,28079016,06,0.5
14,7,28079018,06,0.3
14,7,28079024,06,0.2
14,7,28079035,06,0.3
14,7,28079036,06,0.4
14,7,28079039,06,0.4
14,7,28079056,06,0.4
14,7,28079057,06,0.4
14,7,28079004,07,57
14,7,28079008,07,49
14,7,28079011,07,39
14,7,28079016,07,62
14,7,28079017,07,24
14,7,28079018,07,1
14,7,28079024,07,1
14,7,28079027,07,24
14,7,28079035,07,8
14,7,28079036,07,41
14,7,28079038,07,15
14,7,28079039,07,21
14,7,28079040,07,17
14,7,28079047,07,78
14,7,28079048,07,17
14,7,28079049,07,2
14,7,28079050,07,71
14,7,28079054,07,41
14,7,28079055,07,25
14,7,28079056,07,40
14,7,28079057,07,16
14,7,28079058,07,5
14,7,28079059,07,9
14,7,28079060,07,9
14,7,28079004,08,74
14,7,28079008,08,61
14,7,28079011,08,69
14,7,28079016,08,79
14,7,28079017,08,61
14,7,28079018,08,29
14,7,28079024,08,7
14,7,28079027,08,67
14,7,28079035,08,35
14,7,28079036,08,41
14,7,28079038,08,45
14,7,28079039,08,59
14,7,28079040,08,62
14,7,28079047,08,75
14,7,28079048,08,45
14,7,28079049,08,41
14,7,28079050,08,70
14,7,28079054,08,54
14,7,28079055,08,67
14,7,28079056,08,62
14,7,28079057,08,59
14,7,28079058,08,23
14,7,28079059,08,41
14,7,28079060,08,53
14,7,28079008,09,6
14,7,28079024,09,3
14,7,28079038,09,5
14,7,28079047,09,7
14,7,28079048,09,3
14,7,28079050,09,8
14,7,28079008,10,5
14,7,28079018,10,4
14,7,28079024,10,3
14,7,28079036,10,6
14,7,28079038,10,5
14,7,28079040,10,7
14,7,28079047,10,9
14,7,28079048,10,6
14,7,28079050,10,19
14,7,28079055,10,7
14,7,28079057,10,6
14,7,28079060,10,6
14,7,28079008,14,8
14,7,28079016,14,5
14,7,28079017,14,11
14,7,28079018,14,33
14,7,28079024,14,54
14,7,28079027,14,15
14,7,28079035,14,31
14,7,28079039,14,15
14,7,28079049,14,13
14,7,28079054,14,6
14,7,28079056,14,14
14,7,28079058,14,20
14,7,28079059,14,11
14,7,28079060,14,14
14,7,28079008,20,5.3
14,7,28079011,20,4.4
14,7,28079018,20,1.3
14,7,28079024,20,0.5
14,7,28079038,20,1.9
14,7,28079055,20,1.2
14,7,28079008,30,0.5
14,7,28079011,30,1.4
14,7,28079018,30,0.2
14,7,28079024,30,0.4
14,7,28079038,30,0.4
14,7,28079055,30,0.2
14,7,28079008,35,0.9
14,7,28079011,35,0.2
14,7,28079018,35,1
14,7,28079024,35,0.4
14,7,28079038,35,0.3
14,7,28079055,35,1
14,7,28079024,42,1.35
14,7,28079027,42,1.3
14,7,28079055,42,1.51
14,7,28079024,44,0.26
14,7,28079027,44,0.17
14,7,28079055,44,0.16
14,8,28079004,01,6
14,8,28079008,01,7
14,8,28079017,01,3
14,8,28079018,01,2
14,8,28079024,01,1
14,8,28079035,01,4
14,8,28079036,01,4
14,8,28079038,01,7
14,8,28079040,01,5
14,8,28079057,01,5
14,8,28079004,06,0.7
14,8,28079008,06,0.5
14,8,28079016,06,0.8
14,8,28079018,06,0.5
14,8,28079024,06,0.2
14,8,28079035,06,0.4
14,8,28079036,06,0.8
14,8,28079039,06,0.5
14,8,28079056,06,0.6
14,8,28079057,06,0.5
14,8,28079004,07,163
14,8,28079008,07,102
14,8,28079011,07,89
14,8,28079016,07,126
14,8,28079017,07,27
14,8,28079018,07,16
14,8,28079024,07,1
14,8,28079027,07,74
14,8,28079035,07,8
14,8,28079036,07,104
14,8,28079038,07,73
14,8,28079039,07,99
14,8,28079040,07,46
14,8,28079047,07,284
14,8,28079048,07,55
14,8,28079049,07,2
14,8,28079050,07,186
14,8,28079054,07,157
14,8,28079055,07,156
14,8,28079056,07,100
14,8,28079057,07,42
14,8,28079058,07,45
14,8,28079059,07,82
14,8,28079060,07,39
14,8,28079004,08,115
14,8,28079008,08,82
14,8,28079011,08,96
14,8,28079016,08,99
14,8,28079017,08,67
14,8,28079018,08,64
14,8,28079024,08,8
14,8,28079027,08,89
14,8,28079035,08,42
14,8,28079036,08,70
14,8,28079038,08,86
14,8,28079039,08,102
14,8,28079040,08,79
14,8,28079047,08,116
14,8,28079048,08,69
14,8,28079049,08,41
14,8,28079050,08,189
14,8,28079054,08,73
14,8,28079055,08,100
14,8,28079056,08,93
14,8,28079057,08,81
14,8,28079058,08,52
14,8,28079059,08,45
14,8,28079060,08,70
14,8,28079008,09,12
14,8,28079024,09,4
14,8,28079038,09,12
14,8,28079047,09,17
14,8,28079048,09,9
14,8,28079050,09,14
14,8,28079008,10,10
14,8,28079018,10,10
14,8,28079024,10,4
14,8,28079036,10,19
14,8,28079038,10,13
14,8,28079040,10,12
14,8,28079047,10,27
14,8,28079048,10,16
14,8,28079050,10,32
14,8,28079055,10,17
14,8,28079057,10,15
14,8,28079060,10,6
14,8,28079008,14,4
14,8,28079016,14,4
14,8,28079017,14,11
14,8,28079018,14,10
14,8,28079024,14,54
14,8,28079027,14,6
14,8,28079035,14,18
14,8,28079039,14,2
14,8,28079049,14,11
14,8,28079054,14,4
14,8,28079056,14,8
14,8,28079058,14,6
14,8,28079059,14,4
14,8,28079060,14,10
14,8,28079008,20,5.9
14,8,28079011,20,6
14,8,28079018,20,1.2
14,8,28079024,20,0.4
14,8,28079038,20,11.3
14,8,28079055,20,2.3
14,8,28079008,30,1.6
14,8,28079011,30,2.6
14,8,28079018,30,0.3
14,8,28079024,30,0.4
14,8,28079038,30,1.9
14,8,28079055,30,0.5
14,8,28079008,35,1.4
14,8,28079011,35,0.7
14,8,28079018,35,0.7
14,8,28079024,35,0.3
14,8,28079038,35,1.3
14,8,28079055,35,1
14,8,28079024,42,1.35
14,8,28079027,42,1.42
14,8,28079055,42,1.64
14,8,28079024,44,0.26
14,8,28079027,44,0.24
14,8,28079055,44,0.24
14,9,28079004,01,6
14,9,28079008,01,9
14,9,28079017,01,5
14,9,28079018,01,3
14,9,28079024,01,1
14,9,28079035,01,7
14,9,28079036,01,4
14,9,28079038,01,9
14,9,28079040,01,6
14,9,28079057,01,6
14,9,28079004,06,0.8
14,9,28079008,06,0.7
14,9,28079016,06,0.9
14,9,28079018,06,0.5
14,9,28079024,06,0.2
14,9,28079035,06,0.4
14,9,28079036,06,0.7
14,9,28079039,06,1
14,9,28079056,06,0.3
14,9,28079057,06,0.6
14,9,28079004,07,133
14,9,28079008,07,153
14,9,28079011,07,79
14,9,28079016,07,137
14,9,28079017,07,94
14,9,28079018,07,24
14,9,28079024,07,1
14,9,28079027,07,196
14,9,28079035,07,19
14,9,28079036,07,112
14,9,28079038,07,131
14,9,28079039,07,187
14,9,28079040,07,74
14,9,28079047,07,146
14,9,28079048,07,67
14,9,28079049,07,19
14,9,28079050,07,154
14,9,28079054,07,294
14,9,28079055,07,321
14,9,28079056,07,23
14,9,28079057,07,79
14,9,28079058,07,65
14,9,28079059,07,148
14,9,28079060,07,87
14,9,28079004,08,113
14,9,28079008,08,96
14,9,28079011,08,101
14,9,28079016,08,104
14,9,28079017,08,75
14,9,28079018,08,61
14,9,28079024,08,23
14,9,28079027,08,116
14,9,28079035,08,55
14,9,28079036,08,81
14,9,28079038,08,106
14,9,28079039,08,119
14,9,28079040,08,89
14,9,28079047,08,93
14,9,28079048,08,82
14,9,28079049,08,60
14,9,28079050,08,120
14,9,28079054,08,103
14,9,28079055,08,139
14,9,28079056,08,63
14,9,28079057,08,94
14,9,28079058,08,52
14,9,28079059,08,57
14,9,28079060,08,84
14,9,28079008,09,15
14,9,28079024,09,4
14,9,28079038,09,16
14,9,28079047,09,19
14,9,28079048,09,16
14,9,28079050,09,17
14,9,28079008,10,12
14,9,28079018,10,11
14,9,28079024,10,4
14,9,28079036,10,16
14,9,28079038,10,18
14,9,28079040,10,16
14,9,28079047,10,21
14,9,28079048,10,25
14,9,28079050,10,33
14,9,28079055,10,32
14,9,28079057,10,20
14,9,28079060,10,12
14,9,28079008,14,4
14,9,28079016,14,4
14,9,28079017,14,14
14,9,28079018,14,13
14,9,28079024,14,27
14,9,28079027,14,7
14,9,28079035,14,15
14,9,28079039,14,3
14,9,28079049,14,7
14,9,28079054,14,4
14,9,28079056,14,18
14,9,28079058,14,4
14,9,28079059,14,5
14,9,28079060,14,13
14,9,28079008,20,6.4
14,9,28079011,20,6.9
14,9,28079018,20,1.2
14,9,28079024,20,0.4
14,9,28079038,20,8.3
14,9,28079055,20,5
14,9,28079008,30,2.4
14,9,28079011,30,3.3
14,9,28079018,30,0.4
14,9,28079024,30,0.4
14,9,28079038,30,2.1
14,9,28079055,30,1.5
14,9,28079008,35,1.7
14,9,28079011,35,1.2
14,9,28079018,35,1
14,9,28079024,35,0.3
14,9,28079038,35,1.8
14,9,28079055,35,0.5
14,9,28079024,42,1.35
14,9,28079027,42,1.78
14,9,28079055,42,2.15
14,9,28079024,44,0.26
14,9,28079027,44,0.38
14,9,28079055,44,0.39
15,1,28079004,01,4
15,1,28079008,01,3
15,1,28079017,01,3
15,1,28079018,01,2
15,1,28079024,01,1
15,1,28079035,01,4
15,1,28079036,01,1
15,1,28079038,01,3
15,1,28079040,01,4
15,1,28079057,01,4
15,1,28079004,06,0.2
15,1,28079008,06,0.3
15,1,28079016,06,0.2
15,1,28079018,06,0.3
15,1,28079024,06,0.2
15,1,28079035,06,0.3
15,1,28079036,06,0.2
15,1,28079039,06,0.2
15,1,28079056,06,0.2
15,1,28079057,06,0.2
15,1,28079004,07,3
15,1,28079008,07,6
15,1,28079011,07,2
15,1,28079016,07,1
15,1,28079017,07,1
15,1,28079018,07,1
15,1,28079024,07,1
15,1,28079027,07,1
15,1,28079035,07,4
15,1,28079036,07,1
15,1,28079038,07,3
15,1,28079039,07,1
15,1,28079040,07,1
15,1,28079047,07,1
15,1,28079048,07,2
15,1,28079049,07,1
15,1,28079050,07,5
15,1,28079054,07,3
15,1,28079055,07,1
15,1,28079056,07,3
15,1,28079057,07,1
15,1,28079058,07,2
15,1,28079059,07,2
15,1,28079060,07,1
15,1,28079004,08,13
15,1,28079008,08,23
15,1,28079011,08,15
15,1,28079016,08,11
15,1,28079017,08,8
15,1,28079018,08,14
15,1,28079024,08,2
15,1,28079027,08,9
15,1,28079035,08,16
15,1,28079036,08,6
15,1,28079038,08,11
15,1,28079039,08,9
15,1,28079040,08,20
15,1,28079047,08,13
15,1,28079048,08,12
15,1,28079049,08,10
15,1,28079050,08,14
15,1,28079054,08,19
15,1,28079055,08,11
15,1,28079056,08,17
15,1,28079057,08,9
15,1,28079058,08,2
15,1,28079059,08,6
15,1,28079060,08,8
15,1,28079008,09,4
15,1,28079024,09,3
15,1,28079038,09,3
15,1,28079047,09,3
15,1,28079048,09,4
15,1,28079050,09,4
15,1,28079008,10,3
15,1,28079018,10,4
15,1,28079024,10,3
15,1,28079036,10,4
15,1,28079038,10,3
15,1,28079040,10,4
15,1,28079047,10,3
15,1,28079048,10,7
15,1,28079050,10,6
15,1,28079055,10,4
15,1,28079057,10,4
15,1,28079060,10,4
15,1,28079008,14,40
15,1,28079016,14,49
15,1,28079017,14,54
15,1,28079018,14,48
15,1,28079024,14,64
15,1,28079027,14,57
15,1,28079035,14,49
15,1,28079039,14,56
15,1,28079049,14,54
15,1,28079054,14,42
15,1,28079056,14,49
15,1,28079058,14,59
15,1,28079059,14,46
15,1,28079060,14,55
15,1,28079011,20,2.5
15,1,28079018,20,0.5
15,1,28079024,20,0.3
15,1,28079038,20,0.7
15,1,28079055,20,0.5
15,1,28079008,30,0.9
15,1,28079011,30,1.3
15,1,28079018,30,0.1
15,1,28079024,30,0.4
15,1,28079038,30,0.3
15,1,28079055,30,0.2
15,1,28079008,35,2
15,1,28079011,35,0.9
15,1,28079018,35,1
15,1,28079024,35,0.3
15,1,28079038,35,0.4
15,1,28079055,35,1
15,1,28079024,42,1.34
15,1,28079027,42,1.22
15,1,28079055,42,1.43
15,1,28079024,44,0.25
15,1,28079027,44,0.13
15,1,28079055,44,0.12
15,10,28079004,01,5
15,10,28079008,01,8
15,10,28079017,01,3
15,10,28079018,01,2
15,10,28079024,01,1
15,10,28079035,01,6
15,10,28079036,01,2
15,10,28079038,01,5
15,10,28079040,01,6
15,10,28079057,01,1
15,10,28079004,06,0.4
15,10,28079008,06,0.8
15,10,28079016,06,0.4
15,10,28079018,06,0.4
15,10,28079024,06,0.2
15,10,28079035,06,0.4
15,10,28079036,06,0.3
15,10,28079039,06,0.3
15,10,28079056,06,0.3
15,10,28079004,07,23
15,10,28079008,07,108
15,10,28079011,07,58
15,10,28079016,07,18
15,10,28079017,07,22
15,10,28079018,07,8
15,10,28079024,07,1
15,10,28079027,07,7
15,10,28079035,07,33
15,10,28079036,07,15
15,10,28079038,07,38
15,10,28079039,07,25
15,10,28079040,07,18
15,10,28079047,07,10
15,10,28079048,07,38
15,10,28079049,07,6
15,10,28079050,07,76
15,10,28079054,07,10
15,10,28079055,07,11
15,10,28079056,07,21
15,10,28079058,07,4
15,10,28079059,07,14
15,10,28079060,07,13
15,10,28079004,08,55
15,10,28079008,08,84
15,10,28079011,08,79
15,10,28079016,08,58
15,10,28079017,08,47
15,10,28079018,08,41
15,10,28079024,08,6
15,10,28079027,08,33
15,10,28079035,08,58
15,10,28079036,08,38
15,10,28079038,08,67
15,10,28079039,08,58
15,10,28079040,08,55
15,10,28079047,08,45
15,10,28079048,08,63
15,10,28079049,08,42
15,10,28079050,08,79
15,10,28079054,08,40
15,10,28079055,08,46
15,10,28079056,08,52
15,10,28079058,08,14
15,10,28079059,08,29
15,10,28079060,08,47
15,10,28079008,09,15
15,10,28079024,09,4
15,10,28079038,09,7
15,10,28079047,09,6
15,10,28079048,09,5
15,10,28079050,09,11
15,10,28079008,10,16
15,10,28079018,10,11
15,10,28079024,10,4
15,10,28079036,10,9
15,10,28079038,10,12
15,10,28079040,10,13
15,10,28079047,10,10
15,10,28079048,10,13
15,10,28079050,10,24
15,10,28079055,10,10
15,10,28079057,10,14
15,10,28079060,10,6
15,10,28079008,14,10
15,10,28079016,14,23
15,10,28079017,14,33
15,10,28079018,14,32
15,10,28079024,14,63
15,10,28079027,14,43
15,10,28079035,14,19
15,10,28079039,14,28
15,10,28079049,14,30
15,10,28079054,14,30
15,10,28079056,14,32
15,10,28079058,14,56
15,10,28079059,14,28
15,10,28079060,14,33
15,10,28079008,20,16.5
15,10,28079011,20,5.6
15,10,28079018,20,1
15,10,28079024,20,0.4
15,10,28079038,20,3.6
15,10,28079055,20,1.8
15,10,28079008,30,4.4
15,10,28079011,30,3.1
15,10,28079018,30,0.3
15,10,28079024,30,0.4
15,10,28079038,30,1.2
15,10,28079055,30,0.6
15,10,28079008,35,5.4
15,10,28079011,35,0.6
15,10,28079018,35,0.6
15,10,28079024,35,0.3
15,10,28079038,35,0.7
15,10,28079055,35,1
15,10,28079024,42,1.33
15,10,28079027,42,1.22
15,10,28079055,42,1.46
15,10,28079024,44,0.25
15,10,28079027,44,0.14
15,10,28079055,44,0.16
15,11,28079004,01,4
15,11,28079008,01,6
15,11,28079018,01,2
15,11,28079024,01,1
15,11,28079035,01,5
15,11,28079036,01,2
15,11,28079038,01,5
15,11,28079040,01,4
15,11,28079057,01,1
15,11,28079004,06,0.3
15,11,28079008,06,0.4
15,11,28079016,06,0.4
15,11,28079018,06,0.3
15,11,28079024,06,0.2
15,11,28079035,06,0.3
15,11,28079036,06,0.3
15,11,28079039,06,0.3
15,11,28079056,06,0.3
15,11,28079004,07,12
15,11,28079008,07,54
15,11,28079011,07,29
15,11,28079016,07,17
15,11,28079018,07,6
15,11,28079024,07,1
15,11,28079027,07,8
15,11,28079035,07,17
15,11,28079036,07,11
15,11,28079038,07,22
15,11,28079039,07,22
15,11,28079040,07,9
15,11,28079047,07,4
15,11,28079048,07,22
15,11,28079049,07,4
15,11,28079050,07,60
15,11,28079054,07,8
15,11,28079055,07,8
15,11,28079056,07,12
15,11,28079058,07,6
15,11,28079059,07,8
15,11,28079060,07,6
15,11,28079004,08,34
15,11,28079008,08,58
15,11,28079011,08,55
15,11,28079016,08,45
15,11,28079018,08,24
15,11,28079024,08,3
15,11,28079027,08,23
15,11,28079035,08,39
15,11,28079036,08,26
15,11,28079038,08,41
15,11,28079039,08,42
15,11,28079040,08,27
15,11,28079047,08,18
15,11,28079048,08,41
15,11,28079049,08,24
15,11,28079050,08,60
15,11,28079054,08,22
15,11,28079055,08,29
15,11,28079056,08,30
15,11,28079058,08,9
15,11,28079059,08,17
15,11,28079060,08,27
15,11,28079008,09,10
15,11,28079024,09,4
15,11,28079038,09,4
15,11,28079047,09,5
15,11,28079048,09,1
15,11,28079050,09,9
15,11,28079008,10,11
15,11,28079018,10,11
15,11,28079024,10,5
15,11,28079036,10,6
15,11,28079038,10,9
15,11,28079040,10,8
15,11,28079047,10,10
15,11,28079048,10,6
15,11,28079050,10,20
15,11,28079055,10,6
15,11,28079057,10,11
15,11,28079060,10,2
15,11,28079008,14,22
15,11,28079016,14,31
15,11,28079018,14,45
15,11,28079024,14,65
15,11,28079027,14,52
15,11,28079035,14,35
15,11,28079039,14,39
15,11,28079049,14,46
15,11,28079054,14,46
15,11,28079056,14,34
15,11,28079058,14,60
15,11,28079059,14,43
15,11,28079060,14,48
15,11,28079008,20,15.7
15,11,28079011,20,6.2
15,11,28079018,20,0.7
15,11,28079024,20,0.5
15,11,28079038,20,2.1
15,11,28079055,20,1.2
15,11,28079008,30,2.9
15,11,28079011,30,3
15,11,28079018,30,0.2
15,11,28079024,30,0.4
15,11,28079038,30,0.8
15,11,28079055,30,0.4
15,11,28079008,35,6.9
15,11,28079011,35,1.1
15,11,28079018,35,1
15,11,28079024,35,0.3
15,11,28079038,35,0.5
15,11,28079055,35,1
15,11,28079024,42,1.33
15,11,28079027,42,1.22
15,11,28079055,42,1.45
15,11,28079024,44,0.25
15,11,28079027,44,0.13
15,11,28079055,44,0.15
15,12,28079004,01,4
15,12,28079008,01,6
15,12,28079017,01,3
15,12,28079018,01,5
15,12,28079024,01,1
15,12,28079035,01,5
15,12,28079036,01,2
15,12,28079038,01,7
15,12,28079040,01,4
15,12,28079057,01,2
15,12,28079004,06,0.3
15,12,28079008,06,0.4
15,12,28079016,06,0.3
15,12,28079018,06,0.2
15,12,28079024,06,0.2
15,12,28079035,06,0.4
15,12,28079036,06,0.3
15,12,28079039,06,0.2
15,12,28079056,06,0.2
15,12,28079057,06,0.3
15,12,28079004,07,12
15,12,28079008,07,44
15,12,28079011,07,32
15,12,28079016,07,12
15,12,28079017,07,16
15,12,28079018,07,6
15,12,28079024,07,1
15,12,28079027,07,6
15,12,28079035,07,28
15,12,28079036,07,11
15,12,28079038,07,27
15,12,28079039,07,18
15,12,28079040,07,9
15,12,28079047,07,5
15,12,28079048,07,19
15,12,28079049,07,4
15,12,28079050,07,53
15,12,28079054,07,7
15,12,28079055,07,7
15,12,28079056,07,17
15,12,28079058,07,5
15,12,28079059,07,8
15,12,28079060,07,6
15,12,28079004,08,26
15,12,28079008,08,48
15,12,28079011,08,51
15,12,28079016,08,31
15,12,28079017,08,28
15,12,28079018,08,20
15,12,28079024,08,3
15,12,28079027,08,16
15,12,28079035,08,41
15,12,28079036,08,22
15,12,28079038,08,37
15,12,28079039,08,34
15,12,28079040,08,21
15,12,28079047,08,14
15,12,28079048,08,33
15,12,28079049,08,17
15,12,28079050,08,54
15,12,28079054,08,14
15,12,28079055,08,19
15,12,28079056,08,31
15,12,28079058,08,6
15,12,28079059,08,13
15,12,28079060,08,19
15,12,28079008,09,9
15,12,28079024,09,4
15,12,28079038,09,7
15,12,28079047,09,2
15,12,28079048,09,3
15,12,28079050,09,8
15,12,28079008,10,10
15,12,28079018,10,10
15,12,28079024,10,5
15,12,28079036,10,7
15,12,28079038,10,8
15,12,28079040,10,9
15,12,28079047,10,10
15,12,28079048,10,10
15,12,28079050,10,17
15,12,28079055,10,7
15,12,28079057,10,13
15,12,28079060,10,3
15,12,28079008,14,29
15,12,28079016,14,42
15,12,28079017,14,44
15,12,28079018,14,49
15,12,28079024,14,66
15,12,28079027,14,59
15,12,28079035,14,38
15,12,28079039,14,46
15,12,28079049,14,53
15,12,28079054,14,54
15,12,28079056,14,48
15,12,28079058,14,63
15,12,28079059,14,44
15,12,28079060,14,54
15,12,28079008,20,9.5
15,12,28079011,20,6.3
15,12,28079018,20,0.7
15,12,28079024,20,0.4
15,12,28079038,20,1.6
15,12,28079055,20,0.8
15,12,28079008,30,1.8
15,12,28079011,30,2.8
15,12,28079018,30,0.2
15,12,28079024,30,0.4
15,12,28079038,30,0.5
15,12,28079055,30,0.2
15,12,28079008,35,4.1
15,12,28079011,35,0.8
15,12,28079018,35,1
15,12,28079024,35,0.3
15,12,28079038,35,0.3
15,12,28079055,35,1
15,12,28079024,42,1.33
15,12,28079027,42,1.22
15,12,28079055,42,1.43
15,12,28079024,44,0.25
15,12,28079027,44,0.14
15,12,28079055,44,0.13
15,13,28079004,01,4
15,13,28079008,01,5
15,13,28079017,01,3
15,13,28079018,01,2
15,13,28079035,01,5
15,13,28079036,01,3
15,13,28079038,01,8
15,13,28079040,01,4
15,13,28079057,01,3
15,13,28079004,06,0.3
15,13,28079008,06,0.4
15,13,28079016,06,0.3
15,13,28079018,06,0.3
15,13,28079024,06,0.2
15,13,28079035,06,0.3
15,13,28079036,06,0.3
15,13,28079039,06,0.2
15,13,28079056,06,0.2
15,13,28079057,06,0.3
15,13,28079004,07,13
15,13,28079008,07,42
15,13,28079011,07,24
15,13,28079016,07,15
15,13,28079017,07,18
15,13,28079018,07,5
15,13,28079024,07,1
15,13,28079027,07,6
15,13,28079035,07,14
15,13,28079036,07,13
15,13,28079038,07,25
15,13,28079039,07,17
15,13,28079040,07,10
15,13,28079047,07,5
15,13,28079048,07,22
15,13,28079049,07,3
15,13,28079050,07,51
15,13,28079054,07,7
15,13,28079055,07,6
15,13,28079056,07,18
15,13,28079058,07,4
15,13,28079059,07,7
15,13,28079060,07,3
15,13,28079004,08,25
15,13,28079008,08,45
15,13,28079011,08,45
15,13,28079016,08,33
15,13,28079017,08,28
15,13,28079018,08,19
15,13,28079024,08,2
15,13,28079027,08,14
15,13,28079035,08,26
15,13,28079036,08,21
15,13,28079038,08,32
15,13,28079039,08,32
15,13,28079040,08,22
15,13,28079047,08,15
15,13,28079048,08,34
15,13,28079049,08,14
15,13,28079050,08,51
15,13,28079054,08,11
15,13,28079055,08,16
15,13,28079056,08,30
15,13,28079058,08,5
15,13,28079059,08,12
15,13,28079060,08,16
15,13,28079008,09,8
15,13,28079024,09,4
15,13,28079038,09,5
15,13,28079047,09,3
15,13,28079048,09,1
15,13,28079050,09,7
15,13,28079008,10,8
15,13,28079018,10,4
15,13,28079024,10,5
15,13,28079036,10,4
15,13,28079038,10,8
15,13,28079040,10,7
15,13,28079047,10,5
15,13,28079048,10,9
15,13,28079050,10,16
15,13,28079055,10,7
15,13,28079057,10,11
15,13,28079060,10,3
15,13,28079008,14,33
15,13,28079016,14,41
15,13,28079017,14,47
15,13,28079018,14,50
15,13,28079027,14,62
15,13,28079035,14,50
15,13,28079039,14,41
15,13,28079049,14,57
15,13,28079054,14,56
15,13,28079056,14,49
15,13,28079058,14,66
15,13,28079059,14,47
15,13,28079060,14,58
15,13,28079008,20,9.7
15,13,28079011,20,7
15,13,28079018,20,0.4
15,13,28079024,20,0.5
15,13,28079038,20,1.9
15,13,28079055,20,0.8
15,13,28079008,30,1.6
15,13,28079011,30,2.6
15,13,28079018,30,0.1
15,13,28079024,30,2.6
15,13,28079038,30,0.5
15,13,28079055,30,0.2
15,13,28079008,35,4.5
15,13,28079011,35,1.1
15,13,28079018,35,1
15,13,28079024,35,0.5
15,13,28079038,35,0.3
15,13,28079055,35,1
15,13,28079024,42,1.21
15,13,28079027,42,1.21
15,13,28079055,42,1.43
15,13,28079024,44,0.23
15,13,28079027,44,0.13
15,13,28079055,44,0.14
15,14,28079004,01,5
15,14,28079008,01,5
15,14,28079017,01,3
15,14,28079018,01,3
15,14,28079024,01,1
15,14,28079035,01,6
15,14,28079036,01,3
15,14,28079038,01,7
15,14,28079040,01,5
15,14,28079057,01,3
15,14,28079004,06,0.3
15,14,28079008,06,0.5
15,14,28079016,06,0.3
15,14,28079018,06,0.3
15,14,28079024,06,0.2
15,14,28079035,06,0.3
15,14,28079036,06,0.3
15,14,28079039,06,0.2
15,14,28079056,06,0.3
15,14,28079057,06,0.3
15,14,28079004,07,13
15,14,28079008,07,41
15,14,28079011,07,24
15,14,28079016,07,10
15,14,28079017,07,8
15,14,28079018,07,7
15,14,28079024,07,1
15,14,28079027,07,5
15,14,28079035,07,13
15,14,28079036,07,15
15,14,28079038,07,22
15,14,28079039,07,16
15,14,28079040,07,10
15,14,28079047,07,5
15,14,28079048,07,20
15,14,28079049,07,3
15,14,28079050,07,53
15,14,28079054,07,7
15,14,28079055,07,6
15,14,28079056,07,17
15,14,28079059,07,7
15,14,28079060,07,5
15,14,28079004,08,26
15,14,28079008,08,45
15,14,28079011,08,45
15,14,28079016,08,27
15,14,28079017,08,20
15,14,28079018,08,21
15,14,28079024,08,2
15,14,28079027,08,12
15,14,28079035,08,24
15,14,28079036,08,22
15,14,28079038,08,33
15,14,28079039,08,28
15,14,28079040,08,21
15,14,28079047,08,14
15,14,28079048,08,33
15,14,28079049,08,13
15,14,28079050,08,53
15,14,28079054,08,10
15,14,28079055,08,15
15,14,28079056,08,30
15,14,28079059,08,12
15,14,28079060,08,18
15,14,28079008,09,8
15,14,28079024,09,3
15,14,28079038,09,3
15,14,28079047,09,3
15,14,28079048,09,1
15,14,28079050,09,6
15,14,28079008,10,8
15,14,28079018,10,6
15,14,28079024,10,3
15,14,28079036,10,5
15,14,28079038,10,7
15,14,28079040,10,6
15,14,28079047,10,5
15,14,28079048,10,6
15,14,28079050,10,9
15,14,28079055,10,2
15,14,28079057,10,4
15,14,28079060,10,4
15,14,28079008,14,34
15,14,28079016,14,45
15,14,28079017,14,52
15,14,28079018,14,50
15,14,28079024,14,66
15,14,28079027,14,65
15,14,28079035,14,51
15,14,28079039,14,55
15,14,28079049,14,59
15,14,28079054,14,58
15,14,28079056,14,50
15,14,28079059,14,46
15,14,28079060,14,57
15,14,28079008,20,9.4
15,14,28079011,20,5.1
15,14,28079018,20,0.4
15,14,28079024,20,0.4
15,14,28079038,20,2
15,14,28079055,20,0.8
15,14,28079008,30,1.7
15,14,28079011,30,2.3
15,14,28079018,30,0.1
15,14,28079024,30,1.2
15,14,28079038,30,0.7
15,14,28079055,30,0.2
15,14,28079008,35,4.1
15,14,28079011,35,0.7
15,14,28079018,35,1
15,14,28079024,35,0.7
15,14,28079038,35,0.3
15,14,28079055,35,1
15,14,28079024,42,1.33
15,14,28079027,42,1.21
15,14,28079055,42,1.42
15,14,28079024,44,0.25
15,14,28079027,44,0.13
15,14,28079055,44,0.13
15,15,28079004,01,5
15,15,28079008,01,5
15,15,28079017,01,3
15,15,28079018,01,2
15,15,28079024,01,1
15,15,28079035,01,6
15,15,28079036,01,3
15,15,28079038,01,7
15,15,28079040,01,5
15,15,28079057,01,4
15,15,28079004,06,0.3
15,15,28079008,06,0.5
15,15,28079016,06,0.3
15,15,28079018,06,0.3
15,15,28079024,06,0.2
15,15,28079035,06,0.3
15,15,28079036,06,0.3
15,15,28079039,06,0.2
15,15,28079056,06,0.2
15,15,28079057,06,0.3
15,15,28079004,07,14
15,15,28079008,07,46
15,15,28079011,07,33
15,15,28079016,07,12
15,15,28079017,07,15
15,15,28079018,07,5
15,15,28079024,07,1
15,15,28079027,07,6
15,15,28079035,07,12
15,15,28079036,07,11
15,15,28079038,07,21
15,15,28079039,07,17
15,15,28079040,07,10
15,15,28079047,07,5
15,15,28079048,07,17
15,15,28079049,07,3
15,15,28079050,07,47
15,15,28079054,07,6
15,15,28079055,07,6
15,15,28079056,07,15
15,15,28079057,07,9
15,15,28079058,07,4
15,15,28079059,07,6
15,15,28079060,07,4
15,15,28079004,08,28
15,15,28079008,08,48
15,15,28079011,08,48
15,15,28079016,08,30
15,15,28079017,08,27
15,15,28079018,08,18
15,15,28079024,08,2
15,15,28079027,08,14
15,15,28079035,08,24
15,15,28079036,08,20
15,15,28079038,08,31
15,15,28079039,08,32
15,15,28079040,08,23
15,15,28079047,08,14
15,15,28079048,08,31
15,15,28079049,08,12
15,15,28079050,08,50
15,15,28079054,08,11
15,15,28079055,08,16
15,15,28079056,08,28
15,15,28079057,08,19
15,15,28079058,08,5
15,15,28079059,08,10
15,15,28079060,08,17
15,15,28079008,09,10
15,15,28079024,09,3
15,15,28079038,09,6
15,15,28079047,09,3
15,15,28079048,09,5
15,15,28079050,09,7
15,15,28079008,10,8
15,15,28079018,10,8
15,15,28079024,10,3
15,15,28079036,10,5
15,15,28079038,10,10
15,15,28079040,10,8
15,15,28079047,10,6
15,15,28079048,10,17
15,15,28079050,10,11
15,15,28079055,10,6
15,15,28079057,10,6
15,15,28079060,10,4
15,15,28079008,14,32
15,15,28079016,14,43
15,15,28079017,14,48
15,15,28079018,14,53
15,15,28079024,14,67
15,15,28079027,14,65
15,15,28079035,14,51
15,15,28079039,14,49
15,15,28079049,14,61
15,15,28079054,14,58
15,15,28079056,14,53
15,15,28079058,14,56
15,15,28079059,14,46
15,15,28079060,14,50
15,15,28079008,20,9
15,15,28079011,20,5.5
15,15,28079018,20,1
15,15,28079024,20,0.3
15,15,28079038,20,2.6
15,15,28079055,20,0.7
15,15,28079008,30,2.3
15,15,28079011,30,2.7
15,15,28079018,30,0.2
15,15,28079024,30,0.4
15,15,28079038,30,0.7
15,15,28079055,30,0.2
15,15,28079008,35,3
15,15,28079011,35,0.7
15,15,28079018,35,1
15,15,28079024,35,0.3
15,15,28079038,35,0.5
15,15,28079055,35,1
15,15,28079024,42,1.32
15,15,28079027,42,1.21
15,15,28079055,42,1.42
15,15,28079024,44,0.24
15,15,28079027,44,0.13
15,15,28079055,44,0.13
15,16,28079004,01,6
15,16,28079008,01,5
15,16,28079017,01,3
15,16,28079018,01,2
15,16,28079024,01,1
15,16,28079035,01,6
15,16,28079036,01,3
15,16,28079038,01,6
15,16,28079040,01,5
15,16,28079057,01,5
15,16,28079004,06,0.3
15,16,28079008,06,0.4
15,16,28079016,06,0.3
15,16,28079018,06,0.3
15,16,28079024,06,0.2
15,16,28079035,06,0.4
15,16,28079036,06,0.3
15,16,28079039,06,0.2
15,16,28079056,06,0.3
15,16,28079057,06,0.3
15,16,28079004,07,10
15,16,28079008,07,31
15,16,28079011,07,28
15,16,28079016,07,10
15,16,28079017,07,10
15,16,28079018,07,9
15,16,28079024,07,1
15,16,28079027,07,5
15,16,28079035,07,14
15,16,28079036,07,9
15,16,28079038,07,23
15,16,28079039,07,14
15,16,28079040,07,8
15,16,28079047,07,4
15,16,28079048,07,19
15,16,28079049,07,3
15,16,28079050,07,49
15,16,28079054,07,6
15,16,28079055,07,6
15,16,28079056,07,16
15,16,28079057,07,7
15,16,28079058,07,3
15,16,28079059,07,7
15,16,28079060,07,4
15,16,28079004,08,28
15,16,28079008,08,41
15,16,28079011,08,46
15,16,28079016,08,30
15,16,28079017,08,25
15,16,28079018,08,28
15,16,28079024,08,3
15,16,28079027,08,13
15,16,28079035,08,31
15,16,28079036,08,17
15,16,28079038,08,35
15,16,28079039,08,32
15,16,28079040,08,21
15,16,28079047,08,15
15,16,28079048,08,35
15,16,28079049,08,15
15,16,28079050,08,53
15,16,28079054,08,11
15,16,28079055,08,16
15,16,28079056,08,36
15,16,28079057,08,18
15,16,28079058,08,5
15,16,28079059,08,14
15,16,28079060,08,17
15,16,28079008,09,10
15,16,28079024,09,4
15,16,28079038,09,6
15,16,28079047,09,4
15,16,28079048,09,6
15,16,28079050,09,10
15,16,28079008,10,8
15,16,28079018,10,8
15,16,28079024,10,5
15,16,28079036,10,7
15,16,28079038,10,11
15,16,28079040,10,8
15,16,28079047,10,6
15,16,28079048,10,15
15,16,28079050,10,16
15,16,28079055,10,7
15,16,28079057,10,7
15,16,28079060,10,8
15,16,28079008,14,35
15,16,28079016,14,43
15,16,28079017,14,49
15,16,28079018,14,46
15,16,28079024,14,66
15,16,28079027,14,64
15,16,28079035,14,44
15,16,28079039,14,48
15,16,28079049,14,58
15,16,28079054,14,58
15,16,28079056,14,47
15,16,28079058,14,61
15,16,28079059,14,43
15,16,28079060,14,58
15,16,28079008,20,6
15,16,28079011,20,5.4
15,16,28079018,20,0.4
15,16,28079024,20,0.3
15,16,28079038,20,2.2
15,16,28079055,20,0.6
15,16,28079008,30,1.7
15,16,28079011,30,2.3
15,16,28079018,30,0.2
15,16,28079024,30,0.4
15,16,28079038,30,0.6
15,16,28079055,30,0.2
15,16,28079008,35,1.6
15,16,28079011,35,0.6
15,16,28079018,35,0.9
15,16,28079024,35,0.3
15,16,28079038,35,0.4
15,16,28079055,35,1
15,16,28079024,42,1.32
15,16,28079027,42,1.21
15,16,28079055,42,1.42
15,16,28079024,44,0.24
15,16,28079027,44,0.13
15,16,28079055,44,0.13
15,17,28079004,01,8
15,17,28079008,01,5
15,17,28079017,01,4
15,17,28079018,01,2
15,17,28079024,01,1
15,17,28079035,01,6
15,17,28079036,01,3
15,17,28079038,01,5
15,17,28079040,01,6
15,17,28079057,01,5
15,17,28079004,06,0.3
15,17,28079008,06,0.4
15,17,28079016,06,0.3
15,17,28079018,06,0.3
15,17,28079024,06,0.2
15,17,28079035,06,0.3
15,17,28079036,06,0.3
15,17,28079039,06,0.3
15,17,28079056,06,0.2
15,17,28079057,06,0.3
15,17,28079004,07,12
15,17,28079008,07,31
15,17,28079011,07,34
15,17,28079016,07,11
15,17,28079017,07,16
15,17,28079018,07,11
15,17,28079024,07,1
15,17,28079027,07,4
15,17,28079035,07,16
15,17,28079036,07,12
15,17,28079038,07,23
15,17,28079039,07,11
15,17,28079040,07,10
15,17,28079047,07,4
15,17,28079048,07,18
15,17,28079049,07,3
15,17,28079050,07,59
15,17,28079054,07,5
15,17,28079055,07,5
15,17,28079056,07,18
15,17,28079057,07,7
15,17,28079058,07,3
15,17,28079059,07,5
15,17,28079060,07,6
15,17,28079004,08,36
15,17,28079008,08,48
15,17,28079011,08,57
15,17,28079016,08,36
15,17,28079017,08,36
15,17,28079018,08,34
15,17,28079024,08,4
15,17,28079027,08,14
15,17,28079035,08,39
15,17,28079036,08,25
15,17,28079038,08,37
15,17,28079039,08,39
15,17,28079040,08,31
15,17,28079047,08,18
15,17,28079048,08,37
15,17,28079049,08,21
15,17,28079050,08,62
15,17,28079054,08,15
15,17,28079055,08,21
15,17,28079056,08,40
15,17,28079057,08,24
15,17,28079058,08,5
15,17,28079059,08,17
15,17,28079060,08,25
15,17,28079008,09,9
15,17,28079024,09,5
15,17,28079038,09,8
15,17,28079047,09,6
15,17,28079048,09,18
15,17,28079050,09,12
15,17,28079008,10,9
15,17,28079018,10,9
15,17,28079024,10,5
15,17,28079036,10,12
15,17,28079038,10,10
15,17,28079040,10,10
15,17,28079047,10,7
15,17,28079048,10,21
15,17,28079050,10,20
15,17,28079055,10,11
15,17,28079057,10,11
15,17,28079060,10,11
15,17,28079008,14,28
15,17,28079016,14,39
15,17,28079017,14,40
15,17,28079018,14,40
15,17,28079024,14,65
15,17,28079027,14,62
15,17,28079035,14,36
15,17,28079039,14,41
15,17,28079049,14,42
15,17,28079054,14,54
15,17,28079056,14,43
15,17,28079058,14,61
15,17,28079059,14,38
15,17,28079060,14,50
15,17,28079008,20,5.6
15,17,28079011,20,6.7
15,17,28079018,20,0.5
15,17,28079024,20,0.3
15,17,28079038,20,2.4
15,17,28079055,20,0.5
15,17,28079008,30,1.4
15,17,28079011,30,3
15,17,28079018,30,0.2
15,17,28079024,30,0.4
15,17,28079038,30,0.5
15,17,28079055,30,0.2
15,17,28079008,35,1.3
15,17,28079011,35,1.2
15,17,28079018,35,1
15,17,28079024,35,0.3
15,17,28079038,35,0.5
15,17,28079055,35,1
15,17,28079024,42,1.32
15,17,28079027,42,1.2
15,17,28079055,42,1.42
15,17,28079024,44,0.25
15,17,28079027,44,0.12
15,17,28079055,44,0.13
15,18,28079004,01,7
15,18,28079008,01,6
15,18,28079017,01,3
15,18,28079018,01,3
15,18,28079024,01,1
15,18,28079035,01,6
15,18,28079036,01,3
15,18,28079038,01,4
15,18,28079040,01,5
15,18,28079057,01,5
15,18,28079004,06,0.3
15,18,28079008,06,0.5
15,18,28079016,06,0.3
15,18,28079018,06,0.3
15,18,28079024,06,0.2
15,18,28079035,06,0.4
15,18,28079036,06,0.3
15,18,28079039,06,0.3
15,18,28079056,06,0.2
15,18,28079057,06,0.3
15,18,28079004,07,14
15,18,28079008,07,44
15,18,28079011,07,45
15,18,28079016,07,9
15,18,28079017,07,12
15,18,28079018,07,8
15,18,28079024,07,1
15,18,28079027,07,3
15,18,28079035,07,13
15,18,28079036,07,17
15,18,28079038,07,25
15,18,28079039,07,15
15,18,28079040,07,8
15,18,28079047,07,3
15,18,28079048,07,21
15,18,28079049,07,2
15,18,28079050,07,51
15,18,28079054,07,5
15,18,28079055,07,4
15,18,28079056,07,16
15,18,28079057,07,9
15,18,28079058,07,3
15,18,28079059,07,4
15,18,28079060,07,6
15,18,28079004,08,43
15,18,28079008,08,59
15,18,28079011,08,64
15,18,28079016,08,38
15,18,28079017,08,33
15,18,28079018,08,36
15,18,28079024,08,6
15,18,28079027,08,19
15,18,28079035,08,41
15,18,28079036,08,33
15,18,28079038,08,45
15,18,28079039,08,39
15,18,28079040,08,33
15,18,28079047,08,24
15,18,28079048,08,46
15,18,28079049,08,23
15,18,28079050,08,57
15,18,28079054,08,19
15,18,28079055,08,21
15,18,28079056,08,40
15,18,28079057,08,30
15,18,28079058,08,8
15,18,28079059,08,18
15,18,28079060,08,28
15,18,28079008,09,10
15,18,28079024,09,5
15,18,28079038,09,10
15,18,28079047,09,6
15,18,28079048,09,14
15,18,28079050,09,10
15,18,28079008,10,9
15,18,28079018,10,9
15,18,28079024,10,6
15,18,28079036,10,13
15,18,28079038,10,12
15,18,28079040,10,9
15,18,28079047,10,8
15,18,28079048,10,23
15,18,28079050,10,20
15,18,28079055,10,9
15,18,28079057,10,12
15,18,28079060,10,17
15,18,28079008,14,19
15,18,28079016,14,36
15,18,28079017,14,39
15,18,28079018,14,30
15,18,28079024,14,63
15,18,28079027,14,56
15,18,28079035,14,32
15,18,28079039,14,42
15,18,28079049,14,40
15,18,28079054,14,50
15,18,28079056,14,39
15,18,28079058,14,58
15,18,28079059,14,36
15,18,28079060,14,46
15,18,28079008,20,6.8
15,18,28079011,20,5.7
15,18,28079018,20,0.7
15,18,28079024,20,0.3
15,18,28079038,20,3.3
15,18,28079055,20,0.6
15,18,28079008,30,1.8
15,18,28079011,30,2.5
15,18,28079018,30,0.2
15,18,28079024,30,0.4
15,18,28079038,30,0.7
15,18,28079055,30,0.2
15,18,28079008,35,1.6
15,18,28079011,35,0.6
15,18,28079018,35,0.7
15,18,28079024,35,0.3
15,18,28079038,35,0.5
15,18,28079055,35,1
15,18,28079024,42,1.32
15,18,28079027,42,1.21
15,18,28079055,42,1.42
15,18,28079024,44,0.24
15,18,28079027,44,0.13
15,18,28079055,44,0.13
15,19,28079004,01,7
15,19,28079008,01,6
15,19,28079017,01,3
15,19,28079018,01,2
15,19,28079024,01,1
15,19,28079035,01,6
15,19,28079036,01,3
15,19,28079038,01,6
15,19,28079040,01,6
15,19,28079057,01,5
15,19,28079004,06,0.4
15,19,28079008,06,0.5
15,19,28079016,06,0.3
15,19,28079018,06,0.3
15,19,28079024,06,0.2
15,19,28079035,06,0.5
15,19,28079036,06,0.3
15,19,28079039,06,0.3
15,19,28079056,06,0.3
15,19,28079057,06,0.3
15,19,28079004,07,11
15,19,28079008,07,47
15,19,28079011,07,43
15,19,28079016,07,9
15,19,28079017,07,11
15,19,28079018,07,6
15,19,28079024,07,1
15,19,28079027,07,3
15,19,28079035,07,22
15,19,28079036,07,11
15,19,28079038,07,34
15,19,28079039,07,18
15,19,28079040,07,13
15,19,28079047,07,3
15,19,28079048,07,25
15,19,28079049,07,2
15,19,28079050,07,54
15,19,28079054,07,4
15,19,28079055,07,4
15,19,28079056,07,14
15,19,28079057,07,9
15,19,28079058,07,3
15,19,28079059,07,4
15,19,28079060,07,5
15,19,28079004,08,47
15,19,28079008,08,64
15,19,28079011,08,69
15,19,28079016,08,44
15,19,28079017,08,40
15,19,28079018,08,31
15,19,28079024,08,10
15,19,28079027,08,24
15,19,28079035,08,55
15,19,28079036,08,37
15,19,28079038,08,66
15,19,28079039,08,44
15,19,28079040,08,42
15,19,28079047,08,31
15,19,28079048,08,58
15,19,28079049,08,28
15,19,28079050,08,65
15,19,28079054,08,29
15,19,28079055,08,26
15,19,28079056,08,44
15,19,28079057,08,34
15,19,28079058,08,7
15,19,28079059,08,22
15,19,28079060,08,34
15,19,28079008,09,11
15,19,28079024,09,5
15,19,28079038,09,9
15,19,28079047,09,6
15,19,28079048,09,11
15,19,28079050,09,11
15,19,28079008,10,9
15,19,28079018,10,8
15,19,28079024,10,5
15,19,28079036,10,12
15,19,28079038,10,11
15,19,28079040,10,10
15,19,28079047,10,12
15,19,28079048,10,20
15,19,28079050,10,22
15,19,28079055,10,10
15,19,28079057,10,11
15,19,28079060,10,12
15,19,28079008,14,15
15,19,28079016,14,32
15,19,28079017,14,35
15,19,28079018,14,33
15,19,28079024,14,58
15,19,28079027,14,52
15,19,28079035,14,20
15,19,28079039,14,38
15,19,28079049,14,41
15,19,28079054,14,40
15,19,28079056,14,36
15,19,28079058,14,60
15,19,28079059,14,35
15,19,28079060,14,41
15,19,28079008,20,6.7
15,19,28079011,20,5.9
15,19,28079018,20,0.4
15,19,28079024,20,0.3
15,19,28079038,20,3.1
15,19,28079055,20,0.6
15,19,28079008,30,2
15,19,28079011,30,2.6
15,19,28079018,30,0.1
15,19,28079024,30,0.4
15,19,28079038,30,0.8
15,19,28079055,30,0.2
15,19,28079008,35,1.6
15,19,28079011,35,0.7
15,19,28079018,35,1
15,19,28079024,35,0.3
15,19,28079038,35,0.5
15,19,28079055,35,1
15,19,28079024,42,1.32
15,19,28079027,42,1.21
15,19,28079055,42,1.43
15,19,28079024,44,0.24
15,19,28079027,44,0.13
15,19,28079055,44,0.13
15,2,28079004,01,4
15,2,28079008,01,3
15,2,28079017,01,3
15,2,28079018,01,2
15,2,28079024,01,1
15,2,28079035,01,3
15,2,28079036,01,1
15,2,28079038,01,2
15,2,28079040,01,4
15,2,28079057,01,4
15,2,28079004,06,0.2
15,2,28079008,06,0.2
15,2,28079016,06,0.2
15,2,28079018,06,0.2
15,2,28079024,06,0.2
15,2,28079035,06,0.2
15,2,28079036,06,0.2
15,2,28079039,06,0.2
15,2,28079056,06,0.2
15,2,28079004,07,2
15,2,28079008,07,6
15,2,28079011,07,2
15,2,28079016,07,1
15,2,28079017,07,1
15,2,28079018,07,1
15,2,28079024,07,1
15,2,28079027,07,1
15,2,28079035,07,3
15,2,28079036,07,1
15,2,28079038,07,3
15,2,28079039,07,1
15,2,28079040,07,1
15,2,28079047,07,1
15,2,28079048,07,1
15,2,28079049,07,1
15,2,28079050,07,4
15,2,28079054,07,3
15,2,28079055,07,1
15,2,28079056,07,1
15,2,28079058,07,2
15,2,28079059,07,2
15,2,28079060,07,1
15,2,28079004,08,12
15,2,28079008,08,19
15,2,28079011,08,13
15,2,28079016,08,9
15,2,28079017,08,12
15,2,28079018,08,7
15,2,28079024,08,3
15,2,28079027,08,11
15,2,28079035,08,16
15,2,28079036,08,3
15,2,28079038,08,9
15,2,28079039,08,8
15,2,28079040,08,11
15,2,28079047,08,9
15,2,28079048,08,8
15,2,28079049,08,9
15,2,28079050,08,11
15,2,28079054,08,10
15,2,28079055,08,16
15,2,28079056,08,13
15,2,28079058,08,2
15,2,28079059,08,5
15,2,28079060,08,6
15,2,28079008,09,4
15,2,28079024,09,3
15,2,28079038,09,2
15,2,28079047,09,3
15,2,28079048,09,2
15,2,28079050,09,4
15,2,28079008,10,3
15,2,28079018,10,2
15,2,28079024,10,2
15,2,28079036,10,4
15,2,28079038,10,2
15,2,28079040,10,19
15,2,28079047,10,3
15,2,28079048,10,5
15,2,28079050,10,5
15,2,28079055,10,3
15,2,28079057,10,3
15,2,28079060,10,3
15,2,28079008,14,41
15,2,28079016,14,50
15,2,28079017,14,46
15,2,28079018,14,53
15,2,28079024,14,61
15,2,28079027,14,52
15,2,28079035,14,48
15,2,28079039,14,57
15,2,28079049,14,54
15,2,28079054,14,49
15,2,28079056,14,51
15,2,28079058,14,60
15,2,28079059,14,47
15,2,28079060,14,55
15,2,28079008,20,7.5
15,2,28079011,20,1.6
15,2,28079018,20,0.2
15,2,28079024,20,0.3
15,2,28079038,20,0.6
15,2,28079055,20,0.4
15,2,28079008,30,0.5
15,2,28079011,30,1.1
15,2,28079018,30,0.1
15,2,28079024,30,0.4
15,2,28079038,30,0.3
15,2,28079055,30,0.2
15,2,28079008,35,0.8
15,2,28079011,35,1
15,2,28079018,35,1
15,2,28079024,35,0.3
15,2,28079038,35,0.7
15,2,28079055,35,1
15,2,28079024,42,1.34
15,2,28079027,42,1.22
15,2,28079055,42,1.44
15,2,28079024,44,0.25
15,2,28079027,44,0.13
15,2,28079055,44,0.13
15,20,28079004,01,7
15,20,28079008,01,6
15,20,28079017,01,3
15,20,28079018,01,2
15,20,28079024,01,1
15,20,28079035,01,5
15,20,28079036,01,3
15,20,28079038,01,4
15,20,28079040,01,5
15,20,28079057,01,5
15,20,28079004,06,0.4
15,20,28079008,06,0.5
15,20,28079016,06,0.4
15,20,28079018,06,0.3
15,20,28079024,06,0.2
15,20,28079035,06,0.3
15,20,28079036,06,0.4
15,20,28079039,06,0.3
15,20,28079056,06,0.3
15,20,28079057,06,0.3
15,20,28079004,07,14
15,20,28079008,07,49
15,20,28079011,07,33
15,20,28079016,07,10
15,20,28079017,07,10
15,20,28079018,07,3
15,20,28079024,07,1
15,20,28079027,07,2
15,20,28079035,07,10
15,20,28079036,07,17
15,20,28079038,07,30
15,20,28079039,07,21
15,20,28079040,07,13
15,20,28079047,07,3
15,20,28079048,07,27
15,20,28079049,07,2
15,20,28079050,07,61
15,20,28079054,07,4
15,20,28079055,07,3
15,20,28079056,07,16
15,20,28079057,07,9
15,20,28079058,07,2
15,20,28079059,07,3
15,20,28079060,07,2
15,20,28079004,08,55
15,20,28079008,08,67
15,20,28079011,08,77
15,20,28079016,08,50
15,20,28079017,08,34
15,20,28079018,08,30
15,20,28079024,08,8
15,20,28079027,08,16
15,20,28079035,08,38
15,20,28079036,08,44
15,20,28079038,08,55
15,20,28079039,08,49
15,20,28079040,08,41
15,20,28079047,08,30
15,20,28079048,08,55
15,20,28079049,08,33
15,20,28079050,08,61
15,20,28079054,08,24
15,20,28079055,08,25
15,20,28079056,08,47
15,20,28079057,08,33
15,20,28079058,08,8
15,20,28079059,08,17
15,20,28079060,08,25
15,20,28079008,09,10
15,20,28079024,09,4
15,20,28079038,09,7
15,20,28079047,09,6
15,20,28079048,09,7
15,20,28079050,09,10
15,20,28079008,10,9
15,20,28079018,10,8
15,20,28079024,10,5
15,20,28079036,10,10
15,20,28079038,10,10
15,20,28079040,10,9
15,20,28079047,10,7
15,20,28079048,10,13
15,20,28079050,10,23
15,20,28079055,10,9
15,20,28079057,10,11
15,20,28079060,10,6
15,20,28079008,14,13
15,20,28079016,14,27
15,20,28079017,14,41
15,20,28079018,14,40
15,20,28079024,14,60
15,20,28079027,14,58
15,20,28079035,14,33
15,20,28079039,14,34
15,20,28079049,14,38
15,20,28079054,14,43
15,20,28079056,14,35
15,20,28079058,14,58
15,20,28079059,14,38
15,20,28079060,14,49
15,20,28079008,20,7.4
15,20,28079011,20,6.6
15,20,28079018,20,0.4
15,20,28079024,20,0.4
15,20,28079038,20,4.5
15,20,28079055,20,0.7
15,20,28079008,30,2.3
15,20,28079011,30,3.1
15,20,28079018,30,0.2
15,20,28079024,30,0.4
15,20,28079038,30,1
15,20,28079055,30,0.2
15,20,28079008,35,1.8
15,20,28079011,35,1.1
15,20,28079018,35,1
15,20,28079024,35,0.4
15,20,28079038,35,0.8
15,20,28079055,35,1
15,20,28079024,42,1.32
15,20,28079027,42,1.2
15,20,28079055,42,1.42
15,20,28079024,44,0.24
15,20,28079027,44,0.12
15,20,28079055,44,0.12
15,21,28079004,01,6
15,21,28079008,01,5
15,21,28079017,01,3
15,21,28079018,01,2
15,21,28079024,01,1
15,21,28079035,01,5
15,21,28079036,01,3
15,21,28079038,01,5
15,21,28079040,01,5
15,21,28079057,01,4
15,21,28079004,06,0.3
15,21,28079008,06,0.4
15,21,28079016,06,0.4
15,21,28079018,06,0.3
15,21,28079024,06,0.2
15,21,28079035,06,0.4
15,21,28079036,06,0.3
15,21,28079039,06,0.3
15,21,28079056,06,0.2
15,21,28079057,06,0.3
15,21,28079004,07,8
15,21,28079008,07,23
15,21,28079011,07,26
15,21,28079016,07,10
15,21,28079017,07,9
15,21,28079018,07,2
15,21,28079024,07,1
15,21,28079027,07,2
15,21,28079035,07,17
15,21,28079036,07,11
15,21,28079038,07,26
15,21,28079039,07,12
15,21,28079040,07,7
15,21,28079047,07,2
15,21,28079048,07,17
15,21,28079049,07,1
15,21,28079050,07,53
15,21,28079054,07,4
15,21,28079055,07,3
15,21,28079056,07,11
15,21,28079057,07,8
15,21,28079058,07,2
15,21,28079059,07,3
15,21,28079060,07,2
15,21,28079004,08,37
15,21,28079008,08,51
15,21,28079011,08,72
15,21,28079016,08,48
15,21,28079017,08,34
15,21,28079018,08,20
15,21,28079024,08,8
15,21,28079027,08,16
15,21,28079035,08,42
15,21,28079036,08,37
15,21,28079038,08,49
15,21,28079039,08,43
15,21,28079040,08,36
15,21,28079047,08,25
15,21,28079048,08,45
15,21,28079049,08,24
15,21,28079050,08,61
15,21,28079054,08,23
15,21,28079055,08,25
15,21,28079056,08,36
15,21,28079057,08,33
15,21,28079058,08,7
15,21,28079059,08,18
15,21,28079060,08,25
15,21,28079008,09,7
15,21,28079024,09,3
15,21,28079038,09,5
15,21,28079047,09,5
15,21,28079048,09,3
15,21,28079050,09,10
15,21,28079008,10,6
15,21,28079018,10,6
15,21,28079024,10,4
15,21,28079036,10,6
15,21,28079038,10,7
15,21,28079040,10,8
15,21,28079047,10,6
15,21,28079048,10,6
15,21,28079050,10,20
15,21,28079055,10,7
15,21,28079057,10,8
15,21,28079060,10,4
15,21,28079008,14,23
15,21,28079016,14,29
15,21,28079017,14,41
15,21,28079018,14,47
15,21,28079024,14,60
15,21,28079027,14,59
15,21,28079035,14,31
15,21,28079039,14,38
15,21,28079049,14,46
15,21,28079054,14,43
15,21,28079056,14,42
15,21,28079058,14,59
15,21,28079059,14,39
15,21,28079060,14,48
15,21,28079008,20,6.4
15,21,28079011,20,5.8
15,21,28079018,20,0.6
15,21,28079024,20,0.3
15,21,28079038,20,2.8
15,21,28079055,20,0.5
15,21,28079008,30,2.1
15,21,28079011,30,2.9
15,21,28079018,30,0.2
15,21,28079024,30,0.4
15,21,28079038,30,0.9
15,21,28079055,30,0.2
15,21,28079008,35,1.6
15,21,28079011,35,0.8
15,21,28079018,35,1
15,21,28079024,35,0.4
15,21,28079038,35,0.5
15,21,28079055,35,1
15,21,28079024,42,1.32
15,21,28079027,42,1.2
15,21,28079055,42,1.42
15,21,28079024,44,0.24
15,21,28079027,44,0.12
15,21,28079055,44,0.12
15,22,28079004,01,5
15,22,28079008,01,5
15,22,28079017,01,3
15,22,28079018,01,2
15,22,28079024,01,1
15,22,28079035,01,4
15,22,28079036,01,2
15,22,28079038,01,4
15,22,28079040,01,5
15,22,28079057,01,4
15,22,28079004,06,0.3
15,22,28079008,06,0.4
15,22,28079016,06,0.4
15,22,28079018,06,0.3
15,22,28079024,06,0.2
15,22,28079035,06,0.4
15,22,28079036,06,0.3
15,22,28079039,06,0.3
15,22,28079056,06,0.2
15,22,28079057,06,0.3
15,22,28079004,07,5
15,22,28079008,07,25
15,22,28079011,07,10
15,22,28079016,07,10
15,22,28079017,07,4
15,22,28079018,07,1
15,22,28079024,07,1
15,22,28079027,07,2
15,22,28079035,07,10
15,22,28079036,07,11
15,22,28079038,07,18
15,22,28079039,07,11
15,22,28079040,07,3
15,22,28079047,07,2
15,22,28079048,07,13
15,22,28079049,07,1
15,22,28079050,07,30
15,22,28079054,07,4
15,22,28079055,07,2
15,22,28079056,07,7
15,22,28079057,07,4
15,22,28079058,07,2
15,22,28079059,07,2
15,22,28079060,07,1
15,22,28079004,08,30
15,22,28079008,08,46
15,22,28079011,08,50
15,22,28079016,08,48
15,22,28079017,08,19
15,22,28079018,08,17
15,22,28079024,08,3
15,22,28079027,08,13
15,22,28079035,08,34
15,22,28079036,08,30
15,22,28079038,08,39
15,22,28079039,08,38
15,22,28079040,08,24
15,22,28079047,08,22
15,22,28079048,08,40
15,22,28079049,08,21
15,22,28079050,08,44
15,22,28079054,08,16
15,22,28079055,08,22
15,22,28079056,08,31
15,22,28079057,08,20
15,22,28079058,08,3
15,22,28079059,08,14
15,22,28079060,08,15
15,22,28079008,09,7
15,22,28079024,09,2
15,22,28079038,09,3
15,22,28079047,09,4
15,22,28079048,09,3
15,22,28079050,09,7
15,22,28079008,10,6
15,22,28079018,10,5
15,22,28079024,10,3
15,22,28079036,10,3
15,22,28079038,10,6
15,22,28079040,10,5
15,22,28079047,10,4
15,22,28079048,10,5
15,22,28079050,10,12
15,22,28079055,10,5
15,22,28079057,10,5
15,22,28079060,10,3
15,22,28079008,14,27
15,22,28079016,14,29
15,22,28079017,14,51
15,22,28079018,14,51
15,22,28079024,14,66
15,22,28079027,14,61
15,22,28079035,14,38
15,22,28079039,14,42
15,22,28079049,14,49
15,22,28079054,14,51
15,22,28079056,14,46
15,22,28079058,14,63
15,22,28079059,14,44
15,22,28079060,14,58
15,22,28079008,20,4.3
15,22,28079011,20,6
15,22,28079018,20,0.4
15,22,28079024,20,0.3
15,22,28079038,20,2.9
15,22,28079055,20,0.6
15,22,28079008,30,1.4
15,22,28079011,30,2.9
15,22,28079018,30,0.2
15,22,28079024,30,0.5
15,22,28079038,30,0.9
15,22,28079055,30,0.2
15,22,28079008,35,1.1
15,22,28079011,35,0.9
15,22,28079018,35,1
15,22,28079024,35,0.3
15,22,28079038,35,0.6
15,22,28079055,35,1
15,22,28079024,42,1.32
15,22,28079027,42,1.2
15,22,28079055,42,1.43
15,22,28079024,44,0.24
15,22,28079027,44,0.12
15,22,28079055,44,0.13
15,23,28079004,01,5
15,23,28079008,01,4
15,23,28079017,01,3
15,23,28079018,01,2
15,23,28079024,01,1
15,23,28079035,01,4
15,23,28079036,01,2
15,23,28079038,01,3
15,23,28079040,01,4
15,23,28079057,01,4
15,23,28079004,06,0.3
15,23,28079008,06,0.3
15,23,28079016,06,0.3
15,23,28079018,06,0.2
15,23,28079024,06,0.2
15,23,28079035,06,0.3
15,23,28079036,06,0.2
15,23,28079039,06,0.2
15,23,28079056,06,0.2
15,23,28079057,06,0.3
15,23,28079004,07,3
15,23,28079008,07,10
15,23,28079011,07,7
15,23,28079016,07,4
15,23,28079017,07,4
15,23,28079018,07,1
15,23,28079024,07,1
15,23,28079027,07,1
15,23,28079035,07,7
15,23,28079036,07,2
15,23,28079038,07,7
15,23,28079039,07,6
15,23,28079040,07,3
15,23,28079047,07,1
15,23,28079048,07,6
15,23,28079049,07,1
15,23,28079050,07,35
15,23,28079054,07,3
15,23,28079055,07,1
15,23,28079056,07,13
15,23,28079057,07,2
15,23,28079058,07,2
15,23,28079059,07,2
15,23,28079060,07,2
15,23,28079004,08,21
15,23,28079008,08,33
15,23,28079011,08,43
15,23,28079016,08,28
15,23,28079017,08,18
15,23,28079018,08,15
15,23,28079024,08,2
15,23,28079027,08,13
15,23,28079035,08,26
15,23,28079036,08,14
15,23,28079038,08,21
15,23,28079039,08,27
15,23,28079040,08,24
15,23,28079047,08,16
15,23,28079048,08,21
15,23,28079049,08,16
15,23,28079050,08,42
15,23,28079054,08,11
15,23,28079055,08,17
15,23,28079056,08,35
15,23,28079057,08,18
15,23,28079058,08,2
15,23,28079059,08,9
15,23,28079060,08,12
15,23,28079008,09,5
15,23,28079024,09,3
15,23,28079038,09,2
15,23,28079047,09,3
15,23,28079048,09,1
15,23,28079050,09,5
15,23,28079008,10,3
15,23,28079018,10,6
15,23,28079024,10,3
15,23,28079036,10,2
15,23,28079038,10,8
15,23,28079040,10,5
15,23,28079047,10,4
15,23,28079048,10,4
15,23,28079050,10,9
15,23,28079055,10,4
15,23,28079057,10,5
15,23,28079060,10,4
15,23,28079008,14,36
15,23,28079016,14,42
15,23,28079017,14,50
15,23,28079018,14,52
15,23,28079024,14,67
15,23,28079027,14,60
15,23,28079035,14,45
15,23,28079039,14,49
15,23,28079049,14,54
15,23,28079054,14,55
15,23,28079056,14,44
15,23,28079058,14,65
15,23,28079059,14,48
15,23,28079060,14,59
15,23,28079008,20,3.9
15,23,28079011,20,4.2
15,23,28079018,20,0.3
15,23,28079024,20,0.2
15,23,28079038,20,2.4
15,23,28079055,20,0.5
15,23,28079008,30,1.2
15,23,28079011,30,2.1
15,23,28079018,30,0.1
15,23,28079024,30,0.4
15,23,28079038,30,0.6
15,23,28079055,30,0.2
15,23,28079008,35,1.1
15,23,28079011,35,0.4
15,23,28079018,35,1
15,23,28079024,35,0.3
15,23,28079038,35,0.5
15,23,28079055,35,1
15,23,28079024,42,1.32
15,23,28079027,42,1.2
15,23,28079055,42,1.43
15,23,28079024,44,0.24
15,23,28079027,44,0.12
15,23,28079055,44,0.13
15,24,28079004,01,4
15,24,28079008,01,4
15,24,28079017,01,3
15,24,28079018,01,2
15,24,28079024,01,1
15,24,28079035,01,4
15,24,28079036,01,2
15,24,28079038,01,4
15,24,28079040,01,4
15,24,28079057,01,4
15,24,28079004,06,0.3
15,24,28079008,06,0.3
15,24,28079016,06,0.3
15,24,28079018,06,0.2
15,24,28079024,06,0.2
15,24,28079035,06,0.3
15,24,28079036,06,0.3
15,24,28079039,06,0.2
15,24,28079056,06,0.2
15,24,28079057,06,0.2
15,24,28079004,07,5
15,24,28079008,07,13
15,24,28079011,07,35
15,24,28079016,07,2
15,24,28079017,07,2
15,24,28079018,07,1
15,24,28079024,07,1
15,24,28079027,07,1
15,24,28079035,07,6
15,24,28079036,07,3
15,24,28079038,07,8
15,24,28079039,07,2
15,24,28079040,07,2
15,24,28079047,07,1
15,24,28079048,07,7
15,24,28079049,07,1
15,24,28079050,07,24
15,24,28079054,07,3
15,24,28079055,07,1
15,24,28079056,07,8
15,24,28079057,07,1
15,24,28079058,07,2
15,24,28079059,07,2
15,24,28079060,07,1
15,24,28079004,08,29
15,24,28079008,08,33
15,24,28079011,08,63
15,24,28079016,08,23
15,24,28079017,08,17
15,24,28079018,08,17
15,24,28079024,08,2
15,24,28079027,08,9
15,24,28079035,08,24
15,24,28079036,08,13
15,24,28079038,08,22
15,24,28079039,08,17
15,24,28079040,08,26
15,24,28079047,08,14
15,24,28079048,08,24
15,24,28079049,08,13
15,24,28079050,08,29
15,24,28079054,08,14
15,24,28079055,08,13
15,24,28079056,08,31
15,24,28079057,08,11
15,24,28079058,08,2
15,24,28079059,08,8
15,24,28079060,08,11
15,24,28079008,09,4
15,24,28079024,09,3
15,24,28079038,09,3
15,24,28079047,09,3
15,24,28079048,09,1
15,24,28079050,09,6
15,24,28079008,10,3
15,24,28079018,10,4
15,24,28079024,10,3
15,24,28079036,10,3
15,24,28079038,10,4
15,24,28079040,10,5
15,24,28079047,10,4
15,24,28079048,10,2
15,24,28079050,10,13
15,24,28079055,10,3
15,24,28079057,10,3
15,24,28079060,10,4
15,24,28079008,14,39
15,24,28079016,14,45
15,24,28079017,14,50
15,24,28079018,14,50
15,24,28079024,14,65
15,24,28079027,14,64
15,24,28079035,14,46
15,24,28079039,14,58
15,24,28079049,14,57
15,24,28079054,14,52
15,24,28079056,14,45
15,24,28079058,14,66
15,24,28079059,14,50
15,24,28079060,14,60
15,24,28079008,20,4.1
15,24,28079011,20,6.9
15,24,28079018,20,0.3
15,24,28079024,20,0.2
15,24,28079038,20,1.3
15,24,28079055,20,0.4
15,24,28079008,30,0.9
15,24,28079011,30,3.1
15,24,28079018,30,0.1
15,24,28079024,30,0.4
15,24,28079038,30,0.4
15,24,28079055,30,0.2
15,24,28079008,35,0.8
15,24,28079011,35,1.4
15,24,28079018,35,1
15,24,28079024,35,0.3
15,24,28079038,35,0.3
15,24,28079055,35,1
15,24,28079024,42,1.32
15,24,28079027,42,1.21
15,24,28079055,42,1.42
15,24,28079024,44,0.25
15,24,28079027,44,0.13
15,24,28079055,44,0.12
15,3,28079004,01,3
15,3,28079008,01,3
15,3,28079017,01,3
15,3,28079018,01,2
15,3,28079024,01,1
15,3,28079035,01,3
15,3,28079036,01,1
15,3,28079038,01,3
15,3,28079040,01,3
15,3,28079057,01,3
15,3,28079004,06,0.2
15,3,28079008,06,0.2
15,3,28079016,06,0.2
15,3,28079018,06,0.2
15,3,28079024,06,0.2
15,3,28079035,06,0.2
15,3,28079036,06,0.2
15,3,28079039,06,0.1
15,3,28079056,06,0.1
15,3,28079004,07,1
15,3,28079008,07,5
15,3,28079011,07,3
15,3,28079016,07,1
15,3,28079017,07,1
15,3,28079018,07,1
15,3,28079024,07,1
15,3,28079027,07,1
15,3,28079035,07,2
15,3,28079036,07,1
15,3,28079038,07,1
15,3,28079039,07,3
15,3,28079040,07,1
15,3,28079047,07,1
15,3,28079048,07,1
15,3,28079049,07,1
15,3,28079050,07,4
15,3,28079054,07,3
15,3,28079055,07,1
15,3,28079056,07,3
15,3,28079058,07,2
15,3,28079059,07,2
15,3,28079060,07,1
15,3,28079004,08,14
15,3,28079008,08,20
15,3,28079011,08,14
15,3,28079016,08,9
15,3,28079017,08,7
15,3,28079018,08,9
15,3,28079024,08,2
15,3,28079027,08,7
15,3,28079035,08,12
15,3,28079036,08,5
15,3,28079038,08,9
15,3,28079039,08,8
15,3,28079040,08,12
15,3,28079047,08,8
15,3,28079048,08,10
15,3,28079049,08,12
15,3,28079050,08,13
15,3,28079054,08,9
15,3,28079055,08,17
15,3,28079056,08,19
15,3,28079058,08,2
15,3,28079059,08,4
15,3,28079060,08,6
15,3,28079008,09,4
15,3,28079024,09,3
15,3,28079038,09,4
15,3,28079047,09,4
15,3,28079048,09,3
15,3,28079050,09,5
15,3,28079008,10,3
15,3,28079018,10,4
15,3,28079024,10,3
15,3,28079036,10,4
15,3,28079038,10,3
15,3,28079040,10,4
15,3,28079047,10,4
15,3,28079048,10,4
15,3,28079050,10,6
15,3,28079055,10,5
15,3,28079057,10,4
15,3,28079060,10,2
15,3,28079008,14,36
15,3,28079016,14,50
15,3,28079017,14,51
15,3,28079018,14,48
15,3,28079024,14,61
15,3,28079027,14,57
15,3,28079035,14,49
15,3,28079039,14,57
15,3,28079049,14,43
15,3,28079054,14,48
15,3,28079056,14,43
15,3,28079058,14,60
15,3,28079059,14,48
15,3,28079060,14,57
15,3,28079008,20,4
15,3,28079011,20,1.6
15,3,28079018,20,0.2
15,3,28079024,20,0.3
15,3,28079038,20,0.4
15,3,28079055,20,0.6
15,3,28079008,30,0.3
15,3,28079011,30,1.1
15,3,28079018,30,0.2
15,3,28079024,30,0.4
15,3,28079038,30,0.2
15,3,28079055,30,0.2
15,3,28079008,35,0.6
15,3,28079011,35,1
15,3,28079018,35,1
15,3,28079024,35,0.3
15,3,28079038,35,1
15,3,28079055,35,1
15,3,28079024,42,1.34
15,3,28079027,42,1.22
15,3,28079055,42,1.52
15,3,28079024,44,0.25
15,3,28079027,44,0.13
15,3,28079055,44,0.18
15,4,28079004,01,3
15,4,28079008,01,3
15,4,28079017,01,3
15,4,28079018,01,2
15,4,28079024,01,1
15,4,28079035,01,3
15,4,28079036,01,1
15,4,28079038,01,3
15,4,28079040,01,3
15,4,28079057,01,3
15,4,28079004,06,0.2
15,4,28079008,06,0.2
15,4,28079016,06,0.2
15,4,28079018,06,0.2
15,4,28079024,06,0.2
15,4,28079035,06,0.2
15,4,28079036,06,0.2
15,4,28079039,06,0.1
15,4,28079056,06,0.1
15,4,28079004,07,1
15,4,28079008,07,4
15,4,28079011,07,1
15,4,28079016,07,1
15,4,28079017,07,1
15,4,28079018,07,1
15,4,28079024,07,1
15,4,28079027,07,1
15,4,28079035,07,3
15,4,28079036,07,1
15,4,28079038,07,3
15,4,28079039,07,1
15,4,28079040,07,2
15,4,28079047,07,1
15,4,28079048,07,1
15,4,28079049,07,1
15,4,28079050,07,1
15,4,28079054,07,3
15,4,28079055,07,1
15,4,28079056,07,1
15,4,28079058,07,2
15,4,28079059,07,1
15,4,28079060,07,1
15,4,28079004,08,11
15,4,28079008,08,17
15,4,28079011,08,10
15,4,28079016,08,11
15,4,28079017,08,6
15,4,28079018,08,7
15,4,28079024,08,2
15,4,28079027,08,5
15,4,28079035,08,10
15,4,28079036,08,4
15,4,28079038,08,13
15,4,28079039,08,6
15,4,28079040,08,10
15,4,28079047,08,7
15,4,28079048,08,9
15,4,28079049,08,10
15,4,28079050,08,8
15,4,28079054,08,13
15,4,28079055,08,6
15,4,28079056,08,10
15,4,28079058,08,2
15,4,28079059,08,3
15,4,28079060,08,5
15,4,28079008,09,4
15,4,28079024,09,4
15,4,28079038,09,5
15,4,28079047,09,3
15,4,28079048,09,4
15,4,28079050,09,5
15,4,28079008,10,3
15,4,28079018,10,4
15,4,28079024,10,4
15,4,28079036,10,3
15,4,28079038,10,4
15,4,28079040,10,4
15,4,28079047,10,3
15,4,28079048,10,6
15,4,28079050,10,6
15,4,28079055,10,5
15,4,28079057,10,5
15,4,28079060,10,4
15,4,28079008,14,41
15,4,28079016,14,48
15,4,28079017,14,53
15,4,28079018,14,51
15,4,28079024,14,58
15,4,28079027,14,61
15,4,28079035,14,51
15,4,28079039,14,60
15,4,28079049,14,49
15,4,28079054,14,36
15,4,28079056,14,31
15,4,28079058,14,61
15,4,28079059,14,50
15,4,28079060,14,58
15,4,28079008,20,4.6
15,4,28079011,20,1.3
15,4,28079018,20,0.3
15,4,28079024,20,0.3
15,4,28079038,20,0.4
15,4,28079055,20,0.5
15,4,28079008,30,0.4
15,4,28079011,30,0.9
15,4,28079018,30,0.2
15,4,28079024,30,0.5
15,4,28079038,30,0.2
15,4,28079055,30,0.1
15,4,28079008,35,1
15,4,28079011,35,1
15,4,28079018,35,1
15,4,28079024,35,0.3
15,4,28079038,35,1
15,4,28079055,35,1
15,4,28079024,42,1.34
15,4,28079027,42,1.21
15,4,28079055,42,1.42
15,4,28079024,44,0.25
15,4,28079027,44,0.12
15,4,28079055,44,0.12
15,5,28079004,01,3
15,5,28079008,01,3
15,5,28079017,01,3
15,5,28079018,01,2
15,5,28079024,01,1
15,5,28079035,01,3
15,5,28079036,01,1
15,5,28079038,01,3
15,5,28079040,01,3
15,5,28079057,01,2
15,5,28079004,06,0.2
15,5,28079008,06,0.2
15,5,28079016,06,0.2
15,5,28079018,06,0.2
15,5,28079024,06,0.2
15,5,28079035,06,0.2
15,5,28079036,06,0.2
15,5,28079039,06,0.1
15,5,28079056,06,0.1
15,5,28079004,07,1
15,5,28079008,07,5
15,5,28079011,07,1
15,5,28079016,07,1
15,5,28079017,07,1
15,5,28079018,07,1
15,5,28079024,07,1
15,5,28079027,07,1
15,5,28079035,07,3
15,5,28079036,07,1
15,5,28079038,07,1
15,5,28079039,07,1
15,5,28079040,07,1
15,5,28079047,07,1
15,5,28079048,07,1
15,5,28079049,07,1
15,5,28079050,07,2
15,5,28079054,07,3
15,5,28079055,07,1
15,5,28079056,07,2
15,5,28079058,07,2
15,5,28079059,07,1
15,5,28079060,07,1
15,5,28079004,08,9
15,5,28079008,08,15
15,5,28079011,08,10
15,5,28079016,08,9
15,5,28079017,08,7
15,5,28079018,08,6
15,5,28079024,08,1
15,5,28079027,08,4
15,5,28079035,08,10
15,5,28079036,08,3
15,5,28079038,08,9
15,5,28079039,08,6
15,5,28079040,08,10
15,5,28079047,08,6
15,5,28079048,08,9
15,5,28079049,08,8
15,5,28079050,08,9
15,5,28079054,08,9
15,5,28079055,08,5
15,5,28079056,08,13
15,5,28079058,08,2
15,5,28079059,08,2
15,5,28079060,08,6
15,5,28079008,09,4
15,5,28079024,09,3
15,5,28079038,09,3
15,5,28079047,09,3
15,5,28079048,09,2
15,5,28079050,09,4
15,5,28079008,10,3
15,5,28079018,10,3
15,5,28079024,10,3
15,5,28079036,10,3
15,5,28079038,10,3
15,5,28079040,10,3
15,5,28079047,10,3
15,5,28079048,10,3
15,5,28079050,10,5
15,5,28079055,10,2
15,5,28079057,10,3
15,5,28079060,10,3
15,5,28079008,14,45
15,5,28079016,14,50
15,5,28079017,14,55
15,5,28079018,14,54
15,5,28079024,14,63
15,5,28079027,14,63
15,5,28079035,14,53
15,5,28079039,14,61
15,5,28079049,14,54
15,5,28079054,14,50
15,5,28079056,14,52
15,5,28079058,14,62
15,5,28079059,14,51
15,5,28079060,14,58
15,5,28079008,20,2.9
15,5,28079011,20,1.5
15,5,28079018,20,0.2
15,5,28079024,20,0.3
15,5,28079038,20,0.5
15,5,28079055,20,0.1
15,5,28079008,30,0.3
15,5,28079011,30,1
15,5,28079018,30,0.2
15,5,28079024,30,0.4
15,5,28079038,30,0.3
15,5,28079055,30,0.2
15,5,28079008,35,0.5
15,5,28079011,35,0.9
15,5,28079018,35,1
15,5,28079024,35,0.3
15,5,28079038,35,1
15,5,28079055,35,1
15,5,28079024,42,1.33
15,5,28079027,42,1.21
15,5,28079055,42,1.42
15,5,28079024,44,0.25
15,5,28079027,44,0.13
15,5,28079055,44,0.12
15,6,28079004,01,3
15,6,28079008,01,3
15,6,28079017,01,3
15,6,28079018,01,2
15,6,28079024,01,1
15,6,28079035,01,3
15,6,28079036,01,1
15,6,28079038,01,3
15,6,28079040,01,3
15,6,28079057,01,2
15,6,28079004,06,0.2
15,6,28079008,06,0.2
15,6,28079016,06,0.2
15,6,28079018,06,0.2
15,6,28079024,06,0.2
15,6,28079035,06,0.2
15,6,28079036,06,0.2
15,6,28079039,06,0.1
15,6,28079056,06,0.1
15,6,28079004,07,1
15,6,28079008,07,5
15,6,28079011,07,1
15,6,28079016,07,1
15,6,28079017,07,2
15,6,28079018,07,1
15,6,28079024,07,1
15,6,28079027,07,1
15,6,28079035,07,4
15,6,28079036,07,1
15,6,28079038,07,1
15,6,28079039,07,1
15,6,28079040,07,1
15,6,28079047,07,1
15,6,28079048,07,1
15,6,28079049,07,1
15,6,28079050,07,5
15,6,28079054,07,3
15,6,28079055,07,1
15,6,28079056,07,1
15,6,28079058,07,2
15,6,28079059,07,2
15,6,28079060,07,1
15,6,28079004,08,14
15,6,28079008,08,21
15,6,28079011,08,11
15,6,28079016,08,10
15,6,28079017,08,13
15,6,28079018,08,6
15,6,28079024,08,2
15,6,28079027,08,5
15,6,28079035,08,18
15,6,28079036,08,3
15,6,28079038,08,10
15,6,28079039,08,7
15,6,28079040,08,10
15,6,28079047,08,7
15,6,28079048,08,11
15,6,28079049,08,8
15,6,28079050,08,12
15,6,28079054,08,16
15,6,28079055,08,6
15,6,28079056,08,10
15,6,28079058,08,2
15,6,28079059,08,3
15,6,28079060,08,7
15,6,28079008,09,3
15,6,28079024,09,3
15,6,28079038,09,2
15,6,28079047,09,2
15,6,28079048,09,1
15,6,28079050,09,4
15,6,28079008,10,2
15,6,28079018,10,3
15,6,28079024,10,3
15,6,28079036,10,3
15,6,28079038,10,2
15,6,28079040,10,3
15,6,28079047,10,3
15,6,28079048,10,4
15,6,28079050,10,5
15,6,28079055,10,3
15,6,28079057,10,2
15,6,28079060,10,3
15,6,28079008,14,41
15,6,28079016,14,50
15,6,28079017,14,50
15,6,28079018,14,55
15,6,28079024,14,63
15,6,28079027,14,61
15,6,28079035,14,47
15,6,28079039,14,60
15,6,28079049,14,54
15,6,28079054,14,46
15,6,28079056,14,57
15,6,28079058,14,63
15,6,28079059,14,51
15,6,28079060,14,58
15,6,28079008,20,2.4
15,6,28079011,20,1.9
15,6,28079018,20,0.2
15,6,28079024,20,0.3
15,6,28079038,20,0.3
15,6,28079055,20,0.6
15,6,28079008,30,0.3
15,6,28079011,30,1.1
15,6,28079018,30,0.2
15,6,28079024,30,0.4
15,6,28079038,30,0.2
15,6,28079055,30,0.1
15,6,28079008,35,0.7
15,6,28079011,35,1
15,6,28079018,35,1
15,6,28079024,35,0.3
15,6,28079038,35,1
15,6,28079055,35,1
15,6,28079024,42,1.33
15,6,28079027,42,1.21
15,6,28079055,42,1.42
15,6,28079024,44,0.25
15,6,28079027,44,0.12
15,6,28079055,44,0.12
15,7,28079004,01,3
15,7,28079008,01,3
15,7,28079017,01,3
15,7,28079018,01,2
15,7,28079024,01,1
15,7,28079035,01,3
15,7,28079036,01,1
15,7,28079038,01,4
15,7,28079040,01,3
15,7,28079057,01,1
15,7,28079004,06,0.3
15,7,28079008,06,0.3
15,7,28079016,06,0.2
15,7,28079018,06,0.3
15,7,28079024,06,0.2
15,7,28079035,06,0.3
15,7,28079036,06,0.2
15,7,28079039,06,0.2
15,7,28079056,06,0.2
15,7,28079004,07,16
15,7,28079008,07,12
15,7,28079011,07,1
15,7,28079016,07,2
15,7,28079017,07,5
15,7,28079018,07,1
15,7,28079024,07,1
15,7,28079027,07,2
15,7,28079035,07,15
15,7,28079036,07,3
15,7,28079038,07,3
15,7,28079039,07,4
15,7,28079040,07,7
15,7,28079047,07,1
15,7,28079048,07,4
15,7,28079049,07,1
15,7,28079050,07,26
15,7,28079054,07,5
15,7,28079055,07,1
15,7,28079056,07,17
15,7,28079058,07,4
15,7,28079059,07,2
15,7,28079060,07,1
15,7,28079004,08,39
15,7,28079008,08,35
15,7,28079011,08,23
15,7,28079016,08,19
15,7,28079017,08,25
15,7,28079018,08,15
15,7,28079024,08,2
15,7,28079027,08,9
15,7,28079035,08,31
15,7,28079036,08,11
15,7,28079038,08,22
15,7,28079039,08,19
15,7,28079040,08,31
15,7,28079047,08,18
15,7,28079048,08,26
15,7,28079049,08,13
15,7,28079050,08,35
15,7,28079054,08,32
15,7,28079055,08,10
15,7,28079056,08,42
15,7,28079058,08,3
15,7,28079059,08,8
15,7,28079060,08,11
15,7,28079008,09,4
15,7,28079024,09,3
15,7,28079038,09,2
15,7,28079047,09,4
15,7,28079048,09,2
15,7,28079050,09,6
15,7,28079008,10,3
15,7,28079018,10,4
15,7,28079024,10,3
15,7,28079036,10,2
15,7,28079038,10,3
15,7,28079040,10,5
15,7,28079047,10,4
15,7,28079048,10,3
15,7,28079050,10,9
15,7,28079055,10,3
15,7,28079057,10,5
15,7,28079060,10,3
15,7,28079008,14,30
15,7,28079016,14,45
15,7,28079017,14,43
15,7,28079018,14,48
15,7,28079024,14,64
15,7,28079027,14,60
15,7,28079035,14,25
15,7,28079039,14,53
15,7,28079049,14,47
15,7,28079054,14,35
15,7,28079056,14,34
15,7,28079058,14,62
15,7,28079059,14,46
15,7,28079060,14,56
15,7,28079008,20,2
15,7,28079011,20,1.5
15,7,28079018,20,0.2
15,7,28079024,20,0.3
15,7,28079038,20,0.4
15,7,28079055,20,0.7
15,7,28079008,30,0.4
15,7,28079011,30,0.9
15,7,28079018,30,0.2
15,7,28079024,30,0.4
15,7,28079038,30,0.2
15,7,28079055,30,0.2
15,7,28079008,35,0.5
15,7,28079011,35,0.9
15,7,28079018,35,1
15,7,28079024,35,0.3
15,7,28079038,35,1
15,7,28079055,35,1
15,7,28079024,42,1.33
15,7,28079027,42,1.21
15,7,28079055,42,1.42
15,7,28079024,44,0.25
15,7,28079027,44,0.13
15,7,28079055,44,0.12
15,8,28079004,01,4
15,8,28079008,01,5
15,8,28079017,01,3
15,8,28079018,01,2
15,8,28079024,01,1
15,8,28079035,01,4
15,8,28079036,01,1
15,8,28079038,01,6
15,8,28079040,01,3
15,8,28079057,01,1
15,8,28079004,06,0.3
15,8,28079008,06,0.5
15,8,28079016,06,0.4
15,8,28079018,06,0.3
15,8,28079024,06,0.2
15,8,28079035,06,0.3
15,8,28079036,06,0.3
15,8,28079039,06,0.2
15,8,28079056,06,0.2
15,8,28079004,07,28
15,8,28079008,07,63
15,8,28079011,07,11
15,8,28079016,07,10
15,8,28079017,07,12
15,8,28079018,07,2
15,8,28079024,07,1
15,8,28079027,07,3
15,8,28079035,07,11
15,8,28079036,07,12
15,8,28079038,07,33
15,8,28079039,07,12
15,8,28079040,07,11
15,8,28079047,07,5
15,8,28079048,07,23
15,8,28079049,07,2
15,8,28079050,07,70
15,8,28079054,07,8
15,8,28079055,07,4
15,8,28079056,07,16
15,8,28079058,07,4
15,8,28079059,07,6
15,8,28079060,07,5
15,8,28079004,08,60
15,8,28079008,08,70
15,8,28079011,08,46
15,8,28079016,08,48
15,8,28079017,08,45
15,8,28079018,08,30
15,8,28079024,08,4
15,8,28079027,08,21
15,8,28079035,08,48
15,8,28079036,08,32
15,8,28079038,08,66
15,8,28079039,08,37
15,8,28079040,08,53
15,8,28079047,08,43
15,8,28079048,08,56
15,8,28079049,08,35
15,8,28079050,08,66
15,8,28079054,08,39
15,8,28079055,08,22
15,8,28079056,08,49
15,8,28079058,08,7
15,8,28079059,08,17
15,8,28079060,08,27
15,8,28079008,09,9
15,8,28079024,09,3
15,8,28079038,09,6
15,8,28079047,09,5
15,8,28079048,09,4
15,8,28079050,09,9
15,8,28079008,10,6
15,8,28079018,10,6
15,8,28079024,10,3
15,8,28079036,10,3
15,8,28079038,10,8
15,8,28079040,10,8
15,8,28079047,10,6
15,8,28079048,10,7
15,8,28079050,10,18
15,8,28079055,10,4
15,8,28079057,10,8
15,8,28079060,10,2
15,8,28079008,14,11
15,8,28079016,14,27
15,8,28079017,14,28
15,8,28079018,14,36
15,8,28079024,14,38
15,8,28079027,14,51
15,8,28079035,14,22
15,8,28079039,14,40
15,8,28079049,14,33
15,8,28079054,14,29
15,8,28079056,14,30
15,8,28079058,14,60
15,8,28079059,14,38
15,8,28079060,14,43
15,8,28079008,20,3
15,8,28079011,20,1.5
15,8,28079018,20,0.3
15,8,28079024,20,0.2
15,8,28079038,20,1.9
15,8,28079055,20,0.3
15,8,28079008,30,1
15,8,28079011,30,1
15,8,28079018,30,0.1
15,8,28079024,30,0.4
15,8,28079038,30,0.6
15,8,28079055,30,0.2
15,8,28079008,35,0.5
15,8,28079011,35,1
15,8,28079018,35,1
15,8,28079024,35,0.3
15,8,28079038,35,0.4
15,8,28079055,35,1
15,8,28079024,42,1.33
15,8,28079027,42,1.21
15,8,28079055,42,1.43
15,8,28079024,44,0.25
15,8,28079027,44,0.13
15,8,28079055,44,0.13
15,9,28079004,01,4
15,9,28079008,01,7
15,9,28079017,01,4
15,9,28079018,01,3
15,9,28079024,01,1
15,9,28079035,01,5
15,9,28079036,01,2
15,9,28079038,01,6
15,9,28079040,01,4
15,9,28079057,01,1
15,9,28079004,06,0.3
15,9,28079008,06,0.6
15,9,28079016,06,0.5
15,9,28079018,06,0.4
15,9,28079024,06,0.2
15,9,28079035,06,0.4
15,9,28079036,06,0.4
15,9,28079039,06,0.4
15,9,28079056,06,0.3
15,9,28079004,07,17
15,9,28079008,07,85
15,9,28079011,07,60
15,9,28079016,07,22
15,9,28079017,07,44
15,9,28079018,07,27
15,9,28079024,07,1
15,9,28079027,07,4
15,9,28079035,07,25
15,9,28079036,07,19
15,9,28079038,07,41
15,9,28079039,07,33
15,9,28079040,07,11
15,9,28079047,07,7
15,9,28079048,07,38
15,9,28079049,07,5
15,9,28079050,07,95
15,9,28079054,07,5
15,9,28079055,07,10
15,9,28079056,07,18
15,9,28079058,07,5
15,9,28079059,07,10
15,9,28079060,07,12
15,9,28079004,08,53
15,9,28079008,08,80
15,9,28079011,08,86
15,9,28079016,08,71
15,9,28079017,08,62
15,9,28079018,08,57
15,9,28079024,08,13
15,9,28079027,08,29
15,9,28079035,08,61
15,9,28079036,08,44
15,9,28079038,08,75
15,9,28079039,08,68
15,9,28079040,08,58
15,9,28079047,08,52
15,9,28079048,08,65
15,9,28079049,08,46
15,9,28079050,08,91
15,9,28079054,08,42
15,9,28079055,08,36
15,9,28079056,08,52
15,9,28079058,08,12
15,9,28079059,08,28
15,9,28079060,08,41
15,9,28079008,09,11
15,9,28079024,09,3
15,9,28079038,09,6
15,9,28079047,09,5
15,9,28079048,09,3
15,9,28079050,09,12
15,9,28079008,10,10
15,9,28079018,10,10
15,9,28079024,10,4
15,9,28079036,10,5
15,9,28079038,10,11
15,9,28079040,10,9
15,9,28079047,10,8
15,9,28079048,10,8
15,9,28079050,10,25
15,9,28079055,10,6
15,9,28079057,10,8
15,9,28079060,10,3
15,9,28079008,14,9
15,9,28079016,14,14
15,9,28079017,14,21
15,9,28079018,14,21
15,9,28079024,14,54
15,9,28079027,14,47
15,9,28079035,14,14
15,9,28079039,14,20
15,9,28079049,14,26
15,9,28079054,14,28
15,9,28079056,14,29
15,9,28079058,14,56
15,9,28079059,14,29
15,9,28079060,14,36
15,9,28079008,20,5.8
15,9,28079011,20,3.7
15,9,28079018,20,0.6
15,9,28079024,20,0.3
15,9,28079038,20,2.3
15,9,28079055,20,0.8
15,9,28079008,30,2
15,9,28079011,30,2.2
15,9,28079018,30,0.3
15,9,28079024,30,0.4
15,9,28079038,30,0.8
15,9,28079055,30,0.4
15,9,28079008,35,1.4
15,9,28079011,35,0.8
15,9,28079018,35,1
15,9,28079024,35,0.3
15,9,28079038,35,0.5
15,9,28079055,35,1
15,9,28079024,42,1.33
15,9,28079027,42,1.22
15,9,28079055,42,1.45
15,9,28079024,44,0.25
15,9,28079027,44,0.13
15,9,28079055,44,0.15
16,1,28079004,01,3
16,1,28079008,01,3
16,1,28079017,01,3
16,1,28079018,01,2
16,1,28079024,01,1
16,1,28079035,01,4
16,1,28079036,01,1
16,1,28079038,01,4
16,1,28079040,01,4
16,1,28079057,01,4
16,1,28079004,06,0.3
16,1,28079008,06,0.3
16,1,28079016,06,0.2
16,1,28079018,06,0.2
16,1,28079024,06,0.2
16,1,28079035,06,0.2
16,1,28079036,06,0.2
16,1,28079039,06,0.2
16,1,28079056,06,0.2
16,1,28079057,06,0.2
16,1,28079004,07,3
16,1,28079008,07,10
16,1,28079011,07,1
16,1,28079016,07,1
16,1,28079017,07,1
16,1,28079018,07,1
16,1,28079024,07,1
16,1,28079027,07,1
16,1,28079035,07,3
16,1,28079036,07,1
16,1,28079038,07,9
16,1,28079039,07,1
16,1,28079040,07,1
16,1,28079047,07,1
16,1,28079048,07,2
16,1,28079049,07,1
16,1,28079050,07,7
16,1,28079054,07,3
16,1,28079055,07,1
16,1,28079056,07,2
16,1,28079057,07,1
16,1,28079058,07,2
16,1,28079059,07,2
16,1,28079060,07,1
16,1,28079004,08,21
16,1,28079008,08,26
16,1,28079011,08,21
16,1,28079016,08,14
16,1,28079017,08,11
16,1,28079018,08,10
16,1,28079024,08,2
16,1,28079027,08,6
16,1,28079035,08,15
16,1,28079036,08,5
16,1,28079038,08,19
16,1,28079039,08,13
16,1,28079040,08,13
16,1,28079047,08,11
16,1,28079048,08,17
16,1,28079049,08,8
16,1,28079050,08,14
16,1,28079054,08,9
16,1,28079055,08,10
16,1,28079056,08,19
16,1,28079057,08,8
16,1,28079058,08,2
16,1,28079059,08,6
16,1,28079060,08,8
16,1,28079008,09,5
16,1,28079024,09,3
16,1,28079038,09,2
16,1,28079047,09,3
16,1,28079048,09,3
16,1,28079050,09,4
16,1,28079008,10,4
16,1,28079018,10,3
16,1,28079024,10,3
16,1,28079036,10,2
16,1,28079038,10,3
16,1,28079040,10,4
16,1,28079047,10,4
16,1,28079048,10,8
16,1,28079050,10,6
16,1,28079055,10,4
16,1,28079057,10,3
16,1,28079060,10,3
16,1,28079008,14,43
16,1,28079016,14,51
16,1,28079017,14,55
16,1,28079018,14,54
16,1,28079024,14,65
16,1,28079027,14,66
16,1,28079035,14,55
16,1,28079039,14,60
16,1,28079049,14,61
16,1,28079054,14,56
16,1,28079056,14,52
16,1,28079058,14,66
16,1,28079059,14,53
16,1,28079060,14,62
16,1,28079008,20,4.4
16,1,28079011,20,4
16,1,28079018,20,0.2
16,1,28079024,20,0.5
16,1,28079038,20,1.3
16,1,28079055,20,0.3
16,1,28079008,30,0.8
16,1,28079011,30,1.9
16,1,28079018,30,0.1
16,1,28079024,30,0.4
16,1,28079038,30,0.4
16,1,28079055,30,0.1
16,1,28079008,35,0.7
16,1,28079011,35,0.3
16,1,28079018,35,1
16,1,28079024,35,0.3
16,1,28079038,35,0.3
16,1,28079055,35,1
16,1,28079024,42,1.33
16,1,28079027,42,1.2
16,1,28079055,42,1.42
16,1,28079024,44,0.25
16,1,28079027,44,0.12
16,1,28079055,44,0.12
16,10,28079004,01,3
16,10,28079008,01,6
16,10,28079017,01,3
16,10,28079018,01,2
16,10,28079024,01,1
16,10,28079035,01,4
16,10,28079036,01,1
16,10,28079038,01,3
16,10,28079040,01,3
16,10,28079057,01,4
16,10,28079004,06,0.3
16,10,28079008,06,0.6
16,10,28079016,06,0.5
16,10,28079018,06,0.4
16,10,28079024,06,0.2
16,10,28079035,06,0.3
16,10,28079036,06,0.4
16,10,28079039,06,0.3
16,10,28079056,06,0.3
16,10,28079057,06,0.4
16,10,28079004,07,18
16,10,28079008,07,89
16,10,28079011,07,8
16,10,28079016,07,40
16,10,28079017,07,23
16,10,28079018,07,7
16,10,28079024,07,1
16,10,28079027,07,24
16,10,28079035,07,20
16,10,28079036,07,23
16,10,28079038,07,28
16,10,28079039,07,29
16,10,28079040,07,15
16,10,28079047,07,10
16,10,28079048,07,37
16,10,28079049,07,13
16,10,28079050,07,57
16,10,28079054,07,8
16,10,28079055,07,37
16,10,28079056,07,19
16,10,28079057,07,14
16,10,28079058,07,6
16,10,28079059,07,16
16,10,28079060,07,9
16,10,28079004,08,54
16,10,28079008,08,72
16,10,28079011,08,52
16,10,28079016,08,69
16,10,28079017,08,42
16,10,28079018,08,43
16,10,28079024,08,16
16,10,28079027,08,67
16,10,28079035,08,48
16,10,28079036,08,45
16,10,28079038,08,47
16,10,28079039,08,55
16,10,28079040,08,44
16,10,28079047,08,48
16,10,28079048,08,54
16,10,28079049,08,55
16,10,28079050,08,64
16,10,28079054,08,31
16,10,28079055,08,70
16,10,28079056,08,56
16,10,28079057,08,49
16,10,28079058,08,16
16,10,28079059,08,40
16,10,28079060,08,42
16,10,28079008,09,15
16,10,28079024,09,7
16,10,28079038,09,11
16,10,28079047,09,8
16,10,28079048,09,12
16,10,28079050,09,13
16,10,28079008,10,13
16,10,28079018,10,10
16,10,28079024,10,7
16,10,28079036,10,12
16,10,28079038,10,10
16,10,28079040,10,11
16,10,28079047,10,10
16,10,28079048,10,22
16,10,28079050,10,22
16,10,28079055,10,17
16,10,28079057,10,11
16,10,28079060,10,13
16,10,28079008,14,10
16,10,28079016,14,10
16,10,28079017,14,24
16,10,28079018,14,19
16,10,28079024,14,39
16,10,28079027,14,13
16,10,28079035,14,15
16,10,28079039,14,17
16,10,28079049,14,12
16,10,28079054,14,28
16,10,28079056,14,17
16,10,28079058,14,43
16,10,28079059,14,15
16,10,28079060,14,23
16,10,28079008,20,18.7
16,10,28079011,20,4.7
16,10,28079018,20,0.7
16,10,28079024,20,0.6
16,10,28079038,20,2.7
16,10,28079055,20,2.8
16,10,28079008,30,3.1
16,10,28079011,30,2.5
16,10,28079018,30,0.2
16,10,28079024,30,0.6
16,10,28079038,30,0.9
16,10,28079055,30,0.8
16,10,28079008,35,5
16,10,28079011,35,0.3
16,10,28079018,35,1
16,10,28079024,35,0.3
16,10,28079038,35,0.5
16,10,28079055,35,0.6
16,10,28079024,42,1.35
16,10,28079027,42,1.29
16,10,28079055,42,1.52
16,10,28079024,44,0.25
16,10,28079027,44,0.17
16,10,28079055,44,0.19
16,11,28079004,01,3
16,11,28079008,01,5
16,11,28079017,01,3
16,11,28079018,01,2
16,11,28079024,01,1
16,11,28079035,01,4
16,11,28079036,01,1
16,11,28079038,01,3
16,11,28079040,01,3
16,11,28079057,01,4
16,11,28079004,06,0.3
16,11,28079008,06,0.5
16,11,28079016,06,0.4
16,11,28079018,06,0.3
16,11,28079024,06,0.2
16,11,28079035,06,0.3
16,11,28079036,06,0.3
16,11,28079039,06,0.3
16,11,28079056,06,0.3
16,11,28079057,06,0.3
16,11,28079004,07,14
16,11,28079008,07,61
16,11,28079011,07,5
16,11,28079016,07,24
16,11,28079017,07,14
16,11,28079018,07,6
16,11,28079024,07,1
16,11,28079027,07,18
16,11,28079035,07,13
16,11,28079036,07,15
16,11,28079038,07,18
16,11,28079039,07,23
16,11,28079040,07,12
16,11,28079047,07,10
16,11,28079048,07,22
16,11,28079049,07,12
16,11,28079050,07,53
16,11,28079054,07,7
16,11,28079055,07,25
16,11,28079056,07,17
16,11,28079057,07,12
16,11,28079058,07,4
16,11,28079059,07,14
16,11,28079060,07,8
16,11,28079004,08,38
16,11,28079008,08,57
16,11,28079011,08,43
16,11,28079016,08,57
16,11,28079017,08,30
16,11,28079018,08,33
16,11,28079024,08,10
16,11,28079027,08,55
16,11,28079035,08,36
16,11,28079036,08,32
16,11,28079038,08,38
16,11,28079039,08,43
16,11,28079040,08,34
16,11,28079047,08,39
16,11,28079048,08,39
16,11,28079049,08,47
16,11,28079050,08,59
16,11,28079054,08,22
16,11,28079055,08,59
16,11,28079056,08,44
16,11,28079057,08,39
16,11,28079058,08,12
16,11,28079059,08,29
16,11,28079060,08,32
16,11,28079008,09,13
16,11,28079024,09,6
16,11,28079038,09,7
16,11,28079047,09,7
16,11,28079048,09,8
16,11,28079050,09,11
16,11,28079008,10,11
16,11,28079018,10,8
16,11,28079024,10,6
16,11,28079036,10,12
16,11,28079038,10,8
16,11,28079040,10,11
16,11,28079047,10,9
16,11,28079048,10,17
16,11,28079050,10,17
16,11,28079055,10,14
16,11,28079057,10,9
16,11,28079060,10,6
16,11,28079008,14,16
16,11,28079016,14,17
16,11,28079017,14,30
16,11,28079018,14,26
16,11,28079024,14,43
16,11,28079027,14,22
16,11,28079035,14,24
16,11,28079039,14,26
16,11,28079049,14,19
16,11,28079054,14,33
16,11,28079056,14,25
16,11,28079058,14,44
16,11,28079059,14,22
16,11,28079060,14,31
16,11,28079008,20,15.9
16,11,28079011,20,5
16,11,28079018,20,1.1
16,11,28079024,20,0.7
16,11,28079038,20,2.2
16,11,28079055,20,2.7
16,11,28079008,30,2.7
16,11,28079011,30,2.4
16,11,28079018,30,0.2
16,11,28079024,30,0.6
16,11,28079038,30,0.7
16,11,28079055,30,0.7
16,11,28079008,35,3.3
16,11,28079011,35,0.3
16,11,28079018,35,1
16,11,28079024,35,0.4
16,11,28079038,35,0.4
16,11,28079055,35,0.5
16,11,28079024,42,1.34
16,11,28079027,42,1.28
16,11,28079055,42,1.51
16,11,28079024,44,0.25
16,11,28079027,44,0.17
16,11,28079055,44,0.19
16,12,28079004,01,4
16,12,28079008,01,4
16,12,28079017,01,3
16,12,28079018,01,2
16,12,28079024,01,1
16,12,28079035,01,4
16,12,28079036,01,1
16,12,28079038,01,3
16,12,28079040,01,4
16,12,28079057,01,4
16,12,28079004,06,0.4
16,12,28079008,06,0.4
16,12,28079016,06,0.4
16,12,28079018,06,0.3
16,12,28079024,06,0.2
16,12,28079035,06,0.3
16,12,28079036,06,0.3
16,12,28079039,06,0.3
16,12,28079056,06,0.2
16,12,28079057,06,0.3
16,12,28079004,07,26
16,12,28079008,07,37
16,12,28079011,07,7
16,12,28079016,07,24
16,12,28079017,07,14
16,12,28079018,07,7
16,12,28079024,07,1
16,12,28079027,07,12
16,12,28079035,07,13
16,12,28079036,07,13
16,12,28079038,07,19
16,12,28079039,07,13
16,12,28079040,07,13
16,12,28079047,07,7
16,12,28079048,07,38
16,12,28079049,07,8
16,12,28079050,07,55
16,12,28079054,07,7
16,12,28079055,07,14
16,12,28079056,07,14
16,12,28079057,07,11
16,12,28079058,07,3
16,12,28079059,07,11
16,12,28079060,07,4
16,12,28079004,08,50
16,12,28079008,08,44
16,12,28079011,08,37
16,12,28079016,08,51
16,12,28079017,08,29
16,12,28079018,08,30
16,12,28079024,08,9
16,12,28079027,08,41
16,12,28079035,08,33
16,12,28079036,08,24
16,12,28079038,08,37
16,12,28079039,08,31
16,12,28079040,08,28
16,12,28079047,08,28
16,12,28079048,08,53
16,12,28079049,08,36
16,12,28079050,08,56
16,12,28079054,08,16
16,12,28079055,08,43
16,12,28079056,08,37
16,12,28079057,08,31
16,12,28079058,08,7
16,12,28079059,08,25
16,12,28079060,08,22
16,12,28079008,09,10
16,12,28079024,09,6
16,12,28079038,09,6
16,12,28079047,09,7
16,12,28079048,09,13
16,12,28079050,09,14
16,12,28079008,10,7
16,12,28079018,10,9
16,12,28079024,10,6
16,12,28079036,10,9
16,12,28079038,10,9
16,12,28079040,10,7
16,12,28079047,10,8
16,12,28079048,10,24
16,12,28079050,10,25
16,12,28079055,10,12
16,12,28079057,10,8
16,12,28079060,10,13
16,12,28079008,14,22
16,12,28079016,14,20
16,12,28079017,14,35
16,12,28079018,14,29
16,12,28079024,14,45
16,12,28079027,14,31
16,12,28079035,14,28
16,12,28079039,14,28
16,12,28079049,14,26
16,12,28079054,14,40
16,12,28079056,14,29
16,12,28079058,14,45
16,12,28079059,14,26
16,12,28079060,14,39
16,12,28079008,20,7.9
16,12,28079011,20,5.4
16,12,28079018,20,1.1
16,12,28079024,20,0.8
16,12,28079038,20,1.6
16,12,28079055,20,2.6
16,12,28079008,30,1.8
16,12,28079011,30,2.2
16,12,28079018,30,0.2
16,12,28079024,30,0.6
16,12,28079038,30,0.7
16,12,28079055,30,0.5
16,12,28079008,35,1.7
16,12,28079011,35,0.4
16,12,28079018,35,1
16,12,28079024,35,0.5
16,12,28079038,35,0.3
16,12,28079055,35,0.4
16,12,28079024,42,1.34
16,12,28079027,42,1.27
16,12,28079055,42,1.48
16,12,28079024,44,0.25
16,12,28079027,44,0.16
16,12,28079055,44,0.16
16,13,28079004,01,3
16,13,28079008,01,4
16,13,28079017,01,3
16,13,28079018,01,2
16,13,28079024,01,1
16,13,28079035,01,4
16,13,28079036,01,1
16,13,28079038,01,3
16,13,28079040,01,3
16,13,28079057,01,4
16,13,28079004,06,0.3
16,13,28079008,06,0.4
16,13,28079016,06,0.4
16,13,28079018,06,0.3
16,13,28079024,06,0.2
16,13,28079035,06,0.3
16,13,28079036,06,0.3
16,13,28079039,06,0.2
16,13,28079056,06,0.3
16,13,28079057,06,0.3
16,13,28079004,07,15
16,13,28079008,07,49
16,13,28079011,07,4
16,13,28079016,07,20
16,13,28079017,07,12
16,13,28079018,07,10
16,13,28079024,07,1
16,13,28079027,07,10
16,13,28079035,07,10
16,13,28079036,07,11
16,13,28079038,07,32
16,13,28079039,07,12
16,13,28079040,07,9
16,13,28079047,07,7
16,13,28079048,07,27
16,13,28079049,07,7
16,13,28079050,07,53
16,13,28079054,07,6
16,13,28079055,07,11
16,13,28079056,07,12
16,13,28079057,07,11
16,13,28079058,07,3
16,13,28079059,07,10
16,13,28079060,07,4
16,13,28079004,08,30
16,13,28079008,08,45
16,13,28079011,08,37
16,13,28079016,08,44
16,13,28079017,08,24
16,13,28079018,08,28
16,13,28079024,08,4
16,13,28079027,08,37
16,13,28079035,08,24
16,13,28079036,08,23
16,13,28079038,08,38
16,13,28079039,08,25
16,13,28079040,08,25
16,13,28079047,08,25
16,13,28079048,08,42
16,13,28079049,08,30
16,13,28079050,08,49
16,13,28079054,08,10
16,13,28079055,08,37
16,13,28079056,08,30
16,13,28079057,08,30
16,13,28079058,08,7
16,13,28079059,08,19
16,13,28079060,08,15
16,13,28079008,09,10
16,13,28079024,09,6
16,13,28079038,09,8
16,13,28079047,09,5
16,13,28079048,09,10
16,13,28079050,09,10
16,13,28079008,10,8
16,13,28079018,10,8
16,13,28079024,10,5
16,13,28079036,10,11
16,13,28079038,10,7
16,13,28079040,10,7
16,13,28079047,10,7
16,13,28079048,10,25
16,13,28079050,10,14
16,13,28079055,10,10
16,13,28079057,10,7
16,13,28079060,10,19
16,13,28079008,14,24
16,13,28079016,14,26
16,13,28079017,14,40
16,13,28079018,14,34
16,13,28079024,14,53
16,13,28079027,14,35
16,13,28079035,14,37
16,13,28079039,14,31
16,13,28079049,14,33
16,13,28079054,14,47
16,13,28079056,14,37
16,13,28079058,14,49
16,13,28079059,14,31
16,13,28079060,14,36
16,13,28079008,20,11
16,13,28079011,20,5.1
16,13,28079018,20,1
16,13,28079024,20,0.6
16,13,28079038,20,1.9
16,13,28079055,20,2
16,13,28079008,30,1.6
16,13,28079011,30,2.1
16,13,28079018,30,0.2
16,13,28079024,30,0.5
16,13,28079038,30,0.7
16,13,28079055,30,0.5
16,13,28079008,35,3.3
16,13,28079011,35,0.3
16,13,28079018,35,0.6
16,13,28079024,35,0.4
16,13,28079038,35,0.4
16,13,28079055,35,0.5
16,13,28079024,42,1.32
16,13,28079027,42,1.25
16,13,28079055,42,1.46
16,13,28079024,44,0.24
16,13,28079027,44,0.16
16,13,28079055,44,0.15
16,14,28079004,01,3
16,14,28079008,01,4
16,14,28079017,01,3
16,14,28079018,01,2
16,14,28079024,01,1
16,14,28079035,01,4
16,14,28079036,01,1
16,14,28079038,01,3
16,14,28079040,01,3
16,14,28079057,01,2
16,14,28079004,06,0.3
16,14,28079008,06,0.4
16,14,28079016,06,0.3
16,14,28079018,06,0.3
16,14,28079024,06,0.2
16,14,28079035,06,0.3
16,14,28079036,06,0.3
16,14,28079039,06,0.3
16,14,28079056,06,0.2
16,14,28079057,06,0.3
16,14,28079004,07,11
16,14,28079008,07,51
16,14,28079011,07,6
16,14,28079016,07,14
16,14,28079017,07,9
16,14,28079018,07,4
16,14,28079024,07,1
16,14,28079027,07,8
16,14,28079035,07,8
16,14,28079036,07,14
16,14,28079038,07,19
16,14,28079039,07,16
16,14,28079040,07,13
16,14,28079047,07,7
16,14,28079048,07,22
16,14,28079049,07,3
16,14,28079050,07,38
16,14,28079054,07,6
16,14,28079055,07,9
16,14,28079056,07,12
16,14,28079057,07,12
16,14,28079058,07,3
16,14,28079059,07,7
16,14,28079060,07,4
16,14,28079004,08,23
16,14,28079008,08,46
16,14,28079011,08,39
16,14,28079016,08,36
16,14,28079017,08,21
16,14,28079018,08,18
16,14,28079024,08,3
16,14,28079027,08,28
16,14,28079035,08,19
16,14,28079036,08,25
16,14,28079038,08,33
16,14,28079039,08,33
16,14,28079040,08,30
16,14,28079047,08,23
16,14,28079048,08,37
16,14,28079049,08,18
16,14,28079050,08,43
16,14,28079054,08,12
16,14,28079055,08,32
16,14,28079056,08,30
16,14,28079057,08,29
16,14,28079058,08,5
16,14,28079059,08,12
16,14,28079060,08,20
16,14,28079008,09,10
16,14,28079024,09,4
16,14,28079038,09,3
16,14,28079047,09,5
16,14,28079048,09,5
16,14,28079050,09,8
16,14,28079008,10,6
16,14,28079018,10,5
16,14,28079024,10,3
16,14,28079036,10,6
16,14,28079038,10,6
16,14,28079040,10,6
16,14,28079047,10,6
16,14,28079048,10,13
16,14,28079050,10,13
16,14,28079055,10,7
16,14,28079057,10,14
16,14,28079060,10,6
16,14,28079008,14,23
16,14,28079016,14,29
16,14,28079017,14,40
16,14,28079018,14,38
16,14,28079024,14,51
16,14,28079027,14,41
16,14,28079035,14,39
16,14,28079039,14,35
16,14,28079049,14,40
16,14,28079054,14,44
16,14,28079056,14,36
16,14,28079058,14,50
16,14,28079059,14,34
16,14,28079060,14,30
16,14,28079008,20,7.4
16,14,28079011,20,4.7
16,14,28079018,20,2.2
16,14,28079024,20,0.4
16,14,28079038,20,2.3
16,14,28079055,20,2
16,14,28079008,30,1.8
16,14,28079011,30,1.9
16,14,28079018,30,0.2
16,14,28079024,30,0.5
16,14,28079038,30,0.7
16,14,28079055,30,0.3
16,14,28079008,35,2.1
16,14,28079011,35,0.5
16,14,28079018,35,0.6
16,14,28079024,35,0.3
16,14,28079038,35,0.5
16,14,28079055,35,0.9
16,14,28079024,42,1.32
16,14,28079027,42,1.23
16,14,28079055,42,1.45
16,14,28079024,44,0.23
16,14,28079027,44,0.14
16,14,28079055,44,0.15
16,15,28079004,01,3
16,15,28079008,01,4
16,15,28079017,01,3
16,15,28079018,01,2
16,15,28079024,01,1
16,15,28079035,01,3
16,15,28079036,01,1
16,15,28079038,01,3
16,15,28079040,01,3
16,15,28079057,01,3
16,15,28079004,06,0.3
16,15,28079008,06,0.4
16,15,28079016,06,0.4
16,15,28079018,06,0.3
16,15,28079024,06,0.2
16,15,28079035,06,0.3
16,15,28079036,06,0.3
16,15,28079039,06,0.3
16,15,28079056,06,0.2
16,15,28079057,06,0.3
16,15,28079004,07,12
16,15,28079008,07,47
16,15,28079011,07,5
16,15,28079016,07,13
16,15,28079017,07,12
16,15,28079018,07,4
16,15,28079024,07,1
16,15,28079027,07,9
16,15,28079035,07,8
16,15,28079036,07,11
16,15,28079038,07,20
16,15,28079039,07,17
16,15,28079040,07,11
16,15,28079047,07,5
16,15,28079048,07,22
16,15,28079049,07,3
16,15,28079050,07,41
16,15,28079054,07,6
16,15,28079055,07,9
16,15,28079056,07,14
16,15,28079057,07,11
16,15,28079058,07,3
16,15,28079059,07,7
16,15,28079060,07,4
16,15,28079004,08,25
16,15,28079008,08,42
16,15,28079011,08,38
16,15,28079016,08,36
16,15,28079017,08,24
16,15,28079018,08,20
16,15,28079024,08,4
16,15,28079027,08,29
16,15,28079035,08,18
16,15,28079036,08,24
16,15,28079038,08,35
16,15,28079039,08,35
16,15,28079040,08,28
16,15,28079047,08,21
16,15,28079048,08,37
16,15,28079049,08,18
16,15,28079050,08,41
16,15,28079054,08,12
16,15,28079055,08,31
16,15,28079056,08,33
16,15,28079057,08,29
16,15,28079058,08,5
16,15,28079059,08,14
16,15,28079060,08,21
16,15,28079008,09,8
16,15,28079024,09,3
16,15,28079038,09,3
16,15,28079047,09,4
16,15,28079048,09,2
16,15,28079050,09,7
16,15,28079008,10,5
16,15,28079018,10,5
16,15,28079024,10,3
16,15,28079036,10,4
16,15,28079038,10,4
16,15,28079040,10,5
16,15,28079047,10,4
16,15,28079048,10,9
16,15,28079050,10,10
16,15,28079055,10,6
16,15,28079057,10,4
16,15,28079060,10,3
16,15,28079008,14,24
16,15,28079016,14,27
16,15,28079017,14,37
16,15,28079018,14,36
16,15,28079024,14,50
16,15,28079027,14,40
16,15,28079035,14,38
16,15,28079039,14,33
16,15,28079049,14,39
16,15,28079054,14,42
16,15,28079056,14,33
16,15,28079058,14,49
16,15,28079059,14,31
16,15,28079060,14,39
16,15,28079008,20,6.9
16,15,28079011,20,5.2
16,15,28079018,20,1.3
16,15,28079024,20,0.4
16,15,28079038,20,1.9
16,15,28079055,20,2
16,15,28079008,30,1.9
16,15,28079011,30,2.1
16,15,28079018,30,0.2
16,15,28079024,30,0.5
16,15,28079038,30,0.6
16,15,28079055,30,0.5
16,15,28079008,35,1.7
16,15,28079011,35,0.4
16,15,28079018,35,0.6
16,15,28079024,35,0.3
16,15,28079038,35,0.4
16,15,28079055,35,0.6
16,15,28079024,42,1.32
16,15,28079027,42,1.23
16,15,28079055,42,1.45
16,15,28079024,44,0.24
16,15,28079027,44,0.14
16,15,28079055,44,0.14
16,16,28079004,01,3
16,16,28079008,01,4
16,16,28079017,01,3
16,16,28079018,01,2
16,16,28079024,01,1
16,16,28079035,01,3
16,16,28079036,01,1
16,16,28079038,01,3
16,16,28079040,01,3
16,16,28079057,01,3
16,16,28079004,06,0.3
16,16,28079008,06,0.4
16,16,28079016,06,0.3
16,16,28079018,06,0.3
16,16,28079024,06,0.2
16,16,28079035,06,0.3
16,16,28079036,06,0.3
16,16,28079039,06,0.3
16,16,28079056,06,0.2
16,16,28079057,06,0.3
16,16,28079004,07,9
16,16,28079008,07,40
16,16,28079011,07,4
16,16,28079016,07,13
16,16,28079017,07,12
16,16,28079018,07,5
16,16,28079024,07,1
16,16,28079027,07,9
16,16,28079035,07,7
16,16,28079036,07,11
16,16,28079038,07,19
16,16,28079039,07,14
16,16,28079040,07,9
16,16,28079047,07,4
16,16,28079048,07,19
16,16,28079049,07,3
16,16,28079050,07,30
16,16,28079054,07,6
16,16,28079055,07,9
16,16,28079056,07,10
16,16,28079057,07,10
16,16,28079058,07,4
16,16,28079059,07,6
16,16,28079060,07,4
16,16,28079004,08,22
16,16,28079008,08,41
16,16,28079011,08,35
16,16,28079016,08,35
16,16,28079017,08,24
16,16,28079018,08,23
16,16,28079024,08,4
16,16,28079027,08,30
16,16,28079035,08,19
16,16,28079036,08,24
16,16,28079038,08,33
16,16,28079039,08,33
16,16,28079040,08,27
16,16,28079047,08,20
16,16,28079048,08,36
16,16,28079049,08,19
16,16,28079050,08,36
16,16,28079054,08,13
16,16,28079055,08,30
16,16,28079056,08,27
16,16,28079057,08,28
16,16,28079058,08,7
16,16,28079059,08,16
16,16,28079060,08,20
16,16,28079008,09,9
16,16,28079024,09,3
16,16,28079038,09,6
16,16,28079047,09,4
16,16,28079048,09,8
16,16,28079050,09,7
16,16,28079008,10,7
16,16,28079018,10,4
16,16,28079024,10,3
16,16,28079036,10,7
16,16,28079038,10,6
16,16,28079040,10,6
16,16,28079047,10,5
16,16,28079048,10,13
16,16,28079050,10,11
16,16,28079055,10,7
16,16,28079057,10,7
16,16,28079060,10,7
16,16,28079008,14,23
16,16,28079016,14,28
16,16,28079017,14,36
16,16,28079018,14,35
16,16,28079024,14,50
16,16,28079027,14,38
16,16,28079035,14,38
16,16,28079039,14,33
16,16,28079049,14,31
16,16,28079054,14,41
16,16,28079056,14,37
16,16,28079058,14,48
16,16,28079059,14,30
16,16,28079060,14,40
16,16,28079008,20,6
16,16,28079011,20,5.3
16,16,28079018,20,0.7
16,16,28079024,20,0.4
16,16,28079038,20,1.9
16,16,28079055,20,1.7
16,16,28079008,30,1.8
16,16,28079011,30,1.9
16,16,28079018,30,0.2
16,16,28079024,30,0.5
16,16,28079038,30,0.7
16,16,28079055,30,0.3
16,16,28079008,35,1.3
16,16,28079011,35,0.3
16,16,28079018,35,1
16,16,28079024,35,0.3
16,16,28079038,35,0.4
16,16,28079055,35,1
16,16,28079024,42,1.32
16,16,28079027,42,1.22
16,16,28079055,42,1.44
16,16,28079024,44,0.24
16,16,28079027,44,0.13
16,16,28079055,44,0.14
16,17,28079004,01,3
16,17,28079008,01,3
16,17,28079017,01,3
16,17,28079018,01,2
16,17,28079024,01,1
16,17,28079035,01,3
16,17,28079036,01,1
16,17,28079038,01,3
16,17,28079040,01,3
16,17,28079057,01,4
16,17,28079004,06,0.3
16,17,28079008,06,0.4
16,17,28079016,06,0.3
16,17,28079018,06,0.3
16,17,28079024,06,0.2
16,17,28079035,06,0.3
16,17,28079036,06,0.3
16,17,28079039,06,0.3
16,17,28079056,06,0.2
16,17,28079057,06,0.3
16,17,28079004,07,9
16,17,28079008,07,36
16,17,28079011,07,5
16,17,28079016,07,11
16,17,28079017,07,10
16,17,28079018,07,3
16,17,28079024,07,1
16,17,28079027,07,6
16,17,28079035,07,7
16,17,28079036,07,14
16,17,28079038,07,19
16,17,28079039,07,17
16,17,28079040,07,9
16,17,28079047,07,4
16,17,28079048,07,20
16,17,28079049,07,2
16,17,28079050,07,33
16,17,28079054,07,6
16,17,28079055,07,8
16,17,28079056,07,13
16,17,28079057,07,8
16,17,28079058,07,3
16,17,28079059,07,6
16,17,28079060,07,5
16,17,28079004,08,23
16,17,28079008,08,40
16,17,28079011,08,40
16,17,28079016,08,37
16,17,28079017,08,25
16,17,28079018,08,21
16,17,28079024,08,4
16,17,28079027,08,27
16,17,28079035,08,21
16,17,28079036,08,28
16,17,28079038,08,35
16,17,28079039,08,36
16,17,28079040,08,31
16,17,28079047,08,24
16,17,28079048,08,39
16,17,28079049,08,19
16,17,28079050,08,39
16,17,28079054,08,17
16,17,28079055,08,29
16,17,28079056,08,33
16,17,28079057,08,29
16,17,28079058,08,4
16,17,28079059,08,15
16,17,28079060,08,21
16,17,28079008,09,8
16,17,28079024,09,4
16,17,28079038,09,7
16,17,28079047,09,4
16,17,28079048,09,9
16,17,28079050,09,6
16,17,28079008,10,6
16,17,28079018,10,4
16,17,28079024,10,3
16,17,28079036,10,10
16,17,28079038,10,6
16,17,28079040,10,5
16,17,28079047,10,4
16,17,28079048,10,21
16,17,28079050,10,11
16,17,28079055,10,8
16,17,28079057,10,5
16,17,28079060,10,12
16,17,28079008,14,25
16,17,28079016,14,26
16,17,28079017,14,37
16,17,28079018,14,30
16,17,28079024,14,52
16,17,28079027,14,40
16,17,28079035,14,37
16,17,28079039,14,31
16,17,28079049,14,30
16,17,28079054,14,39
16,17,28079056,14,33
16,17,28079058,14,48
16,17,28079059,14,31
16,17,28079060,14,39
16,17,28079008,20,5.6
16,17,28079011,20,4.8
16,17,28079018,20,1.6
16,17,28079024,20,0.5
16,17,28079038,20,1.7
16,17,28079055,20,1.3
16,17,28079008,30,1.5
16,17,28079011,30,1.9
16,17,28079018,30,0.3
16,17,28079024,30,0.5
16,17,28079038,30,0.6
16,17,28079055,30,0.1
16,17,28079008,35,1.2
16,17,28079011,35,0.2
16,17,28079018,35,0.7
16,17,28079024,35,0.4
16,17,28079038,35,0.3
16,17,28079055,35,1
16,17,28079024,42,1.31
16,17,28079027,42,1.21
16,17,28079055,42,1.42
16,17,28079024,44,0.23
16,17,28079027,44,0.13
16,17,28079055,44,0.12
16,18,28079004,01,3
16,18,28079008,01,4
16,18,28079017,01,3
16,18,28079018,01,2
16,18,28079024,01,1
16,18,28079035,01,3
16,18,28079036,01,1
16,18,28079038,01,3
16,18,28079040,01,3
16,18,28079057,01,4
16,18,28079004,06,0.3
16,18,28079008,06,0.4
16,18,28079016,06,0.3
16,18,28079018,06,0.2
16,18,28079024,06,0.2
16,18,28079035,06,0.3
16,18,28079036,06,0.3
16,18,28079039,06,0.3
16,18,28079056,06,0.3
16,18,28079057,06,0.3
16,18,28079004,07,8
16,18,28079008,07,37
16,18,28079011,07,6
16,18,28079016,07,11
16,18,28079017,07,11
16,18,28079018,07,3
16,18,28079024,07,1
16,18,28079027,07,6
16,18,28079035,07,7
16,18,28079036,07,12
16,18,28079038,07,22
16,18,28079039,07,21
16,18,28079040,07,11
16,18,28079047,07,4
16,18,28079048,07,23
16,18,28079049,07,2
16,18,28079050,07,42
16,18,28079054,07,6
16,18,28079055,07,7
16,18,28079056,07,10
16,18,28079057,07,10
16,18,28079058,07,3
16,18,28079059,07,6
16,18,28079060,07,8
16,18,28079004,08,22
16,18,28079008,08,43
16,18,28079011,08,43
16,18,28079016,08,37
16,18,28079017,08,25
16,18,28079018,08,24
16,18,28079024,08,4
16,18,28079027,08,28
16,18,28079035,08,21
16,18,28079036,08,28
16,18,28079038,08,35
16,18,28079039,08,44
16,18,28079040,08,33
16,18,28079047,08,26
16,18,28079048,08,43
16,18,28079049,08,20
16,18,28079050,08,45
16,18,28079054,08,18
16,18,28079055,08,33
16,18,28079056,08,33
16,18,28079057,08,34
16,18,28079058,08,5
16,18,28079059,08,19
16,18,28079060,08,30
16,18,28079008,09,8
16,18,28079024,09,4
16,18,28079038,09,10
16,18,28079047,09,5
16,18,28079048,09,10
16,18,28079050,09,8
16,18,28079008,10,6
16,18,28079018,10,5
16,18,28079024,10,4
16,18,28079036,10,9
16,18,28079038,10,6
16,18,28079040,10,7
16,18,28079047,10,5
16,18,28079048,10,18
16,18,28079050,10,10
16,18,28079055,10,9
16,18,28079057,10,9
16,18,28079060,10,10
16,18,28079008,14,22
16,18,28079016,14,26
16,18,28079017,14,35
16,18,28079018,14,28
16,18,28079024,14,51
16,18,28079027,14,39
16,18,28079035,14,37
16,18,28079039,14,27
16,18,28079049,14,35
16,18,28079054,14,38
16,18,28079056,14,33
16,18,28079058,14,48
16,18,28079059,14,28
16,18,28079060,14,32
16,18,28079008,20,5.5
16,18,28079011,20,5
16,18,28079018,20,0.8
16,18,28079024,20,0.4
16,18,28079038,20,1.4
16,18,28079055,20,1.4
16,18,28079008,30,1.4
16,18,28079011,30,1.8
16,18,28079018,30,0.2
16,18,28079024,30,0.4
16,18,28079038,30,0.5
16,18,28079055,30,0.1
16,18,28079008,35,1.2
16,18,28079011,35,0.3
16,18,28079018,35,0.6
16,18,28079024,35,0.4
16,18,28079038,35,0.3
16,18,28079055,35,1
16,18,28079024,42,1.31
16,18,28079027,42,1.21
16,18,28079055,42,1.42
16,18,28079024,44,0.23
16,18,28079027,44,0.13
16,18,28079055,44,0.13
16,19,28079004,01,3
16,19,28079008,01,4
16,19,28079017,01,3
16,19,28079018,01,2
16,19,28079024,01,1
16,19,28079035,01,3
16,19,28079036,01,1
16,19,28079038,01,3
16,19,28079040,01,3
16,19,28079057,01,4
16,19,28079004,06,0.3
16,19,28079008,06,0.5
16,19,28079016,06,0.4
16,19,28079018,06,0.3
16,19,28079024,06,0.2
16,19,28079035,06,0.3
16,19,28079036,06,0.3
16,19,28079039,06,0.3
16,19,28079056,06,0.3
16,19,28079057,06,0.3
16,19,28079004,07,12
16,19,28079008,07,59
16,19,28079011,07,6
16,19,28079016,07,15
16,19,28079017,07,12
16,19,28079018,07,5
16,19,28079024,07,1
16,19,28079027,07,7
16,19,28079035,07,7
16,19,28079036,07,15
16,19,28079038,07,25
16,19,28079039,07,26
16,19,28079040,07,12
16,19,28079047,07,4
16,19,28079048,07,30
16,19,28079049,07,2
16,19,28079050,07,49
16,19,28079054,07,6
16,19,28079055,07,13
16,19,28079056,07,13
16,19,28079057,07,11
16,19,28079058,07,4
16,19,28079059,07,6
16,19,28079060,07,4
16,19,28079004,08,31
16,19,28079008,08,55
16,19,28079011,08,47
16,19,28079016,08,49
16,19,28079017,08,33
16,19,28079018,08,34
16,19,28079024,08,6
16,19,28079027,08,40
16,19,28079035,08,28
16,19,28079036,08,36
16,19,28079038,08,49
16,19,28079039,08,55
16,19,28079040,08,40
16,19,28079047,08,35
16,19,28079048,08,51
16,19,28079049,08,29
16,19,28079050,08,56
16,19,28079054,08,20
16,19,28079055,08,49
16,19,28079056,08,41
16,19,28079057,08,42
16,19,28079058,08,12
16,19,28079059,08,25
16,19,28079060,08,33
16,19,28079008,09,9
16,19,28079024,09,3
16,19,28079038,09,6
16,19,28079047,09,4
16,19,28079048,09,8
16,19,28079050,09,8
16,19,28079008,10,7
16,19,28079018,10,4
16,19,28079024,10,3
16,19,28079036,10,8
16,19,28079038,10,9
16,19,28079040,10,6
16,19,28079047,10,5
16,19,28079048,10,16
16,19,28079050,10,10
16,19,28079055,10,7
16,19,28079057,10,4
16,19,28079060,10,6
16,19,28079008,14,16
16,19,28079016,14,17
16,19,28079017,14,30
16,19,28079018,14,25
16,19,28079024,14,48
16,19,28079027,14,29
16,19,28079035,14,29
16,19,28079039,14,18
16,19,28079049,14,26
16,19,28079054,14,36
16,19,28079056,14,26
16,19,28079058,14,44
16,19,28079059,14,20
16,19,28079060,14,27
16,19,28079008,20,5.6
16,19,28079011,20,4.4
16,19,28079018,20,0.8
16,19,28079024,20,0.4
16,19,28079038,20,2.9
16,19,28079055,20,1.5
16,19,28079008,30,1.6
16,19,28079011,30,1.8
16,19,28079018,30,0.2
16,19,28079024,30,0.4
16,19,28079038,30,0.9
16,19,28079055,30,0.4
16,19,28079008,35,1.3
16,19,28079011,35,0.3
16,19,28079018,35,1
16,19,28079024,35,0.4
16,19,28079038,35,0.6
16,19,28079055,35,0.9
16,19,28079024,42,1.31
16,19,28079027,42,1.22
16,19,28079055,42,1.45
16,19,28079024,44,0.23
16,19,28079027,44,0.13
16,19,28079055,44,0.14
16,2,28079004,01,4
16,2,28079008,01,3
16,2,28079017,01,3
16,2,28079018,01,2
16,2,28079024,01,1
16,2,28079035,01,4
16,2,28079036,01,1
16,2,28079038,01,3
16,2,28079040,01,4
16,2,28079057,01,4
16,2,28079004,06,0.3
16,2,28079008,06,0.3
16,2,28079016,06,0.2
16,2,28079018,06,0.2
16,2,28079024,06,0.2
16,2,28079035,06,0.2
16,2,28079036,06,0.2
16,2,28079039,06,0.2
16,2,28079056,06,0.2
16,2,28079057,06,0.2
16,2,28079004,07,4
16,2,28079008,07,7
16,2,28079011,07,1
16,2,28079016,07,1
16,2,28079017,07,1
16,2,28079018,07,1
16,2,28079024,07,1
16,2,28079027,07,1
16,2,28079035,07,3
16,2,28079036,07,1
16,2,28079038,07,3
16,2,28079039,07,1
16,2,28079040,07,1
16,2,28079047,07,1
16,2,28079048,07,1
16,2,28079049,07,1
16,2,28079050,07,5
16,2,28079054,07,3
16,2,28079055,07,8
16,2,28079056,07,1
16,2,28079057,07,1
16,2,28079058,07,3
16,2,28079059,07,1
16,2,28079060,07,1
16,2,28079004,08,20
16,2,28079008,08,21
16,2,28079011,08,17
16,2,28079016,08,13
16,2,28079017,08,5
16,2,28079018,08,10
16,2,28079024,08,1
16,2,28079027,08,3
16,2,28079035,08,15
16,2,28079036,08,2
16,2,28079038,08,8
16,2,28079039,08,10
16,2,28079040,08,7
16,2,28079047,08,7
16,2,28079048,08,9
16,2,28079049,08,8
16,2,28079050,08,12
16,2,28079054,08,7
16,2,28079055,08,12
16,2,28079056,08,14
16,2,28079057,08,7
16,2,28079058,08,1
16,2,28079059,08,2
16,2,28079060,08,4
16,2,28079008,09,3
16,2,28079024,09,3
16,2,28079038,09,1
16,2,28079047,09,2
16,2,28079048,09,3
16,2,28079050,09,2
16,2,28079008,10,3
16,2,28079018,10,6
16,2,28079024,10,2
16,2,28079036,10,3
16,2,28079038,10,3
16,2,28079040,10,3
16,2,28079047,10,2
16,2,28079048,10,8
16,2,28079050,10,4
16,2,28079055,10,2
16,2,28079057,10,3
16,2,28079060,10,2
16,2,28079008,14,45
16,2,28079016,14,49
16,2,28079017,14,60
16,2,28079018,14,53
16,2,28079024,14,67
16,2,28079027,14,68
16,2,28079035,14,54
16,2,28079039,14,60
16,2,28079049,14,60
16,2,28079054,14,57
16,2,28079056,14,54
16,2,28079058,14,65
16,2,28079059,14,56
16,2,28079060,14,65
16,2,28079008,20,17.7
16,2,28079011,20,2
16,2,28079018,20,0.2
16,2,28079024,20,0.2
16,2,28079038,20,0.8
16,2,28079055,20,0.2
16,2,28079008,30,0.7
16,2,28079011,30,1.2
16,2,28079018,30,0.2
16,2,28079024,30,0.4
16,2,28079038,30,0.3
16,2,28079055,30,0.1
16,2,28079008,35,1
16,2,28079011,35,0.9
16,2,28079018,35,1
16,2,28079024,35,0.3
16,2,28079038,35,0.6
16,2,28079055,35,1
16,2,28079024,42,1.32
16,2,28079027,42,1.2
16,2,28079055,42,1.42
16,2,28079024,44,0.24
16,2,28079027,44,0.12
16,2,28079055,44,0.12
16,20,28079004,01,3
16,20,28079008,01,4
16,20,28079017,01,3
16,20,28079018,01,2
16,20,28079024,01,1
16,20,28079035,01,3
16,20,28079036,01,2
16,20,28079038,01,3
16,20,28079040,01,4
16,20,28079057,01,4
16,20,28079004,06,0.3
16,20,28079008,06,0.5
16,20,28079016,06,0.4
16,20,28079018,06,0.3
16,20,28079024,06,0.2
16,20,28079035,06,0.3
16,20,28079036,06,0.3
16,20,28079039,06,0.4
16,20,28079056,06,0.3
16,20,28079057,06,0.3
16,20,28079004,07,11
16,20,28079008,07,51
16,20,28079011,07,8
16,20,28079016,07,22
16,20,28079017,07,15
16,20,28079018,07,3
16,20,28079024,07,1
16,20,28079027,07,8
16,20,28079035,07,8
16,20,28079036,07,19
16,20,28079038,07,22
16,20,28079039,07,32
16,20,28079040,07,14
16,20,28079047,07,5
16,20,28079048,07,32
16,20,28079049,07,3
16,20,28079050,07,46
16,20,28079054,07,6
16,20,28079055,07,16
16,20,28079056,07,14
16,20,28079057,07,13
16,20,28079058,07,3
16,20,28079059,07,9
16,20,28079060,07,4
16,20,28079004,08,35
16,20,28079008,08,56
16,20,28079011,08,52
16,20,28079016,08,60
16,20,28079017,08,36
16,20,28079018,08,32
16,20,28079024,08,8
16,20,28079027,08,49
16,20,28079035,08,32
16,20,28079036,08,42
16,20,28079038,08,49
16,20,28079039,08,63
16,20,28079040,08,42
16,20,28079047,08,41
16,20,28079048,08,54
16,20,28079049,08,39
16,20,28079050,08,62
16,20,28079054,08,21
16,20,28079055,08,60
16,20,28079056,08,46
16,20,28079057,08,47
16,20,28079058,08,12
16,20,28079059,08,31
16,20,28079060,08,39
16,20,28079008,09,10
16,20,28079024,09,4
16,20,28079038,09,9
16,20,28079047,09,5
16,20,28079048,09,9
16,20,28079050,09,9
16,20,28079008,10,7
16,20,28079018,10,6
16,20,28079024,10,4
16,20,28079036,10,9
16,20,28079038,10,6
16,20,28079040,10,8
16,20,28079047,10,5
16,20,28079048,10,16
16,20,28079050,10,12
16,20,28079055,10,9
16,20,28079057,10,10
16,20,28079060,10,8
16,20,28079008,14,14
16,20,28079016,14,12
16,20,28079017,14,31
16,20,28079018,14,27
16,20,28079024,14,46
16,20,28079027,14,22
16,20,28079035,14,26
16,20,28079039,14,13
16,20,28079049,14,19
16,20,28079054,14,35
16,20,28079056,14,23
16,20,28079058,14,42
16,20,28079059,14,14
16,20,28079060,14,22
16,20,28079008,20,5.9
16,20,28079011,20,4.5
16,20,28079018,20,1.4
16,20,28079024,20,0.4
16,20,28079038,20,2.1
16,20,28079055,20,2.3
16,20,28079008,30,1.8
16,20,28079011,30,1.9
16,20,28079018,30,0.2
16,20,28079024,30,0.5
16,20,28079038,30,0.7
16,20,28079055,30,0.5
16,20,28079008,35,1.2
16,20,28079011,35,0.3
16,20,28079018,35,1
16,20,28079024,35,0.4
16,20,28079038,35,0.4
16,20,28079055,35,0.4
16,20,28079024,42,1.31
16,20,28079027,42,1.22
16,20,28079055,42,1.47
16,20,28079024,44,0.23
16,20,28079027,44,0.12
16,20,28079055,44,0.15
16,21,28079004,01,3
16,21,28079008,01,4
16,21,28079017,01,3
16,21,28079018,01,2
16,21,28079024,01,1
16,21,28079035,01,3
16,21,28079036,01,2
16,21,28079038,01,3
16,21,28079040,01,4
16,21,28079057,01,5
16,21,28079004,06,0.3
16,21,28079008,06,0.4
16,21,28079016,06,0.4
16,21,28079018,06,0.3
16,21,28079024,06,0.2
16,21,28079035,06,0.3
16,21,28079036,06,0.4
16,21,28079039,06,0.4
16,21,28079056,06,0.3
16,21,28079057,06,0.4
16,21,28079004,07,14
16,21,28079008,07,43
16,21,28079011,07,7
16,21,28079016,07,18
16,21,28079017,07,11
16,21,28079018,07,4
16,21,28079024,07,1
16,21,28079027,07,6
16,21,28079035,07,13
16,21,28079036,07,21
16,21,28079038,07,24
16,21,28079039,07,29
16,21,28079040,07,19
16,21,28079047,07,4
16,21,28079048,07,25
16,21,28079049,07,3
16,21,28079050,07,67
16,21,28079054,07,7
16,21,28079055,07,12
16,21,28079056,07,12
16,21,28079057,07,15
16,21,28079058,07,4
16,21,28079059,07,7
16,21,28079060,07,9
16,21,28079004,08,38
16,21,28079008,08,54
16,21,28079011,08,52
16,21,28079016,08,58
16,21,28079017,08,33
16,21,28079018,08,37
16,21,28079024,08,8
16,21,28079027,08,45
16,21,28079035,08,38
16,21,28079036,08,45
16,21,28079038,08,50
16,21,28079039,08,66
16,21,28079040,08,48
16,21,28079047,08,42
16,21,28079048,08,52
16,21,28079049,08,40
16,21,28079050,08,73
16,21,28079054,08,32
16,21,28079055,08,57
16,21,28079056,08,47
16,21,28079057,08,51
16,21,28079058,08,23
16,21,28079059,08,27
16,21,28079060,08,48
16,21,28079008,09,9
16,21,28079024,09,4
16,21,28079038,09,8
16,21,28079047,09,5
16,21,28079048,09,7
16,21,28079050,09,12
16,21,28079008,10,6
16,21,28079018,10,6
16,21,28079024,10,4
16,21,28079036,10,7
16,21,28079038,10,6
16,21,28079040,10,7
16,21,28079047,10,5
16,21,28079048,10,10
16,21,28079050,10,12
16,21,28079055,10,11
16,21,28079057,10,8
16,21,28079060,10,9
16,21,28079008,14,14
16,21,28079016,14,12
16,21,28079017,14,28
16,21,28079018,14,23
16,21,28079024,14,45
16,21,28079027,14,25
16,21,28079035,14,22
16,21,28079039,14,9
16,21,28079049,14,18
16,21,28079054,14,25
16,21,28079056,14,22
16,21,28079058,14,28
16,21,28079059,14,19
16,21,28079060,14,17
16,21,28079008,20,5.7
16,21,28079011,20,4.9
16,21,28079018,20,0.7
16,21,28079024,20,0.4
16,21,28079038,20,2.6
16,21,28079055,20,2.3
16,21,28079008,30,1.8
16,21,28079011,30,2.3
16,21,28079018,30,0.2
16,21,28079024,30,0.4
16,21,28079038,30,0.7
16,21,28079055,30,0.5
16,21,28079008,35,1.4
16,21,28079011,35,0.5
16,21,28079018,35,1
16,21,28079024,35,0.5
16,21,28079038,35,0.6
16,21,28079055,35,0.4
16,21,28079024,42,1.31
16,21,28079027,42,1.22
16,21,28079055,42,1.46
16,21,28079024,44,0.23
16,21,28079027,44,0.14
16,21,28079055,44,0.14
16,22,28079004,01,3
16,22,28079008,01,4
16,22,28079017,01,3
16,22,28079018,01,2
16,22,28079024,01,1
16,22,28079035,01,3
16,22,28079036,01,2
16,22,28079038,01,4
16,22,28079040,01,4
16,22,28079057,01,5
16,22,28079004,06,0.3
16,22,28079008,06,0.4
16,22,28079016,06,0.4
16,22,28079018,06,0.3
16,22,28079024,06,0.2
16,22,28079035,06,0.4
16,22,28079036,06,0.4
16,22,28079039,06,0.4
16,22,28079056,06,0.3
16,22,28079057,06,0.3
16,22,28079004,07,11
16,22,28079008,07,41
16,22,28079011,07,12
16,22,28079016,07,14
16,22,28079017,07,10
16,22,28079018,07,4
16,22,28079024,07,1
16,22,28079027,07,5
16,22,28079035,07,12
16,22,28079036,07,14
16,22,28079038,07,22
16,22,28079039,07,32
16,22,28079040,07,13
16,22,28079047,07,4
16,22,28079048,07,26
16,22,28079049,07,2
16,22,28079050,07,41
16,22,28079054,07,6
16,22,28079055,07,8
16,22,28079056,07,12
16,22,28079057,07,15
16,22,28079058,07,2
16,22,28079059,07,5
16,22,28079060,07,4
16,22,28079004,08,38
16,22,28079008,08,53
16,22,28079011,08,54
16,22,28079016,08,54
16,22,28079017,08,30
16,22,28079018,08,38
16,22,28079024,08,9
16,22,28079027,08,42
16,22,28079035,08,36
16,22,28079036,08,39
16,22,28079038,08,51
16,22,28079039,08,67
16,22,28079040,08,49
16,22,28079047,08,43
16,22,28079048,08,53
16,22,28079049,08,37
16,22,28079050,08,61
16,22,28079054,08,29
16,22,28079055,08,51
16,22,28079056,08,46
16,22,28079057,08,49
16,22,28079058,08,11
16,22,28079059,08,27
16,22,28079060,08,34
16,22,28079008,09,9
16,22,28079024,09,4
16,22,28079038,09,7
16,22,28079047,09,5
16,22,28079048,09,5
16,22,28079050,09,10
16,22,28079008,10,5
16,22,28079018,10,5
16,22,28079024,10,4
16,22,28079036,10,3
16,22,28079038,10,5
16,22,28079040,10,6
16,22,28079047,10,4
16,22,28079048,10,7
16,22,28079050,10,10
16,22,28079055,10,5
16,22,28079057,10,7
16,22,28079060,10,4
16,22,28079008,14,13
16,22,28079016,14,14
16,22,28079017,14,30
16,22,28079018,14,22
16,22,28079024,14,42
16,22,28079027,14,27
16,22,28079035,14,22
16,22,28079039,14,12
16,22,28079049,14,19
16,22,28079054,14,29
16,22,28079056,14,22
16,22,28079058,14,49
16,22,28079059,14,21
16,22,28079060,14,35
16,22,28079008,20,4.9
16,22,28079011,20,4.9
16,22,28079018,20,0.7
16,22,28079024,20,0.4
16,22,28079038,20,3
16,22,28079055,20,1.7
16,22,28079008,30,1.6
16,22,28079011,30,2.2
16,22,28079018,30,0.2
16,22,28079024,30,0.4
16,22,28079038,30,1
16,22,28079055,30,0.5
16,22,28079008,35,1.3
16,22,28079011,35,0.5
16,22,28079018,35,0.7
16,22,28079024,35,0.5
16,22,28079038,35,0.6
16,22,28079055,35,0.9
16,22,28079024,42,1.31
16,22,28079027,42,1.23
16,22,28079055,42,1.45
16,22,28079024,44,0.23
16,22,28079027,44,0.14
16,22,28079055,44,0.14
16,23,28079004,01,3
16,23,28079008,01,4
16,23,28079017,01,3
16,23,28079018,01,2
16,23,28079024,01,1
16,23,28079035,01,3
16,23,28079036,01,2
16,23,28079038,01,3
16,23,28079040,01,4
16,23,28079057,01,5
16,23,28079004,06,0.3
16,23,28079008,06,0.4
16,23,28079016,06,0.4
16,23,28079018,06,0.3
16,23,28079024,06,0.2
16,23,28079035,06,0.4
16,23,28079036,06,0.3
16,23,28079039,06,0.4
16,23,28079056,06,0.3
16,23,28079057,06,0.3
16,23,28079004,07,8
16,23,28079008,07,27
16,23,28079011,07,4
16,23,28079016,07,10
16,23,28079017,07,6
16,23,28079018,07,3
16,23,28079024,07,1
16,23,28079027,07,1
16,23,28079035,07,16
16,23,28079036,07,13
16,23,28079038,07,8
16,23,28079039,07,21
16,23,28079040,07,8
16,23,28079047,07,3
16,23,28079048,07,10
16,23,28079049,07,2
16,23,28079050,07,19
16,23,28079054,07,5
16,23,28079055,07,6
16,23,28079056,07,14
16,23,28079057,07,3
16,23,28079058,07,2
16,23,28079059,07,2
16,23,28079060,07,1
16,23,28079004,08,30
16,23,28079008,08,48
16,23,28079011,08,42
16,23,28079016,08,46
16,23,28079017,08,28
16,23,28079018,08,26
16,23,28079024,08,8
16,23,28079027,08,17
16,23,28079035,08,39
16,23,28079036,08,40
16,23,28079038,08,32
16,23,28079039,08,53
16,23,28079040,08,42
16,23,28079047,08,35
16,23,28079048,08,39
16,23,28079049,08,28
16,23,28079050,08,38
16,23,28079054,08,20
16,23,28079055,08,33
16,23,28079056,08,43
16,23,28079057,08,28
16,23,28079058,08,4
16,23,28079059,08,12
16,23,28079060,08,26
16,23,28079008,09,9
16,23,28079024,09,4
16,23,28079038,09,3
16,23,28079047,09,3
16,23,28079048,09,1
16,23,28079050,09,6
16,23,28079008,10,4
16,23,28079018,10,4
16,23,28079024,10,4
16,23,28079036,10,4
16,23,28079038,10,3
16,23,28079040,10,5
16,23,28079047,10,2
16,23,28079048,10,5
16,23,28079050,10,6
16,23,28079055,10,4
16,23,28079057,10,4
16,23,28079060,10,5
16,23,28079008,14,17
16,23,28079016,14,23
16,23,28079017,14,29
16,23,28079018,14,32
16,23,28079024,14,47
16,23,28079027,14,53
16,23,28079035,14,21
16,23,28079039,14,21
16,23,28079049,14,27
16,23,28079054,14,33
16,23,28079056,14,25
16,23,28079058,14,59
16,23,28079059,14,41
16,23,28079060,14,41
16,23,28079008,20,5.3
16,23,28079011,20,4.8
16,23,28079018,20,0.5
16,23,28079024,20,0.5
16,23,28079038,20,1.7
16,23,28079055,20,1.6
16,23,28079008,30,1.7
16,23,28079011,30,2.2
16,23,28079018,30,0.2
16,23,28079024,30,0.5
16,23,28079038,30,0.6
16,23,28079055,30,0.4
16,23,28079008,35,1.4
16,23,28079011,35,0.4
16,23,28079018,35,1
16,23,28079024,35,0.4
16,23,28079038,35,0.4
16,23,28079055,35,1
16,23,28079024,42,1.31
16,23,28079027,42,1.2
16,23,28079055,42,1.44
16,23,28079024,44,0.23
16,23,28079027,44,0.12
16,23,28079055,44,0.13
16,24,28079004,01,3
16,24,28079008,01,3
16,24,28079017,01,3
16,24,28079018,01,2
16,24,28079024,01,1
16,24,28079035,01,4
16,24,28079036,01,2
16,24,28079038,01,3
16,24,28079040,01,4
16,24,28079057,01,5
16,24,28079004,06,0.3
16,24,28079008,06,0.3
16,24,28079016,06,0.3
16,24,28079018,06,0.2
16,24,28079024,06,0.2
16,24,28079035,06,0.3
16,24,28079036,06,0.2
16,24,28079039,06,0.2
16,24,28079056,06,0.2
16,24,28079057,06,0.2
16,24,28079004,07,5
16,24,28079008,07,11
16,24,28079011,07,2
16,24,28079016,07,2
16,24,28079017,07,3
16,24,28079018,07,1
16,24,28079024,07,1
16,24,28079027,07,1
16,24,28079035,07,11
16,24,28079036,07,3
16,24,28079038,07,5
16,24,28079039,07,3
16,24,28079040,07,2
16,24,28079047,07,1
16,24,28079048,07,4
16,24,28079049,07,1
16,24,28079050,07,15
16,24,28079054,07,5
16,24,28079055,07,1
16,24,28079056,07,6
16,24,28079057,07,1
16,24,28079058,07,2
16,24,28079059,07,2
16,24,28079060,07,1
16,24,28079004,08,19
16,24,28079008,08,33
16,24,28079011,08,34
16,24,28079016,08,25
16,24,28079017,08,21
16,24,28079018,08,11
16,24,28079024,08,4
16,24,28079027,08,11
16,24,28079035,08,35
16,24,28079036,08,14
16,24,28079038,08,22
16,24,28079039,08,17
16,24,28079040,08,25
16,24,28079047,08,14
16,24,28079048,08,27
16,24,28079049,08,20
16,24,28079050,08,29
16,24,28079054,08,20
16,24,28079055,08,10
16,24,28079056,08,29
16,24,28079057,08,11
16,24,28079058,08,3
16,24,28079059,08,5
16,24,28079060,08,10
16,24,28079008,09,4
16,24,28079024,09,3
16,24,28079038,09,2
16,24,28079047,09,1
16,24,28079048,09,1
16,24,28079050,09,3
16,24,28079008,10,1
16,24,28079018,10,3
16,24,28079024,10,3
16,24,28079036,10,4
16,24,28079038,10,2
16,24,28079040,10,3
16,24,28079047,10,3
16,24,28079048,10,4
16,24,28079050,10,4
16,24,28079055,10,4
16,24,28079057,10,5
16,24,28079060,10,4
16,24,28079008,14,31
16,24,28079016,14,39
16,24,28079017,14,37
16,24,28079018,14,49
16,24,28079024,14,54
16,24,28079027,14,61
16,24,28079035,14,30
16,24,28079039,14,54
16,24,28079049,14,40
16,24,28079054,14,36
16,24,28079056,14,43
16,24,28079058,14,62
16,24,28079059,14,48
16,24,28079060,14,59
16,24,28079008,20,4.4
16,24,28079011,20,3.9
16,24,28079018,20,0.4
16,24,28079024,20,0.3
16,24,28079038,20,1
16,24,28079055,20,0.5
16,24,28079008,30,1.2
16,24,28079011,30,1.8
16,24,28079018,30,0.2
16,24,28079024,30,0.4
16,24,28079038,30,0.3
16,24,28079055,30,0.2
16,24,28079008,35,1.1
16,24,28079011,35,0.2
16,24,28079018,35,1
16,24,28079024,35,0.3
16,24,28079038,35,0.2
16,24,28079055,35,1
16,24,28079024,42,1.31
16,24,28079027,42,1.2
16,24,28079055,42,1.41
16,24,28079024,44,0.23
16,24,28079027,44,0.12
16,24,28079055,44,0.12
16,3,28079004,01,3
16,3,28079008,01,3
16,3,28079017,01,3
16,3,28079018,01,2
16,3,28079024,01,1
16,3,28079035,01,3
16,3,28079036,01,1
16,3,28079038,01,3
16,3,28079040,01,4
16,3,28079057,01,3
16,3,28079004,06,0.2
16,3,28079008,06,0.2
16,3,28079016,06,0.2
16,3,28079018,06,0.2
16,3,28079024,06,0.2
16,3,28079035,06,0.2
16,3,28079036,06,0.2
16,3,28079039,06,0.1
16,3,28079056,06,0.1
16,3,28079057,06,0.2
16,3,28079004,07,1
16,3,28079008,07,4
16,3,28079011,07,1
16,3,28079016,07,1
16,3,28079017,07,1
16,3,28079018,07,1
16,3,28079024,07,1
16,3,28079027,07,1
16,3,28079035,07,4
16,3,28079036,07,1
16,3,28079038,07,1
16,3,28079039,07,1
16,3,28079040,07,1
16,3,28079047,07,1
16,3,28079048,07,1
16,3,28079049,07,1
16,3,28079050,07,3
16,3,28079054,07,3
16,3,28079055,07,3
16,3,28079056,07,1
16,3,28079057,07,1
16,3,28079058,07,2
16,3,28079059,07,1
16,3,28079060,07,1
16,3,28079004,08,7
16,3,28079008,08,13
16,3,28079011,08,11
16,3,28079016,08,6
16,3,28079017,08,3
16,3,28079018,08,4
16,3,28079024,08,1
16,3,28079027,08,3
16,3,28079035,08,9
16,3,28079036,08,1
16,3,28079038,08,9
16,3,28079039,08,6
16,3,28079040,08,8
16,3,28079047,08,6
16,3,28079048,08,8
16,3,28079049,08,7
16,3,28079050,08,11
16,3,28079054,08,2
16,3,28079055,08,5
16,3,28079056,08,9
16,3,28079057,08,4
16,3,28079058,08,3
16,3,28079059,08,2
16,3,28079060,08,4
16,3,28079008,09,4
16,3,28079024,09,3
16,3,28079038,09,2
16,3,28079047,09,3
16,3,28079048,09,2
16,3,28079050,09,3
16,3,28079008,10,3
16,3,28079018,10,3
16,3,28079024,10,3
16,3,28079036,10,3
16,3,28079038,10,2
16,3,28079040,10,9
16,3,28079047,10,3
16,3,28079048,10,5
16,3,28079050,10,4
16,3,28079055,10,3
16,3,28079057,10,4
16,3,28079060,10,4
16,3,28079008,14,53
16,3,28079016,14,54
16,3,28079017,14,61
16,3,28079018,14,58
16,3,28079024,14,65
16,3,28079027,14,68
16,3,28079035,14,59
16,3,28079039,14,65
16,3,28079049,14,60
16,3,28079054,14,49
16,3,28079056,14,35
16,3,28079058,14,62
16,3,28079059,14,54
16,3,28079060,14,64
16,3,28079008,20,3.8
16,3,28079011,20,1.5
16,3,28079018,20,0.2
16,3,28079024,20,0.3
16,3,28079038,20,0.5
16,3,28079055,20,0.3
16,3,28079008,30,0.5
16,3,28079011,30,1
16,3,28079018,30,0.1
16,3,28079024,30,0.4
16,3,28079038,30,0.3
16,3,28079055,30,0.1
16,3,28079008,35,0.6
16,3,28079011,35,1
16,3,28079018,35,1
16,3,28079024,35,0.3
16,3,28079038,35,0.7
16,3,28079055,35,1
16,3,28079024,42,1.33
16,3,28079027,42,1.21
16,3,28079055,42,1.41
16,3,28079024,44,0.25
16,3,28079027,44,0.13
16,3,28079055,44,0.12
16,4,28079004,01,3
16,4,28079008,01,3
16,4,28079017,01,3
16,4,28079018,01,2
16,4,28079024,01,1
16,4,28079035,01,3
16,4,28079036,01,1
16,4,28079038,01,3
16,4,28079040,01,3
16,4,28079057,01,3
16,4,28079004,06,0.2
16,4,28079008,06,0.2
16,4,28079016,06,0.2
16,4,28079018,06,0.2
16,4,28079024,06,0.2
16,4,28079035,06,0.2
16,4,28079036,06,0.2
16,4,28079039,06,0.1
16,4,28079056,06,0.1
16,4,28079057,06,0.2
16,4,28079004,07,1
16,4,28079008,07,4
16,4,28079011,07,1
16,4,28079016,07,1
16,4,28079017,07,1
16,4,28079018,07,1
16,4,28079024,07,1
16,4,28079027,07,1
16,4,28079035,07,3
16,4,28079036,07,1
16,4,28079038,07,3
16,4,28079039,07,1
16,4,28079040,07,1
16,4,28079047,07,1
16,4,28079048,07,1
16,4,28079049,07,1
16,4,28079050,07,3
16,4,28079054,07,3
16,4,28079055,07,1
16,4,28079056,07,1
16,4,28079057,07,1
16,4,28079058,07,1
16,4,28079059,07,1
16,4,28079060,07,1
16,4,28079004,08,7
16,4,28079008,08,13
16,4,28079011,08,12
16,4,28079016,08,7
16,4,28079017,08,8
16,4,28079018,08,5
16,4,28079024,08,1
16,4,28079027,08,4
16,4,28079035,08,8
16,4,28079036,08,1
16,4,28079038,08,12
16,4,28079039,08,5
16,4,28079040,08,6
16,4,28079047,08,5
16,4,28079048,08,10
16,4,28079049,08,7
16,4,28079050,08,9
16,4,28079054,08,5
16,4,28079055,08,5
16,4,28079056,08,7
16,4,28079057,08,3
16,4,28079058,08,1
16,4,28079059,08,3
16,4,28079060,08,4
16,4,28079008,09,4
16,4,28079024,09,4
16,4,28079038,09,5
16,4,28079047,09,3
16,4,28079048,09,7
16,4,28079050,09,5
16,4,28079008,10,4
16,4,28079018,10,3
16,4,28079024,10,3
16,4,28079036,10,8
16,4,28079038,10,4
16,4,28079040,10,4
16,4,28079047,10,4
16,4,28079048,10,16
16,4,28079050,10,9
16,4,28079055,10,5
16,4,28079057,10,3
16,4,28079060,10,14
16,4,28079008,14,50
16,4,28079016,14,53
16,4,28079017,14,52
16,4,28079018,14,55
16,4,28079024,14,62
16,4,28079027,14,67
16,4,28079035,14,58
16,4,28079039,14,63
16,4,28079049,14,58
16,4,28079054,14,47
16,4,28079056,14,58
16,4,28079058,14,64
16,4,28079059,14,51
16,4,28079060,14,64
16,4,28079008,20,3.4
16,4,28079011,20,1.5
16,4,28079018,20,0.2
16,4,28079024,20,0.3
16,4,28079038,20,0.5
16,4,28079055,20,0.2
16,4,28079008,30,0.4
16,4,28079011,30,1
16,4,28079018,30,0.1
16,4,28079024,30,0.4
16,4,28079038,30,0.3
16,4,28079055,30,0.1
16,4,28079008,35,0.4
16,4,28079011,35,1
16,4,28079018,35,1
16,4,28079024,35,0.3
16,4,28079038,35,0.6
16,4,28079055,35,1
16,4,28079024,42,1.33
16,4,28079027,42,1.2
16,4,28079055,42,1.42
16,4,28079024,44,0.25
16,4,28079027,44,0.12
16,4,28079055,44,0.12
16,5,28079004,01,3
16,5,28079008,01,2
16,5,28079017,01,3
16,5,28079018,01,2
16,5,28079024,01,1
16,5,28079035,01,3
16,5,28079036,01,1
16,5,28079038,01,2
16,5,28079040,01,3
16,5,28079057,01,3
16,5,28079004,06,0.2
16,5,28079008,06,0.2
16,5,28079016,06,0.2
16,5,28079018,06,0.2
16,5,28079024,06,0.2
16,5,28079035,06,0.2
16,5,28079036,06,0.2
16,5,28079039,06,0.1
16,5,28079056,06,0.1
16,5,28079057,06,0.2
16,5,28079004,07,1
16,5,28079008,07,3
16,5,28079011,07,1
16,5,28079016,07,1
16,5,28079017,07,1
16,5,28079018,07,1
16,5,28079024,07,1
16,5,28079027,07,1
16,5,28079035,07,4
16,5,28079036,07,1
16,5,28079038,07,1
16,5,28079039,07,1
16,5,28079040,07,1
16,5,28079047,07,1
16,5,28079048,07,1
16,5,28079049,07,1
16,5,28079050,07,3
16,5,28079054,07,3
16,5,28079055,07,1
16,5,28079056,07,1
16,5,28079057,07,1
16,5,28079058,07,1
16,5,28079059,07,1
16,5,28079060,07,1
16,5,28079004,08,5
16,5,28079008,08,12
16,5,28079011,08,9
16,5,28079016,08,5
16,5,28079017,08,8
16,5,28079018,08,5
16,5,28079024,08,1
16,5,28079027,08,2
16,5,28079035,08,11
16,5,28079036,08,1
16,5,28079038,08,6
16,5,28079039,08,7
16,5,28079040,08,10
16,5,28079047,08,4
16,5,28079048,08,6
16,5,28079049,08,6
16,5,28079050,08,12
16,5,28079054,08,11
16,5,28079055,08,4
16,5,28079056,08,7
16,5,28079057,08,4
16,5,28079058,08,1
16,5,28079059,08,1
16,5,28079060,08,4
16,5,28079008,09,5
16,5,28079024,09,4
16,5,28079038,09,3
16,5,28079047,09,4
16,5,28079048,09,6
16,5,28079050,09,4
16,5,28079008,10,4
16,5,28079018,10,4
16,5,28079024,10,4
16,5,28079036,10,6
16,5,28079038,10,3
16,5,28079040,10,4
16,5,28079047,10,4
16,5,28079048,10,15
16,5,28079050,10,6
16,5,28079055,10,4
16,5,28079057,10,5
16,5,28079060,10,4
16,5,28079008,14,50
16,5,28079016,14,52
16,5,28079017,14,49
16,5,28079018,14,53
16,5,28079024,14,62
16,5,28079027,14,68
16,5,28079035,14,54
16,5,28079039,14,61
16,5,28079049,14,58
16,5,28079054,14,46
16,5,28079056,14,55
16,5,28079058,14,64
16,5,28079059,14,53
16,5,28079060,14,63
16,5,28079008,20,2
16,5,28079011,20,1.8
16,5,28079018,20,0.2
16,5,28079024,20,0.3
16,5,28079038,20,0.6
16,5,28079055,20,0.3
16,5,28079008,30,0.4
16,5,28079011,30,1.1
16,5,28079018,30,0.1
16,5,28079024,30,0.5
16,5,28079038,30,0.4
16,5,28079055,30,0.1
16,5,28079008,35,0.4
16,5,28079011,35,1
16,5,28079018,35,1
16,5,28079024,35,0.3
16,5,28079038,35,1
16,5,28079055,35,1
16,5,28079024,42,1.33
16,5,28079027,42,1.2
16,5,28079055,42,1.42
16,5,28079024,44,0.24
16,5,28079027,44,0.12
16,5,28079055,44,0.12
16,6,28079004,01,3
16,6,28079008,01,3
16,6,28079017,01,3
16,6,28079018,01,2
16,6,28079024,01,1
16,6,28079035,01,3
16,6,28079036,01,1
16,6,28079038,01,3
16,6,28079040,01,3
16,6,28079057,01,4
16,6,28079004,06,0.2
16,6,28079008,06,0.2
16,6,28079016,06,0.2
16,6,28079018,06,0.2
16,6,28079024,06,0.2
16,6,28079035,06,0.2
16,6,28079036,06,0.2
16,6,28079039,06,0.1
16,6,28079056,06,0.1
16,6,28079057,06,0.2
16,6,28079004,07,1
16,6,28079008,07,5
16,6,28079011,07,1
16,6,28079016,07,1
16,6,28079017,07,1
16,6,28079018,07,1
16,6,28079024,07,1
16,6,28079027,07,1
16,6,28079035,07,2
16,6,28079036,07,1
16,6,28079038,07,1
16,6,28079039,07,1
16,6,28079040,07,1
16,6,28079047,07,1
16,6,28079048,07,1
16,6,28079049,07,1
16,6,28079050,07,5
16,6,28079054,07,3
16,6,28079055,07,1
16,6,28079056,07,1
16,6,28079057,07,1
16,6,28079058,07,1
16,6,28079059,07,1
16,6,28079060,07,1
16,6,28079004,08,6
16,6,28079008,08,15
16,6,28079011,08,11
16,6,28079016,08,8
16,6,28079017,08,9
16,6,28079018,08,5
16,6,28079024,08,1
16,6,28079027,08,5
16,6,28079035,08,6
16,6,28079036,08,2
16,6,28079038,08,9
16,6,28079039,08,7
16,6,28079040,08,8
16,6,28079047,08,5
16,6,28079048,08,8
16,6,28079049,08,6
16,6,28079050,08,10
16,6,28079054,08,15
16,6,28079055,08,5
16,6,28079056,08,9
16,6,28079057,08,7
16,6,28079058,08,1
16,6,28079059,08,3
16,6,28079060,08,5
16,6,28079008,09,3
16,6,28079024,09,3
16,6,28079038,09,1
16,6,28079047,09,2
16,6,28079048,09,1
16,6,28079050,09,3
16,6,28079008,10,2
16,6,28079018,10,3
16,6,28079024,10,3
16,6,28079036,10,4
16,6,28079038,10,2
16,6,28079040,10,2
16,6,28079047,10,2
16,6,28079048,10,4
16,6,28079050,10,6
16,6,28079055,10,2
16,6,28079057,10,3
16,6,28079060,10,4
16,6,28079008,14,51
16,6,28079016,14,51
16,6,28079017,14,51
16,6,28079018,14,55
16,6,28079024,14,65
16,6,28079027,14,67
16,6,28079035,14,37
16,6,28079039,14,64
16,6,28079049,14,60
16,6,28079054,14,46
16,6,28079056,14,56
16,6,28079058,14,69
16,6,28079059,14,53
16,6,28079060,14,64
16,6,28079008,20,1.4
16,6,28079011,20,1.9
16,6,28079018,20,0.3
16,6,28079024,20,0.5
16,6,28079038,20,0.6
16,6,28079055,20,0.4
16,6,28079008,30,0.4
16,6,28079011,30,1.1
16,6,28079018,30,0.1
16,6,28079024,30,0.5
16,6,28079038,30,0.3
16,6,28079055,30,0.2
16,6,28079008,35,0.4
16,6,28079011,35,1
16,6,28079018,35,1
16,6,28079024,35,0.3
16,6,28079038,35,1
16,6,28079055,35,1
16,6,28079024,42,1.33
16,6,28079027,42,1.21
16,6,28079055,42,1.42
16,6,28079024,44,0.24
16,6,28079027,44,0.12
16,6,28079055,44,0.12
16,7,28079004,01,3
16,7,28079008,01,3
16,7,28079017,01,3
16,7,28079018,01,2
16,7,28079024,01,1
16,7,28079035,01,3
16,7,28079036,01,1
16,7,28079038,01,4
16,7,28079040,01,3
16,7,28079057,01,4
16,7,28079004,06,0.2
16,7,28079008,06,0.2
16,7,28079016,06,0.2
16,7,28079018,06,0.2
16,7,28079024,06,0.2
16,7,28079035,06,0.3
16,7,28079036,06,0.2
16,7,28079039,06,0.2
16,7,28079056,06,0.2
16,7,28079057,06,0.2
16,7,28079004,07,2
16,7,28079008,07,14
16,7,28079011,07,1
16,7,28079016,07,2
16,7,28079017,07,4
16,7,28079018,07,1
16,7,28079024,07,1
16,7,28079027,07,2
16,7,28079035,07,3
16,7,28079036,07,3
16,7,28079038,07,2
16,7,28079039,07,3
16,7,28079040,07,3
16,7,28079047,07,1
16,7,28079048,07,3
16,7,28079049,07,1
16,7,28079050,07,14
16,7,28079054,07,4
16,7,28079055,07,1
16,7,28079056,07,4
16,7,28079057,07,1
16,7,28079058,07,1
16,7,28079059,07,2
16,7,28079060,07,1
16,7,28079004,08,13
16,7,28079008,08,29
16,7,28079011,08,18
16,7,28079016,08,15
16,7,28079017,08,24
16,7,28079018,08,9
16,7,28079024,08,2
16,7,28079027,08,8
16,7,28079035,08,12
16,7,28079036,08,13
16,7,28079038,08,11
16,7,28079039,08,24
16,7,28079040,08,22
16,7,28079047,08,16
16,7,28079048,08,14
16,7,28079049,08,12
16,7,28079050,08,20
16,7,28079054,08,18
16,7,28079055,08,11
16,7,28079056,08,21
16,7,28079057,08,14
16,7,28079058,08,1
16,7,28079059,08,6
16,7,28079060,08,10
16,7,28079008,09,3
16,7,28079024,09,2
16,7,28079038,09,1
16,7,28079047,09,3
16,7,28079048,09,1
16,7,28079050,09,6
16,7,28079008,10,3
16,7,28079018,10,2
16,7,28079024,10,2
16,7,28079036,10,3
16,7,28079038,10,2
16,7,28079040,10,4
16,7,28079047,10,3
16,7,28079048,10,4
16,7,28079050,10,11
16,7,28079055,10,3
16,7,28079057,10,4
16,7,28079060,10,3
16,7,28079008,14,40
16,7,28079016,14,48
16,7,28079017,14,37
16,7,28079018,14,54
16,7,28079024,14,40
16,7,28079027,14,68
16,7,28079035,14,57
16,7,28079039,14,50
16,7,28079049,14,56
16,7,28079054,14,43
16,7,28079056,14,49
16,7,28079058,14,68
16,7,28079059,14,50
16,7,28079060,14,59
16,7,28079008,20,1.7
16,7,28079011,20,2.6
16,7,28079018,20,0.3
16,7,28079024,20,0.4
16,7,28079038,20,0.6
16,7,28079055,20,0.4
16,7,28079008,30,0.4
16,7,28079011,30,1.1
16,7,28079018,30,0.1
16,7,28079024,30,0.5
16,7,28079038,30,0.3
16,7,28079055,30,0.2
16,7,28079008,35,0.4
16,7,28079011,35,1
16,7,28079018,35,1
16,7,28079024,35,0.3
16,7,28079038,35,0.9
16,7,28079055,35,1
16,7,28079024,42,1.32
16,7,28079027,42,1.19
16,7,28079055,42,1.41
16,7,28079024,44,0.24
16,7,28079027,44,0.12
16,7,28079055,44,0.12
16,8,28079004,01,3
16,8,28079008,01,5
16,8,28079017,01,3
16,8,28079018,01,2
16,8,28079024,01,1
16,8,28079035,01,3
16,8,28079036,01,1
16,8,28079038,01,5
16,8,28079040,01,3
16,8,28079057,01,4
16,8,28079004,06,0.2
16,8,28079008,06,0.4
16,8,28079016,06,0.3
16,8,28079018,06,0.3
16,8,28079024,06,0.2
16,8,28079035,06,0.2
16,8,28079036,06,0.3
16,8,28079039,06,0.3
16,8,28079056,06,0.2
16,8,28079057,06,0.3
16,8,28079004,07,4
16,8,28079008,07,50
16,8,28079011,07,2
16,8,28079016,07,9
16,8,28079017,07,11
16,8,28079018,07,5
16,8,28079024,07,1
16,8,28079027,07,4
16,8,28079035,07,5
16,8,28079036,07,7
16,8,28079038,07,12
16,8,28079039,07,18
16,8,28079040,07,6
16,8,28079047,07,3
16,8,28079048,07,15
16,8,28079049,07,2
16,8,28079050,07,58
16,8,28079054,07,6
16,8,28079055,07,6
16,8,28079056,07,9
16,8,28079057,07,4
16,8,28079058,07,2
16,8,28079059,07,10
16,8,28079060,07,4
16,8,28079004,08,32
16,8,28079008,08,60
16,8,28079011,08,33
16,8,28079016,08,40
16,8,28079017,08,37
16,8,28079018,08,28
16,8,28079024,08,6
16,8,28079027,08,27
16,8,28079035,08,21
16,8,28079036,08,31
16,8,28079038,08,35
16,8,28079039,08,47
16,8,28079040,08,37
16,8,28079047,08,33
16,8,28079048,08,41
16,8,28079049,08,27
16,8,28079050,08,60
16,8,28079054,08,39
16,8,28079055,08,36
16,8,28079056,08,41
16,8,28079057,08,26
16,8,28079058,08,4
16,8,28079059,08,25
16,8,28079060,08,24
16,8,28079008,09,6
16,8,28079024,09,3
16,8,28079038,09,2
16,8,28079047,09,3
16,8,28079048,09,5
16,8,28079050,09,7
16,8,28079008,10,6
16,8,28079018,10,4
16,8,28079024,10,3
16,8,28079036,10,4
16,8,28079038,10,4
16,8,28079040,10,6
16,8,28079047,10,5
16,8,28079048,10,11
16,8,28079050,10,14
16,8,28079055,10,7
16,8,28079057,10,5
16,8,28079060,10,7
16,8,28079008,14,21
16,8,28079016,14,34
16,8,28079017,14,29
16,8,28079018,14,39
16,8,28079024,14,59
16,8,28079027,14,52
16,8,28079035,14,49
16,8,28079039,14,34
16,8,28079049,14,45
16,8,28079054,14,28
16,8,28079056,14,34
16,8,28079058,14,64
16,8,28079059,14,36
16,8,28079060,14,48
16,8,28079008,20,2
16,8,28079011,20,1.7
16,8,28079018,20,0.2
16,8,28079024,20,0.4
16,8,28079038,20,0.6
16,8,28079055,20,0.5
16,8,28079008,30,0.6
16,8,28079011,30,0.9
16,8,28079018,30,0.1
16,8,28079024,30,0.4
16,8,28079038,30,0.3
16,8,28079055,30,0.2
16,8,28079008,35,0.6
16,8,28079011,35,1
16,8,28079018,35,1
16,8,28079024,35,0.3
16,8,28079038,35,0.7
16,8,28079055,35,1
16,8,28079024,42,1.32
16,8,28079027,42,1.2
16,8,28079055,42,1.42
16,8,28079024,44,0.25
16,8,28079027,44,0.13
16,8,28079055,44,0.13
16,9,28079004,01,3
16,9,28079008,01,5
16,9,28079017,01,3
16,9,28079018,01,2
16,9,28079024,01,1
16,9,28079035,01,4
16,9,28079036,01,2
16,9,28079038,01,4
16,9,28079040,01,3
16,9,28079057,01,4
16,9,28079004,06,0.3
16,9,28079008,06,0.5
16,9,28079016,06,0.5
16,9,28079018,06,0.4
16,9,28079024,06,0.2
16,9,28079035,06,0.3
16,9,28079036,06,0.4
16,9,28079039,06,0.3
16,9,28079056,06,0.3
16,9,28079057,06,0.3
16,9,28079004,07,9
16,9,28079008,07,65
16,9,28079011,07,12
16,9,28079016,07,32
16,9,28079017,07,19
16,9,28079018,07,13
16,9,28079024,07,1
16,9,28079027,07,16
16,9,28079035,07,24
16,9,28079036,07,36
16,9,28079038,07,30
16,9,28079039,07,31
16,9,28079040,07,12
16,9,28079047,07,9
16,9,28079048,07,38
16,9,28079049,07,10
16,9,28079050,07,54
16,9,28079054,07,9
16,9,28079055,07,35
16,9,28079056,07,15
16,9,28079057,07,12
16,9,28079058,07,3
16,9,28079059,07,12
16,9,28079060,07,9
16,9,28079004,08,42
16,9,28079008,08,63
16,9,28079011,08,60
16,9,28079016,08,70
16,9,28079017,08,39
16,9,28079018,08,53
16,9,28079024,08,15
16,9,28079027,08,63
16,9,28079035,08,46
16,9,28079036,08,49
16,9,28079038,08,55
16,9,28079039,08,56
16,9,28079040,08,47
16,9,28079047,08,51
16,9,28079048,08,56
16,9,28079049,08,55
16,9,28079050,08,62
16,9,28079054,08,40
16,9,28079055,08,70
16,9,28079056,08,54
16,9,28079057,08,51
16,9,28079058,08,11
16,9,28079059,08,40
16,9,28079060,08,41
16,9,28079008,09,12
16,9,28079024,09,7
16,9,28079038,09,11
16,9,28079047,09,9
16,9,28079048,09,16
16,9,28079050,09,13
16,9,28079008,10,11
16,9,28079018,10,10
16,9,28079024,10,7
16,9,28079036,10,19
16,9,28079038,10,11
16,9,28079040,10,12
16,9,28079047,10,10
16,9,28079048,10,28
16,9,28079050,10,20
16,9,28079055,10,12
16,9,28079057,10,9
16,9,28079060,10,9
16,9,28079008,14,11
16,9,28079016,14,11
16,9,28079017,14,24
16,9,28079018,14,13
16,9,28079024,14,38
16,9,28079027,14,20
16,9,28079035,14,14
16,9,28079039,14,18
16,9,28079049,14,12
16,9,28079054,14,19
16,9,28079056,14,17
16,9,28079058,14,48
16,9,28079059,14,14
16,9,28079060,14,27
16,9,28079008,20,4.7
16,9,28079011,20,3.2
16,9,28079018,20,0.6
16,9,28079024,20,0.4
16,9,28079038,20,2.4
16,9,28079055,20,1.6
16,9,28079008,30,1.7
16,9,28079011,30,1.7
16,9,28079018,30,0.2
16,9,28079024,30,0.4
16,9,28079038,30,0.9
16,9,28079055,30,0.5
16,9,28079008,35,1.3
16,9,28079011,35,0.7
16,9,28079018,35,1
16,9,28079024,35,0.3
16,9,28079038,35,0.4
16,9,28079055,35,0.9
16,9,28079024,42,1.34
16,9,28079027,42,1.26
16,9,28079055,42,1.51
16,9,28079024,44,0.24
16,9,28079027,44,0.16
16,9,28079055,44,0.19
17,1,28079004,01,3
17,1,28079008,01,3
17,1,28079017,01,3
17,1,28079018,01,2
17,1,28079024,01,1
17,1,28079035,01,4
17,1,28079036,01,2
17,1,28079038,01,3
17,1,28079040,01,4
17,1,28079057,01,5
17,1,28079004,06,0.2
17,1,28079008,06,0.3
17,1,28079016,06,0.2
17,1,28079018,06,0.2
17,1,28079024,06,0.2
17,1,28079035,06,0.3
17,1,28079036,06,0.2
17,1,28079039,06,0.2
17,1,28079056,06,0.2
17,1,28079057,06,0.2
17,1,28079004,07,2
17,1,28079008,07,5
17,1,28079011,07,1
17,1,28079016,07,1
17,1,28079017,07,1
17,1,28079018,07,1
17,1,28079024,07,1
17,1,28079027,07,1
17,1,28079035,07,6
17,1,28079036,07,1
17,1,28079038,07,4
17,1,28079039,07,1
17,1,28079040,07,1
17,1,28079047,07,1
17,1,28079048,07,2
17,1,28079049,07,1
17,1,28079050,07,4
17,1,28079054,07,4
17,1,28079055,07,1
17,1,28079056,07,2
17,1,28079057,07,1
17,1,28079058,07,1
17,1,28079059,07,2
17,1,28079060,07,1
17,1,28079004,08,10
17,1,28079008,08,21
17,1,28079011,08,23
17,1,28079016,08,13
17,1,28079017,08,9
17,1,28079018,08,7
17,1,28079024,08,1
17,1,28079027,08,5
17,1,28079035,08,19
17,1,28079036,08,6
17,1,28079038,08,11
17,1,28079039,08,13
17,1,28079040,08,13
17,1,28079047,08,8
17,1,28079048,08,13
17,1,28079049,08,10
17,1,28079050,08,14
17,1,28079054,08,10
17,1,28079055,08,7
17,1,28079056,08,14
17,1,28079057,08,8
17,1,28079058,08,1
17,1,28079059,08,3
17,1,28079060,08,6
17,1,28079008,09,2
17,1,28079024,09,1
17,1,28079038,09,1
17,1,28079047,09,2
17,1,28079048,09,1
17,1,28079050,09,2
17,1,28079008,10,2
17,1,28079018,10,2
17,1,28079024,10,2
17,1,28079036,10,4
17,1,28079038,10,2
17,1,28079040,10,3
17,1,28079047,10,2
17,1,28079048,10,4
17,1,28079050,10,3
17,1,28079055,10,2
17,1,28079057,10,2
17,1,28079060,10,4
17,1,28079008,14,43
17,1,28079016,14,49
17,1,28079017,14,53
17,1,28079018,14,54
17,1,28079024,14,62
17,1,28079027,14,66
17,1,28079035,14,47
17,1,28079039,14,54
17,1,28079049,14,53
17,1,28079054,14,50
17,1,28079056,14,53
17,1,28079058,14,66
17,1,28079059,14,51
17,1,28079060,14,61
17,1,28079008,20,2.2
17,1,28079011,20,3.6
17,1,28079018,20,0.2
17,1,28079024,20,0.3
17,1,28079038,20,0.6
17,1,28079055,20,0.1
17,1,28079008,30,0.7
17,1,28079011,30,1.6
17,1,28079018,30,0.1
17,1,28079024,30,0.4
17,1,28079038,30,0.2
17,1,28079055,30,0.2
17,1,28079008,35,0.8
17,1,28079011,35,0.2
17,1,28079018,35,1
17,1,28079024,35,0.3
17,1,28079038,35,0.3
17,1,28079055,35,1
17,1,28079024,42,1.31
17,1,28079027,42,1.19
17,1,28079055,42,1.4
17,1,28079024,44,0.24
17,1,28079027,44,0.12
17,1,28079055,44,0.11
17,10,28079004,01,5
17,10,28079008,01,5
17,10,28079017,01,3
17,10,28079018,01,2
17,10,28079024,01,1
17,10,28079035,01,4
17,10,28079036,01,2
17,10,28079038,01,4
17,10,28079057,01,5
17,10,28079004,06,0.5
17,10,28079008,06,0.5
17,10,28079016,06,0.4
17,10,28079018,06,0.3
17,10,28079024,06,0.2
17,10,28079035,06,0.3
17,10,28079036,06,0.4
17,10,28079039,06,0.3
17,10,28079056,06,0.2
17,10,28079057,06,0.3
17,10,28079004,07,21
17,10,28079008,07,35
17,10,28079011,07,37
17,10,28079016,07,23
17,10,28079017,07,13
17,10,28079018,07,9
17,10,28079024,07,1
17,10,28079027,07,12
17,10,28079035,07,17
17,10,28079036,07,18
17,10,28079038,07,43
17,10,28079039,07,22
17,10,28079047,07,7
17,10,28079048,07,27
17,10,28079049,07,6
17,10,28079050,07,59
17,10,28079054,07,10
17,10,28079055,07,13
17,10,28079056,07,15
17,10,28079057,07,17
17,10,28079058,07,4
17,10,28079059,07,10
17,10,28079060,07,7
17,10,28079004,08,54
17,10,28079008,08,56
17,10,28079011,08,75
17,10,28079016,08,54
17,10,28079017,08,38
17,10,28079018,08,29
17,10,28079024,08,10
17,10,28079027,08,42
17,10,28079035,08,46
17,10,28079036,08,36
17,10,28079038,08,55
17,10,28079039,08,50
17,10,28079047,08,34
17,10,28079048,08,47
17,10,28079049,08,38
17,10,28079050,08,62
17,10,28079054,08,34
17,10,28079055,08,47
17,10,28079056,08,40
17,10,28079057,08,42
17,10,28079058,08,10
17,10,28079059,08,25
17,10,28079060,08,38
17,10,28079008,09,10
17,10,28079024,09,6
17,10,28079038,09,15
17,10,28079047,09,7
17,10,28079048,09,12
17,10,28079050,09,10
17,10,28079008,10,9
17,10,28079018,10,12
17,10,28079024,10,7
17,10,28079036,10,13
17,10,28079038,10,11
17,10,28079040,10,11
17,10,28079047,10,9
17,10,28079048,10,21
17,10,28079050,10,18
17,10,28079055,10,11
17,10,28079057,10,13
17,10,28079060,10,6
17,10,28079008,14,21
17,10,28079016,14,23
17,10,28079017,14,36
17,10,28079018,14,39
17,10,28079024,14,58
17,10,28079027,14,35
17,10,28079035,14,28
17,10,28079039,14,31
17,10,28079049,14,33
17,10,28079054,14,34
17,10,28079056,14,38
17,10,28079058,14,56
17,10,28079059,14,31
17,10,28079060,14,35
17,10,28079008,20,4.9
17,10,28079011,20,6.1
17,10,28079018,20,2.4
17,10,28079024,20,0.4
17,10,28079038,20,3.8
17,10,28079055,20,0.8
17,10,28079008,30,1.6
17,10,28079011,30,3.1
17,10,28079018,30,0.6
17,10,28079024,30,0.5
17,10,28079038,30,1.1
17,10,28079055,30,0.3
17,10,28079008,35,1.3
17,10,28079011,35,0.7
17,10,28079018,35,0.5
17,10,28079024,35,0.3
17,10,28079038,35,0.7
17,10,28079055,35,1
17,10,28079024,42,1.32
17,10,28079027,42,1.21
17,10,28079055,42,1.45
17,10,28079024,44,0.24
17,10,28079027,44,0.13
17,10,28079055,44,0.15
17,11,28079004,01,5
17,11,28079008,01,6
17,11,28079017,01,3
17,11,28079018,01,2
17,11,28079024,01,1
17,11,28079035,01,5
17,11,28079036,01,2
17,11,28079038,01,4
17,11,28079040,01,4
17,11,28079057,01,5
17,11,28079004,06,0.4
17,11,28079008,06,0.4
17,11,28079016,06,0.4
17,11,28079018,06,0.3
17,11,28079024,06,0.2
17,11,28079035,06,0.4
17,11,28079036,06,0.3
17,11,28079039,06,0.3
17,11,28079056,06,0.2
17,11,28079057,06,0.3
17,11,28079004,07,21
17,11,28079008,07,46
17,11,28079011,07,18
17,11,28079016,07,21
17,11,28079017,07,17
17,11,28079018,07,5
17,11,28079024,07,1
17,11,28079027,07,15
17,11,28079035,07,21
17,11,28079036,07,19
17,11,28079038,07,25
17,11,28079039,07,17
17,11,28079040,07,13
17,11,28079047,07,7
17,11,28079048,07,24
17,11,28079049,07,6
17,11,28079050,07,64
17,11,28079054,07,9
17,11,28079055,07,9
17,11,28079056,07,11
17,11,28079057,07,12
17,11,28079058,07,4
17,11,28079059,07,11
17,11,28079060,07,8
17,11,28079004,08,46
17,11,28079008,08,56
17,11,28079011,08,60
17,11,28079016,08,47
17,11,28079017,08,34
17,11,28079018,08,19
17,11,28079024,08,5
17,11,28079027,08,33
17,11,28079035,08,44
17,11,28079036,08,30
17,11,28079038,08,38
17,11,28079039,08,37
17,11,28079040,08,32
17,11,28079047,08,25
17,11,28079048,08,40
17,11,28079049,08,30
17,11,28079050,08,59
17,11,28079054,08,20
17,11,28079055,08,33
17,11,28079056,08,27
17,11,28079057,08,32
17,11,28079058,08,7
17,11,28079059,08,20
17,11,28079060,08,28
17,11,28079008,09,9
17,11,28079024,09,5
17,11,28079038,09,8
17,11,28079047,09,5
17,11,28079048,09,5
17,11,28079050,09,10
17,11,28079008,10,10
17,11,28079018,10,8
17,11,28079024,10,5
17,11,28079036,10,8
17,11,28079038,10,7
17,11,28079040,10,9
17,11,28079047,10,7
17,11,28079048,10,12
17,11,28079050,10,23
17,11,28079055,10,9
17,11,28079057,10,12
17,11,28079060,10,5
17,11,28079008,14,23
17,11,28079016,14,28
17,11,28079017,14,40
17,11,28079018,14,46
17,11,28079024,14,61
17,11,28079027,14,42
17,11,28079035,14,30
17,11,28079039,14,31
17,11,28079049,14,39
17,11,28079054,14,32
17,11,28079056,14,46
17,11,28079058,14,58
17,11,28079059,14,36
17,11,28079060,14,42
17,11,28079008,20,7.3
17,11,28079011,20,7.3
17,11,28079018,20,0.7
17,11,28079024,20,0.4
17,11,28079038,20,2.9
17,11,28079055,20,0.8
17,11,28079008,30,1.8
17,11,28079011,30,2.9
17,11,28079018,30,0.2
17,11,28079024,30,0.5
17,11,28079038,30,0.8
17,11,28079055,30,0.2
17,11,28079008,35,2.2
17,11,28079011,35,0.8
17,11,28079018,35,0.9
17,11,28079024,35,0.3
17,11,28079038,35,0.5
17,11,28079055,35,1
17,11,28079024,42,1.32
17,11,28079027,42,1.21
17,11,28079055,42,1.43
17,11,28079024,44,0.24
17,11,28079027,44,0.13
17,11,28079055,44,0.13
17,12,28079004,01,6
17,12,28079008,01,6
17,12,28079017,01,3
17,12,28079018,01,2
17,12,28079024,01,1
17,12,28079035,01,5
17,12,28079036,01,2
17,12,28079038,01,4
17,12,28079040,01,4
17,12,28079057,01,5
17,12,28079004,06,0.4
17,12,28079008,06,0.4
17,12,28079016,06,0.3
17,12,28079018,06,0.3
17,12,28079024,06,0.2
17,12,28079035,06,0.3
17,12,28079036,06,0.2
17,12,28079039,06,0.2
17,12,28079056,06,0.2
17,12,28079057,06,0.3
17,12,28079004,07,20
17,12,28079008,07,33
17,12,28079011,07,25
17,12,28079016,07,15
17,12,28079017,07,12
17,12,28079018,07,6
17,12,28079024,07,1
17,12,28079027,07,7
17,12,28079035,07,23
17,12,28079036,07,10
17,12,28079038,07,18
17,12,28079039,07,15
17,12,28079040,07,10
17,12,28079047,07,5
17,12,28079048,07,20
17,12,28079049,07,5
17,12,28079050,07,46
17,12,28079054,07,8
17,12,28079055,07,8
17,12,28079056,07,9
17,12,28079057,07,9
17,12,28079058,07,4
17,12,28079059,07,9
17,12,28079060,07,6
17,12,28079004,08,41
17,12,28079008,08,44
17,12,28079011,08,62
17,12,28079016,08,33
17,12,28079017,08,25
17,12,28079018,08,17
17,12,28079024,08,4
17,12,28079027,08,17
17,12,28079035,08,37
17,12,28079036,08,20
17,12,28079038,08,28
17,12,28079039,08,29
17,12,28079040,08,22
17,12,28079047,08,16
17,12,28079048,08,32
17,12,28079049,08,22
17,12,28079050,08,47
17,12,28079054,08,13
17,12,28079055,08,24
17,12,28079056,08,23
17,12,28079057,08,22
17,12,28079058,08,7
17,12,28079059,08,14
17,12,28079060,08,22
17,12,28079008,09,8
17,12,28079024,09,3
17,12,28079038,09,6
17,12,28079047,09,4
17,12,28079048,09,2
17,12,28079050,09,10
17,12,28079008,10,10
17,12,28079018,10,9
17,12,28079024,10,4
17,12,28079036,10,5
17,12,28079038,10,7
17,12,28079040,10,8
17,12,28079047,10,7
17,12,28079048,10,7
17,12,28079050,10,23
17,12,28079055,10,8
17,12,28079057,10,11
17,12,28079060,10,3
17,12,28079008,14,32
17,12,28079016,14,37
17,12,28079017,14,48
17,12,28079018,14,49
17,12,28079024,14,64
17,12,28079027,14,56
17,12,28079035,14,39
17,12,28079039,14,50
17,12,28079049,14,48
17,12,28079054,14,51
17,12,28079056,14,51
17,12,28079058,14,60
17,12,28079059,14,42
17,12,28079060,14,49
17,12,28079008,20,7.7
17,12,28079011,20,7.3
17,12,28079018,20,0.6
17,12,28079024,20,0.4
17,12,28079038,20,1.6
17,12,28079055,20,0.7
17,12,28079008,30,2
17,12,28079011,30,2.9
17,12,28079018,30,0.2
17,12,28079024,30,0.4
17,12,28079038,30,0.6
17,12,28079055,30,0.1
17,12,28079008,35,1.9
17,12,28079011,35,0.9
17,12,28079018,35,1
17,12,28079024,35,0.3
17,12,28079038,35,0.2
17,12,28079055,35,1
17,12,28079024,42,1.32
17,12,28079027,42,1.2
17,12,28079055,42,1.43
17,12,28079024,44,0.24
17,12,28079027,44,0.12
17,12,28079055,44,0.13
17,13,28079004,01,7
17,13,28079008,01,6
17,13,28079017,01,3
17,13,28079018,01,2
17,13,28079024,01,1
17,13,28079035,01,6
17,13,28079036,01,2
17,13,28079038,01,4
17,13,28079040,01,5
17,13,28079057,01,5
17,13,28079004,06,0.4
17,13,28079008,06,0.4
17,13,28079018,06,0.3
17,13,28079024,06,0.2
17,13,28079035,06,0.4
17,13,28079036,06,0.3
17,13,28079039,06,0.2
17,13,28079056,06,0.2
17,13,28079057,06,0.3
17,13,28079004,07,17
17,13,28079008,07,33
17,13,28079011,07,23
17,13,28079016,07,9
17,13,28079017,07,11
17,13,28079018,07,8
17,13,28079024,07,1
17,13,28079027,07,5
17,13,28079035,07,20
17,13,28079036,07,13
17,13,28079038,07,27
17,13,28079039,07,14
17,13,28079040,07,10
17,13,28079047,07,5
17,13,28079048,07,19
17,13,28079049,07,5
17,13,28079050,07,49
17,13,28079054,07,8
17,13,28079055,07,5
17,13,28079056,07,10
17,13,28079057,07,9
17,13,28079058,07,5
17,13,28079059,07,6
17,13,28079060,07,3
17,13,28079004,08,39
17,13,28079008,08,47
17,13,28079011,08,61
17,13,28079016,08,22
17,13,28079017,08,27
17,13,28079018,08,23
17,13,28079024,08,4
17,13,28079027,08,10
17,13,28079035,08,43
17,13,28079036,08,24
17,13,28079038,08,36
17,13,28079039,08,29
17,13,28079040,08,28
17,13,28079047,08,20
17,13,28079048,08,34
17,13,28079049,08,25
17,13,28079050,08,48
17,13,28079054,08,14
17,13,28079055,08,13
17,13,28079056,08,28
17,13,28079057,08,20
17,13,28079058,08,8
17,13,28079059,08,9
17,13,28079060,08,16
17,13,28079008,09,6
17,13,28079024,09,3
17,13,28079038,09,3
17,13,28079047,09,3
17,13,28079048,09,1
17,13,28079050,09,7
17,13,28079008,10,6
17,13,28079018,10,8
17,13,28079024,10,4
17,13,28079036,10,4
17,13,28079038,10,8
17,13,28079040,10,8
17,13,28079047,10,6
17,13,28079048,10,5
17,13,28079050,10,15
17,13,28079055,10,4
17,13,28079057,10,9
17,13,28079060,10,4
17,13,28079008,14,31
17,13,28079017,14,48
17,13,28079018,14,46
17,13,28079024,14,64
17,13,28079027,14,62
17,13,28079035,14,34
17,13,28079039,14,48
17,13,28079049,14,47
17,13,28079054,14,53
17,13,28079056,14,47
17,13,28079058,14,61
17,13,28079059,14,45
17,13,28079060,14,46
17,13,28079008,20,7.1
17,13,28079011,20,7.1
17,13,28079018,20,0.7
17,13,28079024,20,0.4
17,13,28079038,20,2.3
17,13,28079055,20,0.7
17,13,28079008,30,1.4
17,13,28079011,30,2.8
17,13,28079018,30,0.2
17,13,28079024,30,0.4
17,13,28079038,30,0.6
17,13,28079055,30,0.1
17,13,28079008,35,1.5
17,13,28079011,35,0.9
17,13,28079018,35,1
17,13,28079024,35,0.3
17,13,28079038,35,0.4
17,13,28079055,35,1
17,13,28079024,42,1.32
17,13,28079027,42,1.2
17,13,28079055,42,1.41
17,13,28079024,44,0.24
17,13,28079027,44,0.12
17,13,28079055,44,0.12
17,14,28079004,01,6
17,14,28079008,01,5
17,14,28079017,01,3
17,14,28079018,01,2
17,14,28079024,01,1
17,14,28079035,01,6
17,14,28079036,01,3
17,14,28079038,01,5
17,14,28079040,01,6
17,14,28079057,01,5
17,14,28079004,06,0.3
17,14,28079008,06,0.4
17,14,28079016,06,0.4
17,14,28079018,06,0.3
17,14,28079024,06,0.2
17,14,28079035,06,0.3
17,14,28079036,06,0.3
17,14,28079039,06,0.3
17,14,28079056,06,0.2
17,14,28079057,06,0.3
17,14,28079004,07,11
17,14,28079008,07,35
17,14,28079011,07,28
17,14,28079016,07,13
17,14,28079017,07,7
17,14,28079018,07,4
17,14,28079024,07,1
17,14,28079027,07,5
17,14,28079035,07,11
17,14,28079036,07,12
17,14,28079038,07,25
17,14,28079039,07,16
17,14,28079040,07,6
17,14,28079047,07,3
17,14,28079048,07,27
17,14,28079049,07,3
17,14,28079050,07,77
17,14,28079054,07,6
17,14,28079055,07,5
17,14,28079056,07,11
17,14,28079057,07,9
17,14,28079058,07,4
17,14,28079059,07,8
17,14,28079060,07,5
17,14,28079004,08,35
17,14,28079008,08,46
17,14,28079011,08,67
17,14,28079016,08,39
17,14,28079017,08,25
17,14,28079018,08,19
17,14,28079024,08,3
17,14,28079027,08,15
17,14,28079035,08,29
17,14,28079036,08,27
17,14,28079038,08,41
17,14,28079039,08,39
17,14,28079040,08,21
17,14,28079047,08,15
17,14,28079048,08,48
17,14,28079049,08,20
17,14,28079050,08,73
17,14,28079054,08,13
17,14,28079055,08,17
17,14,28079056,08,33
17,14,28079057,08,25
17,14,28079058,08,9
17,14,28079059,08,17
17,14,28079060,08,23
17,14,28079008,09,8
17,14,28079024,09,2
17,14,28079038,09,2
17,14,28079047,09,3
17,14,28079048,09,2
17,14,28079050,09,9
17,14,28079008,10,8
17,14,28079018,10,6
17,14,28079024,10,3
17,14,28079036,10,3
17,14,28079038,10,9
17,14,28079040,10,5
17,14,28079047,10,4
17,14,28079048,10,16
17,14,28079050,10,21
17,14,28079055,10,9
17,14,28079057,10,6
17,14,28079060,10,3
17,14,28079008,14,31
17,14,28079016,14,34
17,14,28079017,14,49
17,14,28079018,14,49
17,14,28079024,14,66
17,14,28079027,14,60
17,14,28079035,14,44
17,14,28079039,14,43
17,14,28079049,14,52
17,14,28079054,14,54
17,14,28079056,14,43
17,14,28079058,14,60
17,14,28079059,14,42
17,14,28079060,14,50
17,14,28079008,20,8.5
17,14,28079011,20,7
17,14,28079018,20,0.7
17,14,28079024,20,0.5
17,14,28079038,20,2.7
17,14,28079055,20,0.6
17,14,28079008,30,2
17,14,28079011,30,2.7
17,14,28079018,30,0.2
17,14,28079024,30,0.5
17,14,28079038,30,0.7
17,14,28079055,30,0.1
17,14,28079008,35,1.9
17,14,28079011,35,0.8
17,14,28079018,35,1
17,14,28079024,35,0.4
17,14,28079038,35,0.5
17,14,28079055,35,1
17,14,28079024,42,1.32
17,14,28079027,42,1.2
17,14,28079055,42,1.42
17,14,28079024,44,0.24
17,14,28079027,44,0.12
17,14,28079055,44,0.12
17,15,28079004,01,7
17,15,28079008,01,6
17,15,28079017,01,3
17,15,28079018,01,2
17,15,28079024,01,1
17,15,28079035,01,6
17,15,28079036,01,3
17,15,28079038,01,6
17,15,28079040,01,6
17,15,28079057,01,5
17,15,28079004,06,0.3
17,15,28079008,06,0.5
17,15,28079016,06,0.4
17,15,28079018,06,0.3
17,15,28079024,06,0.2
17,15,28079035,06,0.4
17,15,28079036,06,0.3
17,15,28079039,06,0.3
17,15,28079056,06,0.4
17,15,28079057,06,0.3
17,15,28079004,07,16
17,15,28079008,07,41
17,15,28079011,07,38
17,15,28079016,07,16
17,15,28079017,07,12
17,15,28079018,07,4
17,15,28079024,07,1
17,15,28079027,07,7
17,15,28079035,07,16
17,15,28079036,07,16
17,15,28079038,07,28
17,15,28079039,07,11
17,15,28079040,07,10
17,15,28079047,07,4
17,15,28079048,07,24
17,15,28079049,07,3
17,15,28079050,07,77
17,15,28079054,07,6
17,15,28079055,07,7
17,15,28079056,07,34
17,15,28079057,07,12
17,15,28079058,07,5
17,15,28079059,07,7
17,15,28079060,07,5
17,15,28079004,08,38
17,15,28079008,08,51
17,15,28079011,08,73
17,15,28079016,08,46
17,15,28079017,08,29
17,15,28079018,08,19
17,15,28079024,08,4
17,15,28079027,08,24
17,15,28079035,08,35
17,15,28079036,08,29
17,15,28079038,08,44
17,15,28079039,08,42
17,15,28079040,08,27
17,15,28079047,08,17
17,15,28079048,08,45
17,15,28079049,08,18
17,15,28079050,08,73
17,15,28079054,08,15
17,15,28079055,08,25
17,15,28079056,08,50
17,15,28079057,08,31
17,15,28079058,08,14
17,15,28079059,08,21
17,15,28079060,08,28
17,15,28079008,09,8
17,15,28079024,09,3
17,15,28079038,09,4
17,15,28079047,09,2
17,15,28079048,09,1
17,15,28079050,09,12
17,15,28079008,10,8
17,15,28079018,10,7
17,15,28079024,10,3
17,15,28079036,10,6
17,15,28079038,10,8
17,15,28079040,10,8
17,15,28079047,10,4
17,15,28079048,10,10
17,15,28079050,10,23
17,15,28079055,10,3
17,15,28079057,10,7
17,15,28079060,10,3
17,15,28079008,14,28
17,15,28079016,14,30
17,15,28079017,14,47
17,15,28079018,14,50
17,15,28079024,14,65
17,15,28079027,14,54
17,15,28079035,14,40
17,15,28079039,14,39
17,15,28079049,14,45
17,15,28079054,14,53
17,15,28079056,14,39
17,15,28079058,14,56
17,15,28079059,14,39
17,15,28079060,14,48
17,15,28079008,20,8.8
17,15,28079011,20,6.8
17,15,28079018,20,0.9
17,15,28079024,20,0.3
17,15,28079038,20,2.8
17,15,28079055,20,0.9
17,15,28079008,30,2.1
17,15,28079011,30,2.7
17,15,28079018,30,0.2
17,15,28079024,30,0.4
17,15,28079038,30,0.7
17,15,28079055,30,0.2
17,15,28079008,35,1.8
17,15,28079011,35,0.9
17,15,28079018,35,0.7
17,15,28079024,35,0.4
17,15,28079038,35,0.5
17,15,28079055,35,1
17,15,28079024,42,1.32
17,15,28079027,42,1.2
17,15,28079055,42,1.44
17,15,28079024,44,0.24
17,15,28079027,44,0.12
17,15,28079055,44,0.14
17,16,28079004,01,6
17,16,28079008,01,6
17,16,28079017,01,3
17,16,28079018,01,2
17,16,28079024,01,1
17,16,28079035,01,6
17,16,28079036,01,3
17,16,28079038,01,5
17,16,28079040,01,6
17,16,28079057,01,5
17,16,28079004,06,0.3
17,16,28079008,06,0.4
17,16,28079016,06,0.3
17,16,28079018,06,0.3
17,16,28079024,06,0.2
17,16,28079035,06,0.3
17,16,28079036,06,0.3
17,16,28079039,06,0.2
17,16,28079056,06,0.3
17,16,28079057,06,0.3
17,16,28079004,07,12
17,16,28079008,07,35
17,16,28079011,07,32
17,16,28079016,07,16
17,16,28079017,07,12
17,16,28079018,07,5
17,16,28079024,07,1
17,16,28079027,07,8
17,16,28079035,07,12
17,16,28079036,07,16
17,16,28079038,07,26
17,16,28079039,07,16
17,16,28079040,07,11
17,16,28079047,07,5
17,16,28079048,07,18
17,16,28079049,07,3
17,16,28079050,07,66
17,16,28079054,07,7
17,16,28079055,07,9
17,16,28079056,07,26
17,16,28079057,07,12
17,16,28079058,07,5
17,16,28079059,07,6
17,16,28079060,07,6
17,16,28079004,08,30
17,16,28079008,08,43
17,16,28079011,08,68
17,16,28079016,08,39
17,16,28079017,08,27
17,16,28079018,08,26
17,16,28079024,08,6
17,16,28079027,08,25
17,16,28079035,08,27
17,16,28079036,08,29
17,16,28079038,08,38
17,16,28079039,08,34
17,16,28079040,08,29
17,16,28079047,08,18
17,16,28079048,08,35
17,16,28079049,08,17
17,16,28079050,08,64
17,16,28079054,08,16
17,16,28079055,08,30
17,16,28079056,08,43
17,16,28079057,08,27
17,16,28079058,08,10
17,16,28079059,08,15
17,16,28079060,08,23
17,16,28079008,09,8
17,16,28079024,09,3
17,16,28079038,09,5
17,16,28079047,09,3
17,16,28079048,09,2
17,16,28079050,09,10
17,16,28079008,10,8
17,16,28079018,10,8
17,16,28079024,10,4
17,16,28079036,10,8
17,16,28079038,10,9
17,16,28079040,10,9
17,16,28079047,10,6
17,16,28079048,10,8
17,16,28079050,10,20
17,16,28079055,10,9
17,16,28079057,10,9
17,16,28079060,10,3
17,16,28079008,14,35
17,16,28079016,14,36
17,16,28079017,14,48
17,16,28079018,14,38
17,16,28079024,14,63
17,16,28079027,14,53
17,16,28079035,14,47
17,16,28079039,14,47
17,16,28079049,14,45
17,16,28079054,14,53
17,16,28079056,14,43
17,16,28079058,14,61
17,16,28079059,14,44
17,16,28079060,14,53
17,16,28079008,20,6.3
17,16,28079011,20,8.6
17,16,28079018,20,0.8
17,16,28079024,20,0.3
17,16,28079038,20,6.9
17,16,28079055,20,1.4
17,16,28079008,30,1.6
17,16,28079011,30,3.7
17,16,28079018,30,0.2
17,16,28079024,30,0.4
17,16,28079038,30,1.7
17,16,28079055,30,0.4
17,16,28079008,35,1.5
17,16,28079011,35,1.8
17,16,28079018,35,0.9
17,16,28079024,35,0.4
17,16,28079038,35,1.2
17,16,28079055,35,1
17,16,28079024,42,1.32
17,16,28079027,42,1.21
17,16,28079055,42,1.44
17,16,28079024,44,0.24
17,16,28079027,44,0.14
17,16,28079055,44,0.14
17,17,28079004,01,5
17,17,28079008,01,5
17,17,28079017,01,4
17,17,28079018,01,3
17,17,28079024,01,1
17,17,28079035,01,6
17,17,28079036,01,3
17,17,28079038,01,6
17,17,28079040,01,6
17,17,28079057,01,6
17,17,28079004,06,0.3
17,17,28079008,06,0.5
17,17,28079016,06,0.3
17,17,28079018,06,0.3
17,17,28079024,06,0.2
17,17,28079035,06,0.3
17,17,28079036,06,0.3
17,17,28079039,06,0.2
17,17,28079056,06,0.6
17,17,28079057,06,0.3
17,17,28079004,07,13
17,17,28079008,07,47
17,17,28079011,07,17
17,17,28079016,07,13
17,17,28079017,07,27
17,17,28079018,07,8
17,17,28079024,07,1
17,17,28079027,07,5
17,17,28079035,07,8
17,17,28079036,07,13
17,17,28079038,07,28
17,17,28079039,07,13
17,17,28079040,07,14
17,17,28079047,07,4
17,17,28079048,07,23
17,17,28079049,07,3
17,17,28079050,07,51
17,17,28079054,07,7
17,17,28079055,07,4
17,17,28079056,07,43
17,17,28079057,07,11
17,17,28079058,07,3
17,17,28079059,07,4
17,17,28079060,07,5
17,17,28079004,08,42
17,17,28079008,08,54
17,17,28079011,08,59
17,17,28079016,08,42
17,17,28079017,08,42
17,17,28079018,08,40
17,17,28079024,08,8
17,17,28079027,08,20
17,17,28079035,08,27
17,17,28079036,08,29
17,17,28079038,08,47
17,17,28079039,08,32
17,17,28079040,08,36
17,17,28079047,08,22
17,17,28079048,08,46
17,17,28079049,08,23
17,17,28079050,08,61
17,17,28079054,08,19
17,17,28079055,08,19
17,17,28079056,08,56
17,17,28079057,08,30
17,17,28079058,08,4
17,17,28079059,08,14
17,17,28079060,08,26
17,17,28079008,09,10
17,17,28079024,09,5
17,17,28079038,09,7
17,17,28079047,09,5
17,17,28079048,09,13
17,17,28079050,09,10
17,17,28079008,10,10
17,17,28079018,10,9
17,17,28079024,10,5
17,17,28079036,10,12
17,17,28079038,10,11
17,17,28079040,10,12
17,17,28079047,10,8
17,17,28079048,10,15
17,17,28079050,10,20
17,17,28079055,10,6
17,17,28079057,10,9
17,17,28079060,10,6
17,17,28079008,14,27
17,17,28079016,14,33
17,17,28079017,14,32
17,17,28079018,14,26
17,17,28079024,14,57
17,17,28079027,14,59
17,17,28079035,14,44
17,17,28079039,14,49
17,17,28079049,14,47
17,17,28079054,14,49
17,17,28079056,14,30
17,17,28079058,14,66
17,17,28079059,14,43
17,17,28079060,14,50
17,17,28079008,20,6.5
17,17,28079011,20,7
17,17,28079018,20,1.2
17,17,28079024,20,0.3
17,17,28079038,20,2.8
17,17,28079055,20,0.9
17,17,28079008,30,1.7
17,17,28079011,30,2.7
17,17,28079018,30,0.3
17,17,28079024,30,0.4
17,17,28079038,30,0.6
17,17,28079055,30,0.1
17,17,28079008,35,1.6
17,17,28079011,35,0.9
17,17,28079018,35,0.9
17,17,28079024,35,0.3
17,17,28079038,35,0.5
17,17,28079055,35,1
17,17,28079024,42,1.32
17,17,28079027,42,1.2
17,17,28079055,42,1.43
17,17,28079024,44,0.24
17,17,28079027,44,0.13
17,17,28079055,44,0.13
17,18,28079004,01,5
17,18,28079008,01,6
17,18,28079017,01,4
17,18,28079018,01,3
17,18,28079024,01,1
17,18,28079035,01,6
17,18,28079036,01,3
17,18,28079038,01,6
17,18,28079040,01,5
17,18,28079057,01,5
17,18,28079004,06,0.4
17,18,28079008,06,0.5
17,18,28079016,06,0.5
17,18,28079018,06,0.3
17,18,28079024,06,0.2
17,18,28079035,06,0.4
17,18,28079036,06,0.3
17,18,28079039,06,0.3
17,18,28079056,06,0.3
17,18,28079057,06,0.3
17,18,28079004,07,24
17,18,28079008,07,55
17,18,28079011,07,35
17,18,28079016,07,25
17,18,28079017,07,18
17,18,28079018,07,11
17,18,28079024,07,1
17,18,28079027,07,3
17,18,28079035,07,11
17,18,28079036,07,18
17,18,28079038,07,35
17,18,28079039,07,14
17,18,28079040,07,17
17,18,28079047,07,6
17,18,28079048,07,32
17,18,28079049,07,5
17,18,28079050,07,69
17,18,28079054,07,10
17,18,28079055,07,6
17,18,28079056,07,68
17,18,28079057,07,10
17,18,28079058,07,4
17,18,28079059,07,5
17,18,28079060,07,6
17,18,28079004,08,61
17,18,28079008,08,64
17,18,28079011,08,75
17,18,28079016,08,66
17,18,28079017,08,43
17,18,28079018,08,50
17,18,28079024,08,12
17,18,28079027,08,18
17,18,28079035,08,43
17,18,28079036,08,43
17,18,28079038,08,58
17,18,28079039,08,48
17,18,28079040,08,50
17,18,28079047,08,37
17,18,28079048,08,60
17,18,28079049,08,44
17,18,28079050,08,74
17,18,28079054,08,31
17,18,28079055,08,32
17,18,28079056,08,74
17,18,28079057,08,38
17,18,28079058,08,10
17,18,28079059,08,28
17,18,28079060,08,34
17,18,28079008,09,14
17,18,28079024,09,6
17,18,28079038,09,8
17,18,28079047,09,10
17,18,28079048,09,10
17,18,28079050,09,11
17,18,28079008,10,15
17,18,28079018,10,12
17,18,28079024,10,7
17,18,28079036,10,29
17,18,28079038,10,13
17,18,28079040,10,18
17,18,28079047,10,14
17,18,28079048,10,20
17,18,28079050,10,25
17,18,28079055,10,9
17,18,28079057,10,9
17,18,28079060,10,6
17,18,28079008,14,13
17,18,28079016,14,16
17,18,28079017,14,26
17,18,28079018,14,21
17,18,28079024,14,50
17,18,28079027,14,60
17,18,28079035,14,26
17,18,28079039,14,36
17,18,28079049,14,23
17,18,28079054,14,32
17,18,28079056,14,15
17,18,28079058,14,60
17,18,28079059,14,31
17,18,28079060,14,44
17,18,28079008,20,6.4
17,18,28079011,20,7.1
17,18,28079018,20,1.7
17,18,28079024,20,0.4
17,18,28079038,20,4
17,18,28079055,20,0.7
17,18,28079008,30,2
17,18,28079011,30,3.1
17,18,28079018,30,0.3
17,18,28079024,30,0.4
17,18,28079038,30,0.9
17,18,28079055,30,0.2
17,18,28079008,35,1.8
17,18,28079011,35,1.1
17,18,28079018,35,0.3
17,18,28079024,35,0.3
17,18,28079038,35,0.6
17,18,28079055,35,1
17,18,28079024,42,1.32
17,18,28079027,42,1.2
17,18,28079055,42,1.45
17,18,28079024,44,0.24
17,18,28079027,44,0.12
17,18,28079055,44,0.15
17,19,28079004,01,5
17,19,28079008,01,6
17,19,28079017,01,4
17,19,28079018,01,2
17,19,28079024,01,1
17,19,28079035,01,5
17,19,28079036,01,2
17,19,28079038,01,6
17,19,28079040,01,5
17,19,28079057,01,6
17,19,28079004,06,0.4
17,19,28079008,06,0.6
17,19,28079016,06,0.4
17,19,28079018,06,0.4
17,19,28079024,06,0.2
17,19,28079035,06,0.4
17,19,28079036,06,0.4
17,19,28079039,06,0.4
17,19,28079056,06,0.3
17,19,28079057,06,0.3
17,19,28079004,07,19
17,19,28079008,07,67
17,19,28079011,07,40
17,19,28079016,07,15
17,19,28079017,07,19
17,19,28079018,07,7
17,19,28079024,07,1
17,19,28079027,07,10
17,19,28079035,07,16
17,19,28079036,07,22
17,19,28079038,07,37
17,19,28079039,07,25
17,19,28079040,07,17
17,19,28079047,07,6
17,19,28079048,07,31
17,19,28079049,07,5
17,19,28079050,07,81
17,19,28079054,07,6
17,19,28079055,07,30
17,19,28079056,07,24
17,19,28079057,07,10
17,19,28079058,07,4
17,19,28079059,07,6
17,19,28079060,07,9
17,19,28079004,08,62
17,19,28079008,08,70
17,19,28079011,08,79
17,19,28079016,08,62
17,19,28079017,08,61
17,19,28079018,08,49
17,19,28079024,08,20
17,19,28079027,08,57
17,19,28079035,08,49
17,19,28079036,08,48
17,19,28079038,08,67
17,19,28079039,08,71
17,19,28079040,08,59
17,19,28079047,08,45
17,19,28079048,08,62
17,19,28079049,08,48
17,19,28079050,08,88
17,19,28079054,08,33
17,19,28079055,08,74
17,19,28079056,08,60
17,19,28079057,08,44
17,19,28079058,08,25
17,19,28079059,08,44
17,19,28079060,08,51
17,19,28079008,09,15
17,19,28079024,09,8
17,19,28079038,09,13
17,19,28079047,09,8
17,19,28079048,09,18
17,19,28079050,09,16
17,19,28079008,10,16
17,19,28079018,10,13
17,19,28079024,10,9
17,19,28079036,10,18
17,19,28079038,10,16
17,19,28079040,10,15
17,19,28079047,10,11
17,19,28079048,10,31
17,19,28079050,10,37
17,19,28079055,10,23
17,19,28079057,10,12
17,19,28079060,10,24
17,19,28079008,14,7
17,19,28079016,14,17
17,19,28079017,14,13
17,19,28079018,14,17
17,19,28079024,14,37
17,19,28079027,14,25
17,19,28079035,14,15
17,19,28079039,14,15
17,19,28079049,14,16
17,19,28079054,14,26
17,19,28079056,14,16
17,19,28079058,14,41
17,19,28079059,14,17
17,19,28079060,14,26
17,19,28079008,20,7.1
17,19,28079011,20,7.2
17,19,28079018,20,1.7
17,19,28079024,20,0.7
17,19,28079038,20,4.9
17,19,28079055,20,2.2
17,19,28079008,30,2.2
17,19,28079011,30,3.1
17,19,28079018,30,0.3
17,19,28079024,30,0.4
17,19,28079038,30,1.1
17,19,28079055,30,0.4
17,19,28079008,35,2
17,19,28079011,35,1.4
17,19,28079018,35,0.1
17,19,28079024,35,0.4
17,19,28079038,35,0.9
17,19,28079055,35,0.7
17,19,28079024,42,1.33
17,19,28079027,42,1.24
17,19,28079055,42,1.52
17,19,28079024,44,0.24
17,19,28079027,44,0.15
17,19,28079055,44,0.19
17,2,28079004,01,3
17,2,28079008,01,3
17,2,28079017,01,3
17,2,28079018,01,2
17,2,28079024,01,1
17,2,28079035,01,4
17,2,28079036,01,1
17,2,28079038,01,3
17,2,28079040,01,4
17,2,28079057,01,5
17,2,28079004,06,0.2
17,2,28079008,06,0.3
17,2,28079016,06,0.2
17,2,28079018,06,0.2
17,2,28079024,06,0.2
17,2,28079035,06,0.2
17,2,28079036,06,0.2
17,2,28079039,06,0.1
17,2,28079056,06,0.1
17,2,28079057,06,0.2
17,2,28079004,07,1
17,2,28079008,07,9
17,2,28079011,07,1
17,2,28079016,07,1
17,2,28079017,07,1
17,2,28079018,07,1
17,2,28079024,07,1
17,2,28079027,07,1
17,2,28079035,07,4
17,2,28079036,07,1
17,2,28079038,07,3
17,2,28079039,07,1
17,2,28079040,07,2
17,2,28079047,07,1
17,2,28079048,07,1
17,2,28079049,07,1
17,2,28079050,07,3
17,2,28079054,07,3
17,2,28079055,07,1
17,2,28079056,07,1
17,2,28079057,07,1
17,2,28079058,07,1
17,2,28079059,07,2
17,2,28079060,07,1
17,2,28079004,08,8
17,2,28079008,08,24
17,2,28079011,08,16
17,2,28079016,08,9
17,2,28079017,08,5
17,2,28079018,08,4
17,2,28079024,08,1
17,2,28079027,08,3
17,2,28079035,08,14
17,2,28079036,08,3
17,2,28079038,08,9
17,2,28079039,08,7
17,2,28079040,08,8
17,2,28079047,08,5
17,2,28079048,08,10
17,2,28079049,08,7
17,2,28079050,08,9
17,2,28079054,08,5
17,2,28079055,08,5
17,2,28079056,08,9
17,2,28079057,08,5
17,2,28079058,08,1
17,2,28079059,08,1
17,2,28079060,08,5
17,2,28079008,09,4
17,2,28079024,09,2
17,2,28079038,09,3
17,2,28079047,09,3
17,2,28079048,09,2
17,2,28079050,09,3
17,2,28079008,10,3
17,2,28079018,10,3
17,2,28079024,10,3
17,2,28079036,10,3
17,2,28079038,10,3
17,2,28079040,10,2
17,2,28079047,10,2
17,2,28079048,10,3
17,2,28079050,10,3
17,2,28079055,10,4
17,2,28079057,10,5
17,2,28079060,10,3
17,2,28079008,14,40
17,2,28079016,14,52
17,2,28079017,14,58
17,2,28079018,14,58
17,2,28079024,14,62
17,2,28079027,14,67
17,2,28079035,14,52
17,2,28079039,14,62
17,2,28079049,14,56
17,2,28079054,14,56
17,2,28079056,14,35
17,2,28079058,14,66
17,2,28079059,14,53
17,2,28079060,14,63
17,2,28079008,20,1.5
17,2,28079011,20,1.6
17,2,28079018,20,0.2
17,2,28079024,20,0.3
17,2,28079038,20,0.4
17,2,28079055,20,0.9
17,2,28079008,30,0.5
17,2,28079011,30,1
17,2,28079018,30,0.2
17,2,28079024,30,0.4
17,2,28079038,30,0.2
17,2,28079055,30,0.2
17,2,28079008,35,0.7
17,2,28079011,35,1
17,2,28079018,35,1
17,2,28079024,35,0.3
17,2,28079038,35,1
17,2,28079055,35,1
17,2,28079024,42,1.31
17,2,28079027,42,1.19
17,2,28079055,42,1.4
17,2,28079024,44,0.24
17,2,28079027,44,0.12
17,2,28079055,44,0.11
17,20,28079004,01,5
17,20,28079008,01,5
17,20,28079017,01,4
17,20,28079018,01,3
17,20,28079024,01,1
17,20,28079035,01,5
17,20,28079036,01,3
17,20,28079038,01,6
17,20,28079040,01,6
17,20,28079057,01,6
17,20,28079004,06,0.5
17,20,28079008,06,0.6
17,20,28079016,06,0.5
17,20,28079018,06,0.4
17,20,28079024,06,0.2
17,20,28079035,06,0.4
17,20,28079036,06,0.4
17,20,28079039,06,0.5
17,20,28079056,06,0.3
17,20,28079057,06,0.4
17,20,28079004,07,33
17,20,28079008,07,45
17,20,28079011,07,18
17,20,28079016,07,29
17,20,28079017,07,34
17,20,28079018,07,10
17,20,28079024,07,1
17,20,28079027,07,8
17,20,28079035,07,13
17,20,28079036,07,32
17,20,28079038,07,47
17,20,28079039,07,52
17,20,28079040,07,39
17,20,28079047,07,9
17,20,28079048,07,32
17,20,28079049,07,4
17,20,28079050,07,81
17,20,28079054,07,10
17,20,28079055,07,26
17,20,28079056,07,26
17,20,28079057,07,20
17,20,28079058,07,4
17,20,28079059,07,9
17,20,28079060,07,15
17,20,28079004,08,68
17,20,28079008,08,63
17,20,28079011,08,64
17,20,28079016,08,72
17,20,28079017,08,71
17,20,28079018,08,58
17,20,28079024,08,21
17,20,28079027,08,62
17,20,28079035,08,48
17,20,28079036,08,54
17,20,28079038,08,70
17,20,28079039,08,85
17,20,28079040,08,74
17,20,28079047,08,55
17,20,28079048,08,62
17,20,28079049,08,49
17,20,28079050,08,85
17,20,28079054,08,48
17,20,28079055,08,71
17,20,28079056,08,66
17,20,28079057,08,61
17,20,28079058,08,31
17,20,28079059,08,46
17,20,28079060,08,63
17,20,28079008,09,13
17,20,28079024,09,6
17,20,28079038,09,13
17,20,28079047,09,8
17,20,28079048,09,19
17,20,28079050,09,18
17,20,28079008,10,11
17,20,28079018,10,11
17,20,28079024,10,7
17,20,28079036,10,13
17,20,28079038,10,16
17,20,28079040,10,17
17,20,28079047,10,10
17,20,28079048,10,35
17,20,28079050,10,35
17,20,28079055,10,17
17,20,28079057,10,15
17,20,28079060,10,28
17,20,28079008,14,9
17,20,28079016,14,9
17,20,28079017,14,8
17,20,28079018,14,13
17,20,28079024,14,37
17,20,28079027,14,19
17,20,28079035,14,16
17,20,28079039,14,7
17,20,28079049,14,15
17,20,28079054,14,16
17,20,28079056,14,11
17,20,28079058,14,27
17,20,28079059,14,13
17,20,28079060,14,13
17,20,28079008,20,8.8
17,20,28079011,20,9.4
17,20,28079018,20,1.6
17,20,28079024,20,0.8
17,20,28079038,20,4.4
17,20,28079055,20,3.6
17,20,28079008,30,3
17,20,28079011,30,3.7
17,20,28079018,30,0.3
17,20,28079024,30,0.5
17,20,28079038,30,1.3
17,20,28079055,30,0.7
17,20,28079008,35,2.8
17,20,28079011,35,2.4
17,20,28079018,35,0.6
17,20,28079024,35,0.5
17,20,28079038,35,0.9
17,20,28079055,35,0.6
17,20,28079024,42,1.33
17,20,28079027,42,1.24
17,20,28079055,42,1.5
17,20,28079024,44,0.24
17,20,28079027,44,0.15
17,20,28079055,44,0.17
17,21,28079004,01,5
17,21,28079008,01,5
17,21,28079017,01,4
17,21,28079018,01,2
17,21,28079024,01,1
17,21,28079035,01,4
17,21,28079036,01,3
17,21,28079038,01,5
17,21,28079040,01,6
17,21,28079057,01,6
17,21,28079004,06,0.4
17,21,28079008,06,0.5
17,21,28079016,06,0.5
17,21,28079018,06,0.3
17,21,28079024,06,0.2
17,21,28079035,06,0.4
17,21,28079036,06,0.5
17,21,28079039,06,0.4
17,21,28079056,06,0.3
17,21,28079057,06,0.4
17,21,28079004,07,18
17,21,28079008,07,45
17,21,28079011,07,13
17,21,28079016,07,20
17,21,28079017,07,34
17,21,28079018,07,7
17,21,28079024,07,1
17,21,28079027,07,14
17,21,28079035,07,12
17,21,28079036,07,37
17,21,28079038,07,26
17,21,28079039,07,38
17,21,28079040,07,37
17,21,28079047,07,12
17,21,28079048,07,28
17,21,28079049,07,5
17,21,28079050,07,63
17,21,28079054,07,18
17,21,28079055,07,23
17,21,28079056,07,14
17,21,28079057,07,19
17,21,28079058,07,4
17,21,28079059,07,8
17,21,28079060,07,8
17,21,28079004,08,58
17,21,28079008,08,60
17,21,28079011,08,60
17,21,28079016,08,67
17,21,28079017,08,68
17,21,28079018,08,50
17,21,28079024,08,17
17,21,28079027,08,66
17,21,28079035,08,42
17,21,28079036,08,55
17,21,28079038,08,57
17,21,28079039,08,74
17,21,28079040,08,77
17,21,28079047,08,58
17,21,28079048,08,59
17,21,28079049,08,50
17,21,28079050,08,74
17,21,28079054,08,63
17,21,28079055,08,71
17,21,28079056,08,53
17,21,28079057,08,60
17,21,28079058,08,31
17,21,28079059,08,39
17,21,28079060,08,55
17,21,28079008,09,13
17,21,28079024,09,6
17,21,28079038,09,10
17,21,28079047,09,8
17,21,28079048,09,12
17,21,28079050,09,15
17,21,28079008,10,11
17,21,28079018,10,9
17,21,28079024,10,7
17,21,28079036,10,12
17,21,28079038,10,11
17,21,28079040,10,18
17,21,28079047,10,11
17,21,28079048,10,22
17,21,28079050,10,26
17,21,28079055,10,18
17,21,28079057,10,16
17,21,28079060,10,24
17,21,28079008,14,12
17,21,28079016,14,10
17,21,28079017,14,7
17,21,28079018,14,17
17,21,28079024,14,40
17,21,28079027,14,14
17,21,28079035,14,19
17,21,28079039,14,8
17,21,28079049,14,13
17,21,28079054,14,6
17,21,28079056,14,18
17,21,28079058,14,28
17,21,28079059,14,16
17,21,28079060,14,13
17,21,28079008,20,7.1
17,21,28079011,20,6.3
17,21,28079018,20,1.1
17,21,28079024,20,0.6
17,21,28079038,20,3.8
17,21,28079055,20,2.8
17,21,28079008,30,2.4
17,21,28079011,30,2.8
17,21,28079018,30,0.3
17,21,28079024,30,0.5
17,21,28079038,30,1.2
17,21,28079055,30,0.7
17,21,28079008,35,2
17,21,28079011,35,0.9
17,21,28079018,35,0.9
17,21,28079024,35,0.5
17,21,28079038,35,0.8
17,21,28079055,35,0.4
17,21,28079024,42,1.33
17,21,28079027,42,1.27
17,21,28079055,42,1.51
17,21,28079024,44,0.24
17,21,28079027,44,0.16
17,21,28079055,44,0.17
17,22,28079004,01,4
17,22,28079008,01,5
17,22,28079017,01,3
17,22,28079018,01,2
17,22,28079024,01,1
17,22,28079035,01,4
17,22,28079036,01,3
17,22,28079038,01,4
17,22,28079040,01,5
17,22,28079057,01,6
17,22,28079004,06,0.3
17,22,28079008,06,0.5
17,22,28079016,06,0.5
17,22,28079018,06,0.3
17,22,28079024,06,0.2
17,22,28079035,06,0.4
17,22,28079036,06,0.4
17,22,28079039,06,0.4
17,22,28079056,06,0.3
17,22,28079057,06,0.3
17,22,28079004,07,14
17,22,28079008,07,49
17,22,28079011,07,9
17,22,28079016,07,19
17,22,28079017,07,17
17,22,28079018,07,4
17,22,28079024,07,1
17,22,28079027,07,6
17,22,28079035,07,10
17,22,28079036,07,21
17,22,28079038,07,21
17,22,28079039,07,31
17,22,28079040,07,23
17,22,28079047,07,7
17,22,28079048,07,32
17,22,28079049,07,4
17,22,28079050,07,41
17,22,28079054,07,10
17,22,28079055,07,9
17,22,28079056,07,17
17,22,28079057,07,9
17,22,28079058,07,6
17,22,28079059,07,5
17,22,28079060,07,6
17,22,28079004,08,45
17,22,28079008,08,59
17,22,28079011,08,57
17,22,28079016,08,65
17,22,28079017,08,50
17,22,28079018,08,38
17,22,28079024,08,12
17,22,28079027,08,51
17,22,28079035,08,44
17,22,28079036,08,50
17,22,28079038,08,53
17,22,28079039,08,68
17,22,28079040,08,67
17,22,28079047,08,50
17,22,28079048,08,58
17,22,28079049,08,46
17,22,28079050,08,59
17,22,28079054,08,43
17,22,28079055,08,62
17,22,28079056,08,62
17,22,28079057,08,50
17,22,28079058,08,36
17,22,28079059,08,36
17,22,28079060,08,52
17,22,28079008,09,11
17,22,28079024,09,5
17,22,28079038,09,6
17,22,28079047,09,7
17,22,28079048,09,8
17,22,28079050,09,11
17,22,28079008,10,10
17,22,28079018,10,7
17,22,28079024,10,6
17,22,28079036,10,8
17,22,28079038,10,9
17,22,28079040,10,14
17,22,28079047,10,8
17,22,28079048,10,17
17,22,28079050,10,22
17,22,28079055,10,8
17,22,28079057,10,9
17,22,28079060,10,6
17,22,28079008,14,12
17,22,28079016,14,12
17,22,28079017,14,16
17,22,28079018,14,23
17,22,28079024,14,42
17,22,28079027,14,26
17,22,28079035,14,18
17,22,28079039,14,10
17,22,28079049,14,18
17,22,28079054,14,16
17,22,28079056,14,13
17,22,28079058,14,24
17,22,28079059,14,20
17,22,28079060,14,15
17,22,28079008,20,6.6
17,22,28079011,20,5.7
17,22,28079018,20,0.8
17,22,28079024,20,0.6
17,22,28079038,20,3.4
17,22,28079055,20,2.1
17,22,28079008,30,2.3
17,22,28079011,30,2.6
17,22,28079018,30,0.2
17,22,28079024,30,0.5
17,22,28079038,30,1
17,22,28079055,30,0.6
17,22,28079008,35,1.6
17,22,28079011,35,0.7
17,22,28079018,35,1
17,22,28079024,35,0.4
17,22,28079038,35,0.7
17,22,28079055,35,0.5
17,22,28079024,42,1.33
17,22,28079027,42,1.25
17,22,28079055,42,1.48
17,22,28079024,44,0.23
17,22,28079027,44,0.14
17,22,28079055,44,0.15
17,23,28079004,01,4
17,23,28079008,01,4
17,23,28079017,01,3
17,23,28079018,01,2
17,23,28079024,01,1
17,23,28079035,01,4
17,23,28079036,01,2
17,23,28079038,01,3
17,23,28079040,01,5
17,23,28079057,01,6
17,23,28079004,06,0.3
17,23,28079008,06,0.4
17,23,28079016,06,0.4
17,23,28079018,06,0.3
17,23,28079024,06,0.2
17,23,28079035,06,0.3
17,23,28079036,06,0.3
17,23,28079039,06,0.3
17,23,28079056,06,0.3
17,23,28079057,06,0.3
17,23,28079004,07,9
17,23,28079008,07,25
17,23,28079011,07,2
17,23,28079016,07,12
17,23,28079017,07,6
17,23,28079018,07,2
17,23,28079024,07,1
17,23,28079027,07,3
17,23,28079035,07,5
17,23,28079036,07,10
17,23,28079038,07,6
17,23,28079039,07,10
17,23,28079040,07,5
17,23,28079047,07,5
17,23,28079048,07,11
17,23,28079049,07,3
17,23,28079050,07,24
17,23,28079054,07,5
17,23,28079055,07,10
17,23,28079056,07,10
17,23,28079057,07,5
17,23,28079058,07,2
17,23,28079059,07,3
17,23,28079060,07,2
17,23,28079004,08,36
17,23,28079008,08,47
17,23,28079011,08,36
17,23,28079016,08,57
17,23,28079017,08,28
17,23,28079018,08,28
17,23,28079024,08,7
17,23,28079027,08,52
17,23,28079035,08,28
17,23,28079036,08,37
17,23,28079038,08,27
17,23,28079039,08,41
17,23,28079040,08,35
17,23,28079047,08,43
17,23,28079048,08,37
17,23,28079049,08,42
17,23,28079050,08,44
17,23,28079054,08,17
17,23,28079055,08,64
17,23,28079056,08,46
17,23,28079057,08,34
17,23,28079058,08,12
17,23,28079059,08,29
17,23,28079060,08,30
17,23,28079008,09,10
17,23,28079024,09,5
17,23,28079038,09,6
17,23,28079047,09,7
17,23,28079048,09,11
17,23,28079050,09,10
17,23,28079008,10,9
17,23,28079018,10,6
17,23,28079024,10,5
17,23,28079036,10,13
17,23,28079038,10,7
17,23,28079040,10,9
17,23,28079047,10,9
17,23,28079048,10,22
17,23,28079050,10,18
17,23,28079055,10,12
17,23,28079057,10,8
17,23,28079060,10,11
17,23,28079008,14,18
17,23,28079016,14,15
17,23,28079017,14,29
17,23,28079018,14,28
17,23,28079024,14,45
17,23,28079027,14,23
17,23,28079035,14,30
17,23,28079039,14,24
17,23,28079049,14,20
17,23,28079054,14,34
17,23,28079056,14,20
17,23,28079058,14,37
17,23,28079059,14,24
17,23,28079060,14,31
17,23,28079008,20,5.5
17,23,28079011,20,5
17,23,28079018,20,0.7
17,23,28079024,20,0.6
17,23,28079038,20,1.8
17,23,28079055,20,2.3
17,23,28079008,30,1.9
17,23,28079011,30,2.1
17,23,28079018,30,0.2
17,23,28079024,30,0.5
17,23,28079038,30,0.6
17,23,28079055,30,0.6
17,23,28079008,35,1.5
17,23,28079011,35,0.8
17,23,28079018,35,1
17,23,28079024,35,0.4
17,23,28079038,35,0.4
17,23,28079055,35,0.4
17,23,28079024,42,1.33
17,23,28079027,42,1.27
17,23,28079055,42,1.51
17,23,28079024,44,0.23
17,23,28079027,44,0.15
17,23,28079055,44,0.18
17,24,28079004,01,3
17,24,28079008,01,4
17,24,28079017,01,3
17,24,28079018,01,2
17,24,28079024,01,1
17,24,28079035,01,4
17,24,28079036,01,1
17,24,28079038,01,3
17,24,28079040,01,5
17,24,28079057,01,6
17,24,28079004,06,0.3
17,24,28079008,06,0.3
17,24,28079016,06,0.3
17,24,28079018,06,0.2
17,24,28079024,06,0.2
17,24,28079035,06,0.3
17,24,28079036,06,0.2
17,24,28079039,06,0.2
17,24,28079056,06,0.2
17,24,28079057,06,0.3
17,24,28079004,07,8
17,24,28079008,07,17
17,24,28079011,07,1
17,24,28079016,07,6
17,24,28079017,07,3
17,24,28079018,07,1
17,24,28079024,07,1
17,24,28079027,07,2
17,24,28079035,07,4
17,24,28079036,07,3
17,24,28079038,07,4
17,24,28079039,07,4
17,24,28079040,07,2
17,24,28079047,07,1
17,24,28079048,07,7
17,24,28079049,07,1
17,24,28079050,07,19
17,24,28079054,07,5
17,24,28079055,07,3
17,24,28079056,07,3
17,24,28079057,07,2
17,24,28079058,07,1
17,24,28079059,07,3
17,24,28079060,07,1
17,24,28079004,08,24
17,24,28079008,08,36
17,24,28079011,08,24
17,24,28079016,08,39
17,24,28079017,08,17
17,24,28079018,08,17
17,24,28079024,08,4
17,24,28079027,08,37
17,24,28079035,08,19
17,24,28079036,08,18
17,24,28079038,08,19
17,24,28079039,08,28
17,24,28079040,08,23
17,24,28079047,08,25
17,24,28079048,08,26
17,24,28079049,08,26
17,24,28079050,08,32
17,24,28079054,08,14
17,24,28079055,08,41
17,24,28079056,08,22
17,24,28079057,08,23
17,24,28079058,08,11
17,24,28079059,08,17
17,24,28079060,08,20
17,24,28079008,09,7
17,24,28079024,09,4
17,24,28079038,09,4
17,24,28079047,09,5
17,24,28079048,09,4
17,24,28079050,09,7
17,24,28079008,10,6
17,24,28079018,10,5
17,24,28079024,10,4
17,24,28079036,10,3
17,24,28079038,10,5
17,24,28079040,10,5
17,24,28079047,10,6
17,24,28079048,10,8
17,24,28079050,10,12
17,24,28079055,10,7
17,24,28079057,10,5
17,24,28079060,10,7
17,24,28079008,14,25
17,24,28079016,14,24
17,24,28079017,14,37
17,24,28079018,14,37
17,24,28079024,14,50
17,24,28079027,14,31
17,24,28079035,14,38
17,24,28079039,14,32
17,24,28079049,14,33
17,24,28079054,14,36
17,24,28079056,14,37
17,24,28079058,14,39
17,24,28079059,14,32
17,24,28079060,14,36
17,24,28079008,20,3.7
17,24,28079011,20,3.9
17,24,28079018,20,0.5
17,24,28079024,20,0.4
17,24,28079038,20,1.5
17,24,28079055,20,1.9
17,24,28079008,30,1.2
17,24,28079011,30,1.6
17,24,28079018,30,0.2
17,24,28079024,30,0.5
17,24,28079038,30,0.5
17,24,28079055,30,0.4
17,24,28079008,35,1.3
17,24,28079011,35,0.2
17,24,28079018,35,1
17,24,28079024,35,0.4
17,24,28079038,35,0.3
17,24,28079055,35,0.4
17,24,28079024,42,1.32
17,24,28079027,42,1.25
17,24,28079055,42,1.47
17,24,28079024,44,0.24
17,24,28079027,44,0.15
17,24,28079055,44,0.15
17,3,28079004,01,3
17,3,28079008,01,3
17,3,28079017,01,3
17,3,28079018,01,2
17,3,28079024,01,1
17,3,28079035,01,3
17,3,28079036,01,1
17,3,28079038,01,3
17,3,28079040,01,4
17,3,28079057,01,4
17,3,28079004,06,0.2
17,3,28079008,06,0.2
17,3,28079016,06,0.2
17,3,28079018,06,0.2
17,3,28079024,06,0.2
17,3,28079035,06,0.2
17,3,28079036,06,0.2
17,3,28079039,06,0.1
17,3,28079056,06,0.1
17,3,28079057,06,0.2
17,3,28079004,07,2
17,3,28079008,07,5
17,3,28079011,07,1
17,3,28079016,07,1
17,3,28079017,07,1
17,3,28079018,07,1
17,3,28079024,07,1
17,3,28079027,07,1
17,3,28079035,07,3
17,3,28079036,07,1
17,3,28079038,07,2
17,3,28079039,07,1
17,3,28079040,07,1
17,3,28079047,07,1
17,3,28079048,07,1
17,3,28079049,07,1
17,3,28079050,07,1
17,3,28079054,07,3
17,3,28079055,07,1
17,3,28079056,07,6
17,3,28079057,07,1
17,3,28079058,07,1
17,3,28079059,07,1
17,3,28079060,07,1
17,3,28079004,08,13
17,3,28079008,08,20
17,3,28079011,08,13
17,3,28079016,08,8
17,3,28079017,08,4
17,3,28079018,08,4
17,3,28079024,08,1
17,3,28079027,08,4
17,3,28079035,08,13
17,3,28079036,08,2
17,3,28079038,08,9
17,3,28079039,08,5
17,3,28079040,08,7
17,3,28079047,08,7
17,3,28079048,08,11
17,3,28079049,08,9
17,3,28079050,08,7
17,3,28079054,08,6
17,3,28079055,08,6
17,3,28079056,08,12
17,3,28079057,08,4
17,3,28079058,08,1
17,3,28079059,08,1
17,3,28079060,08,4
17,3,28079008,09,4
17,3,28079024,09,2
17,3,28079038,09,3
17,3,28079047,09,3
17,3,28079048,09,2
17,3,28079050,09,3
17,3,28079008,10,2
17,3,28079018,10,4
17,3,28079024,10,3
17,3,28079036,10,2
17,3,28079038,10,2
17,3,28079040,10,3
17,3,28079047,10,3
17,3,28079048,10,4
17,3,28079050,10,2
17,3,28079055,10,3
17,3,28079057,10,3
17,3,28079060,10,2
17,3,28079008,14,43
17,3,28079016,14,53
17,3,28079017,14,58
17,3,28079018,14,57
17,3,28079024,14,63
17,3,28079027,14,66
17,3,28079035,14,52
17,3,28079039,14,64
17,3,28079049,14,53
17,3,28079054,14,54
17,3,28079056,14,55
17,3,28079058,14,65
17,3,28079059,14,53
17,3,28079060,14,62
17,3,28079008,20,1.4
17,3,28079011,20,1.8
17,3,28079018,20,0.2
17,3,28079024,20,0.2
17,3,28079038,20,0.4
17,3,28079055,20,0.7
17,3,28079008,30,0.4
17,3,28079011,30,1
17,3,28079018,30,0.2
17,3,28079024,30,0.4
17,3,28079038,30,0.2
17,3,28079055,30,0.2
17,3,28079008,35,0.5
17,3,28079011,35,1
17,3,28079018,35,1
17,3,28079024,35,0.3
17,3,28079038,35,1
17,3,28079055,35,1
17,3,28079024,42,1.31
17,3,28079027,42,1.19
17,3,28079055,42,1.4
17,3,28079024,44,0.24
17,3,28079027,44,0.11
17,3,28079055,44,0.11
17,4,28079004,01,3
17,4,28079008,01,3
17,4,28079017,01,3
17,4,28079018,01,2
17,4,28079024,01,1
17,4,28079035,01,3
17,4,28079036,01,1
17,4,28079038,01,3
17,4,28079040,01,3
17,4,28079057,01,5
17,4,28079004,06,0.2
17,4,28079008,06,0.2
17,4,28079016,06,0.2
17,4,28079018,06,0.2
17,4,28079024,06,0.2
17,4,28079035,06,0.2
17,4,28079036,06,0.2
17,4,28079039,06,0.1
17,4,28079056,06,0.1
17,4,28079057,06,0.2
17,4,28079004,07,1
17,4,28079008,07,3
17,4,28079011,07,1
17,4,28079016,07,1
17,4,28079017,07,1
17,4,28079018,07,1
17,4,28079024,07,1
17,4,28079027,07,1
17,4,28079035,07,3
17,4,28079036,07,1
17,4,28079038,07,6
17,4,28079039,07,1
17,4,28079040,07,1
17,4,28079047,07,1
17,4,28079048,07,1
17,4,28079049,07,1
17,4,28079050,07,2
17,4,28079054,07,3
17,4,28079055,07,1
17,4,28079056,07,3
17,4,28079057,07,1
17,4,28079058,07,1
17,4,28079059,07,1
17,4,28079060,07,1
17,4,28079004,08,8
17,4,28079008,08,14
17,4,28079011,08,10
17,4,28079016,08,6
17,4,28079017,08,3
17,4,28079018,08,4
17,4,28079024,08,1
17,4,28079027,08,5
17,4,28079035,08,11
17,4,28079036,08,1
17,4,28079038,08,8
17,4,28079039,08,5
17,4,28079040,08,6
17,4,28079047,08,5
17,4,28079048,08,6
17,4,28079049,08,6
17,4,28079050,08,6
17,4,28079054,08,3
17,4,28079055,08,6
17,4,28079056,08,11
17,4,28079057,08,4
17,4,28079058,08,1
17,4,28079059,08,2
17,4,28079060,08,4
17,4,28079008,09,3
17,4,28079024,09,2
17,4,28079038,09,3
17,4,28079047,09,3
17,4,28079048,09,3
17,4,28079050,09,3
17,4,28079008,10,2
17,4,28079018,10,3
17,4,28079024,10,3
17,4,28079036,10,4
17,4,28079038,10,3
17,4,28079040,10,2
17,4,28079047,10,3
17,4,28079048,10,4
17,4,28079050,10,3
17,4,28079055,10,4
17,4,28079057,10,6
17,4,28079060,10,2
17,4,28079008,14,50
17,4,28079016,14,54
17,4,28079017,14,60
17,4,28079018,14,57
17,4,28079024,14,67
17,4,28079027,14,63
17,4,28079035,14,56
17,4,28079039,14,63
17,4,28079049,14,58
17,4,28079054,14,58
17,4,28079056,14,56
17,4,28079058,14,65
17,4,28079059,14,53
17,4,28079060,14,61
17,4,28079008,20,1.2
17,4,28079011,20,2.7
17,4,28079018,20,0.2
17,4,28079024,20,0.2
17,4,28079038,20,0.3
17,4,28079055,20,0.9
17,4,28079008,30,0.3
17,4,28079011,30,1.2
17,4,28079018,30,0.1
17,4,28079024,30,0.3
17,4,28079038,30,0.3
17,4,28079055,30,0.2
17,4,28079008,35,0.5
17,4,28079011,35,1.1
17,4,28079018,35,1
17,4,28079024,35,0.3
17,4,28079038,35,1
17,4,28079055,35,1
17,4,28079024,42,1.31
17,4,28079027,42,1.19
17,4,28079055,42,1.41
17,4,28079024,44,0.24
17,4,28079027,44,0.11
17,4,28079055,44,0.11
17,5,28079004,01,3
17,5,28079008,01,3
17,5,28079017,01,3
17,5,28079018,01,2
17,5,28079024,01,1
17,5,28079035,01,3
17,5,28079036,01,1
17,5,28079038,01,2
17,5,28079040,01,4
17,5,28079057,01,5
17,5,28079004,06,0.2
17,5,28079008,06,0.2
17,5,28079016,06,0.2
17,5,28079018,06,0.2
17,5,28079024,06,0.2
17,5,28079035,06,0.2
17,5,28079036,06,0.2
17,5,28079039,06,0.1
17,5,28079056,06,0.1
17,5,28079057,06,0.2
17,5,28079004,07,1
17,5,28079008,07,4
17,5,28079011,07,1
17,5,28079016,07,1
17,5,28079017,07,1
17,5,28079018,07,1
17,5,28079024,07,1
17,5,28079027,07,1
17,5,28079035,07,14
17,5,28079036,07,1
17,5,28079038,07,1
17,5,28079039,07,1
17,5,28079040,07,1
17,5,28079047,07,1
17,5,28079048,07,1
17,5,28079049,07,1
17,5,28079050,07,2
17,5,28079054,07,3
17,5,28079055,07,1
17,5,28079056,07,4
17,5,28079057,07,1
17,5,28079058,07,1
17,5,28079059,07,2
17,5,28079060,07,1
17,5,28079004,08,5
17,5,28079008,08,14
17,5,28079011,08,10
17,5,28079016,08,6
17,5,28079017,08,3
17,5,28079018,08,4
17,5,28079024,08,1
17,5,28079027,08,5
17,5,28079035,08,17
17,5,28079036,08,1
17,5,28079038,08,5
17,5,28079039,08,5
17,5,28079040,08,6
17,5,28079047,08,4
17,5,28079048,08,5
17,5,28079049,08,6
17,5,28079050,08,7
17,5,28079054,08,5
17,5,28079055,08,6
17,5,28079056,08,9
17,5,28079057,08,4
17,5,28079058,08,1
17,5,28079059,08,2
17,5,28079060,08,5
17,5,28079008,09,3
17,5,28079024,09,2
17,5,28079038,09,1
17,5,28079047,09,2
17,5,28079048,09,1
17,5,28079050,09,3
17,5,28079008,10,2
17,5,28079018,10,2
17,5,28079024,10,3
17,5,28079036,10,1
17,5,28079038,10,2
17,5,28079040,10,2
17,5,28079047,10,2
17,5,28079048,10,3
17,5,28079050,10,4
17,5,28079055,10,2
17,5,28079057,10,3
17,5,28079060,10,2
17,5,28079008,14,50
17,5,28079016,14,53
17,5,28079017,14,60
17,5,28079018,14,57
17,5,28079024,14,68
17,5,28079027,14,63
17,5,28079035,14,30
17,5,28079039,14,62
17,5,28079049,14,59
17,5,28079054,14,56
17,5,28079056,14,57
17,5,28079058,14,64
17,5,28079059,14,52
17,5,28079060,14,60
17,5,28079008,20,0.8
17,5,28079011,20,2.8
17,5,28079018,20,0.2
17,5,28079024,20,0.2
17,5,28079038,20,0.4
17,5,28079055,20,0.9
17,5,28079008,30,0.3
17,5,28079011,30,1.2
17,5,28079018,30,0.1
17,5,28079024,30,0.4
17,5,28079038,30,0.2
17,5,28079055,30,0.2
17,5,28079008,35,0.4
17,5,28079011,35,1
17,5,28079018,35,1
17,5,28079024,35,0.3
17,5,28079038,35,1
17,5,28079055,35,1
17,5,28079024,42,1.31
17,5,28079027,42,1.19
17,5,28079055,42,1.41
17,5,28079024,44,0.24
17,5,28079027,44,0.11
17,5,28079055,44,0.12
17,6,28079004,01,3
17,6,28079008,01,3
17,6,28079017,01,3
17,6,28079018,01,2
17,6,28079024,01,1
17,6,28079035,01,3
17,6,28079036,01,1
17,6,28079038,01,2
17,6,28079040,01,3
17,6,28079057,01,4
17,6,28079004,06,0.2
17,6,28079008,06,0.2
17,6,28079016,06,0.2
17,6,28079018,06,0.2
17,6,28079024,06,0.2
17,6,28079035,06,0.2
17,6,28079036,06,0.2
17,6,28079039,06,0.1
17,6,28079056,06,0.1
17,6,28079057,06,0.2
17,6,28079004,07,3
17,6,28079008,07,4
17,6,28079011,07,1
17,6,28079016,07,1
17,6,28079017,07,1
17,6,28079018,07,1
17,6,28079024,07,1
17,6,28079027,07,1
17,6,28079035,07,3
17,6,28079036,07,1
17,6,28079038,07,4
17,6,28079039,07,1
17,6,28079040,07,1
17,6,28079047,07,1
17,6,28079048,07,1
17,6,28079049,07,1
17,6,28079050,07,6
17,6,28079054,07,4
17,6,28079055,07,1
17,6,28079056,07,5
17,6,28079057,07,1
17,6,28079058,07,1
17,6,28079059,07,2
17,6,28079060,07,1
17,6,28079004,08,11
17,6,28079008,08,19
17,6,28079011,08,12
17,6,28079016,08,6
17,6,28079017,08,6
17,6,28079018,08,3
17,6,28079024,08,1
17,6,28079027,08,7
17,6,28079035,08,14
17,6,28079036,08,1
17,6,28079038,08,7
17,6,28079039,08,7
17,6,28079040,08,8
17,6,28079047,08,6
17,6,28079048,08,9
17,6,28079049,08,8
17,6,28079050,08,13
17,6,28079054,08,14
17,6,28079055,08,7
17,6,28079056,08,15
17,6,28079057,08,5
17,6,28079058,08,1
17,6,28079059,08,3
17,6,28079060,08,7
17,6,28079008,09,2
17,6,28079024,09,2
17,6,28079038,09,2
17,6,28079047,09,2
17,6,28079048,09,1
17,6,28079050,09,3
17,6,28079008,10,2
17,6,28079018,10,3
17,6,28079024,10,2
17,6,28079036,10,3
17,6,28079038,10,2
17,6,28079040,10,2
17,6,28079047,10,2
17,6,28079048,10,4
17,6,28079050,10,3
17,6,28079055,10,1
17,6,28079057,10,2
17,6,28079060,10,4
17,6,28079008,14,45
17,6,28079016,14,52
17,6,28079017,14,57
17,6,28079018,14,58
17,6,28079024,14,59
17,6,28079027,14,61
17,6,28079035,14,53
17,6,28079039,14,60
17,6,28079049,14,56
17,6,28079054,14,48
17,6,28079056,14,56
17,6,28079058,14,63
17,6,28079059,14,51
17,6,28079060,14,57
17,6,28079008,20,0.8
17,6,28079011,20,3.1
17,6,28079018,20,0.2
17,6,28079024,20,0.2
17,6,28079038,20,0.4
17,6,28079055,20,0.8
17,6,28079008,30,0.3
17,6,28079011,30,1.3
17,6,28079018,30,0.1
17,6,28079024,30,0.4
17,6,28079038,30,0.2
17,6,28079055,30,0.2
17,6,28079008,35,0.6
17,6,28079011,35,0.2
17,6,28079018,35,1
17,6,28079024,35,0.3
17,6,28079038,35,1
17,6,28079055,35,1
17,6,28079024,42,1.31
17,6,28079027,42,1.19
17,6,28079055,42,1.41
17,6,28079024,44,0.24
17,6,28079027,44,0.11
17,6,28079055,44,0.12
17,7,28079004,01,3
17,7,28079008,01,3
17,7,28079017,01,3
17,7,28079018,01,2
17,7,28079024,01,1
17,7,28079035,01,3
17,7,28079036,01,1
17,7,28079038,01,3
17,7,28079040,01,3
17,7,28079057,01,5
17,7,28079004,06,0.2
17,7,28079008,06,0.2
17,7,28079016,06,0.2
17,7,28079018,06,0.2
17,7,28079024,06,0.2
17,7,28079035,06,0.2
17,7,28079036,06,0.2
17,7,28079039,06,0.2
17,7,28079056,06,0.2
17,7,28079057,06,0.2
17,7,28079004,07,7
17,7,28079008,07,11
17,7,28079011,07,1
17,7,28079016,07,2
17,7,28079017,07,3
17,7,28079018,07,1
17,7,28079024,07,1
17,7,28079027,07,2
17,7,28079035,07,21
17,7,28079036,07,2
17,7,28079038,07,2
17,7,28079039,07,3
17,7,28079040,07,3
17,7,28079047,07,1
17,7,28079048,07,3
17,7,28079049,07,1
17,7,28079050,07,23
17,7,28079054,07,4
17,7,28079055,07,1
17,7,28079056,07,9
17,7,28079057,07,2
17,7,28079058,07,2
17,7,28079059,07,2
17,7,28079060,07,1
17,7,28079004,08,17
17,7,28079008,08,27
17,7,28079011,08,19
17,7,28079016,08,14
17,7,28079017,08,17
17,7,28079018,08,10
17,7,28079024,08,1
17,7,28079027,08,12
17,7,28079035,08,28
17,7,28079036,08,6
17,7,28079038,08,13
17,7,28079039,08,19
17,7,28079040,08,19
17,7,28079047,08,12
17,7,28079048,08,17
17,7,28079049,08,11
17,7,28079050,08,32
17,7,28079054,08,28
17,7,28079055,08,11
17,7,28079056,08,28
17,7,28079057,08,14
17,7,28079058,08,3
17,7,28079059,08,7
17,7,28079060,08,12
17,7,28079008,09,3
17,7,28079024,09,3
17,7,28079038,09,3
17,7,28079047,09,3
17,7,28079048,09,1
17,7,28079050,09,5
17,7,28079008,10,2
17,7,28079018,10,4
17,7,28079024,10,3
17,7,28079036,10,4
17,7,28079038,10,2
17,7,28079040,10,3
17,7,28079047,10,3
17,7,28079048,10,4
17,7,28079050,10,6
17,7,28079055,10,4
17,7,28079057,10,3
17,7,28079060,10,3
17,7,28079008,14,40
17,7,28079016,14,47
17,7,28079017,14,48
17,7,28079018,14,52
17,7,28079024,14,66
17,7,28079027,14,58
17,7,28079035,14,42
17,7,28079039,14,51
17,7,28079049,14,56
17,7,28079054,14,35
17,7,28079056,14,45
17,7,28079058,14,62
17,7,28079059,14,47
17,7,28079060,14,54
17,7,28079008,20,1.2
17,7,28079011,20,1.7
17,7,28079018,20,0.2
17,7,28079024,20,0.2
17,7,28079038,20,0.5
17,7,28079055,20,0.1
17,7,28079008,30,0.5
17,7,28079011,30,0.9
17,7,28079018,30,0.1
17,7,28079024,30,0.4
17,7,28079038,30,0.3
17,7,28079055,30,0.2
17,7,28079008,35,0.6
17,7,28079011,35,1
17,7,28079018,35,1
17,7,28079024,35,0.3
17,7,28079038,35,1
17,7,28079055,35,1
17,7,28079024,42,1.31
17,7,28079027,42,1.2
17,7,28079055,42,1.41
17,7,28079024,44,0.23
17,7,28079027,44,0.12
17,7,28079055,44,0.11
17,8,28079004,01,3
17,8,28079008,01,4
17,8,28079017,01,3
17,8,28079018,01,2
17,8,28079024,01,1
17,8,28079035,01,4
17,8,28079036,01,1
17,8,28079038,01,4
17,8,28079040,01,4
17,8,28079057,01,5
17,8,28079004,06,0.3
17,8,28079008,06,0.3
17,8,28079016,06,0.3
17,8,28079018,06,0.3
17,8,28079024,06,0.2
17,8,28079035,06,0.3
17,8,28079036,06,0.3
17,8,28079039,06,0.2
17,8,28079056,06,0.3
17,8,28079057,06,0.3
17,8,28079004,07,5
17,8,28079008,07,23
17,8,28079011,07,15
17,8,28079016,07,8
17,8,28079017,07,12
17,8,28079018,07,2
17,8,28079024,07,1
17,8,28079027,07,3
17,8,28079035,07,10
17,8,28079036,07,9
17,8,28079038,07,14
17,8,28079039,07,10
17,8,28079040,07,5
17,8,28079047,07,2
17,8,28079048,07,12
17,8,28079049,07,2
17,8,28079050,07,59
17,8,28079054,07,5
17,8,28079055,07,4
17,8,28079056,07,29
17,8,28079057,07,4
17,8,28079058,07,3
17,8,28079059,07,5
17,8,28079060,07,3
17,8,28079004,08,30
17,8,28079008,08,50
17,8,28079011,08,51
17,8,28079016,08,33
17,8,28079017,08,31
17,8,28079018,08,22
17,8,28079024,08,5
17,8,28079027,08,26
17,8,28079035,08,37
17,8,28079036,08,23
17,8,28079038,08,39
17,8,28079039,08,31
17,8,28079040,08,30
17,8,28079047,08,23
17,8,28079048,08,37
17,8,28079049,08,24
17,8,28079050,08,59
17,8,28079054,08,26
17,8,28079055,08,23
17,8,28079056,08,57
17,8,28079057,08,27
17,8,28079058,08,6
17,8,28079059,08,19
17,8,28079060,08,27
17,8,28079008,09,7
17,8,28079024,09,3
17,8,28079038,09,8
17,8,28079047,09,5
17,8,28079048,09,7
17,8,28079050,09,10
17,8,28079008,10,5
17,8,28079018,10,6
17,8,28079024,10,4
17,8,28079036,10,7
17,8,28079038,10,5
17,8,28079040,10,5
17,8,28079047,10,5
17,8,28079048,10,11
17,8,28079050,10,12
17,8,28079055,10,6
17,8,28079057,10,7
17,8,28079060,10,5
17,8,28079008,14,25
17,8,28079016,14,36
17,8,28079017,14,40
17,8,28079018,14,43
17,8,28079024,14,63
17,8,28079027,14,47
17,8,28079035,14,35
17,8,28079039,14,45
17,8,28079049,14,44
17,8,28079054,14,39
17,8,28079056,14,30
17,8,28079058,14,60
17,8,28079059,14,37
17,8,28079060,14,42
17,8,28079008,20,1.9
17,8,28079011,20,1.8
17,8,28079018,20,0.3
17,8,28079024,20,0.2
17,8,28079038,20,0.7
17,8,28079055,20,0.5
17,8,28079008,30,0.6
17,8,28079011,30,1.1
17,8,28079018,30,0.1
17,8,28079024,30,0.4
17,8,28079038,30,0.3
17,8,28079055,30,0.2
17,8,28079008,35,0.6
17,8,28079011,35,1
17,8,28079018,35,1
17,8,28079024,35,0.3
17,8,28079038,35,0.6
17,8,28079055,35,1
17,8,28079024,42,1.31
17,8,28079027,42,1.2
17,8,28079055,42,1.42
17,8,28079024,44,0.24
17,8,28079027,44,0.12
17,8,28079055,44,0.12
17,9,28079004,01,4
17,9,28079008,01,4
17,9,28079017,01,3
17,9,28079018,01,2
17,9,28079024,01,1
17,9,28079035,01,4
17,9,28079036,01,2
17,9,28079038,01,4
17,9,28079040,01,4
17,9,28079057,01,4
17,9,28079004,06,0.4
17,9,28079008,06,0.4
17,9,28079016,06,0.4
17,9,28079018,06,0.5
17,9,28079024,06,0.2
17,9,28079035,06,0.3
17,9,28079036,06,0.4
17,9,28079039,06,0.3
17,9,28079056,06,0.4
17,9,28079057,06,0.3
17,9,28079004,07,15
17,9,28079008,07,21
17,9,28079011,07,50
17,9,28079016,07,14
17,9,28079017,07,25
17,9,28079018,07,16
17,9,28079024,07,1
17,9,28079027,07,5
17,9,28079035,07,13
17,9,28079036,07,18
17,9,28079038,07,29
17,9,28079039,07,19
17,9,28079040,07,10
17,9,28079047,07,5
17,9,28079048,07,31
17,9,28079049,07,4
17,9,28079050,07,62
17,9,28079054,07,7
17,9,28079055,07,12
17,9,28079056,07,32
17,9,28079057,07,10
17,9,28079058,07,2
17,9,28079059,07,8
17,9,28079060,07,8
17,9,28079004,08,56
17,9,28079008,08,51
17,9,28079011,08,83
17,9,28079016,08,48
17,9,28079017,08,45
17,9,28079018,08,44
17,9,28079024,08,9
17,9,28079027,08,37
17,9,28079035,08,48
17,9,28079036,08,39
17,9,28079038,08,47
17,9,28079039,08,46
17,9,28079040,08,48
17,9,28079047,08,37
17,9,28079048,08,51
17,9,28079049,08,38
17,9,28079050,08,65
17,9,28079054,08,38
17,9,28079055,08,50
17,9,28079056,08,70
17,9,28079057,08,43
17,9,28079058,08,9
17,9,28079059,08,27
17,9,28079060,08,41
17,9,28079008,09,7
17,9,28079024,09,4
17,9,28079038,09,8
17,9,28079047,09,5
17,9,28079048,09,8
17,9,28079050,09,10
17,9,28079008,10,6
17,9,28079018,10,8
17,9,28079024,10,4
17,9,28079036,10,10
17,9,28079038,10,7
17,9,28079040,10,9
17,9,28079047,10,6
17,9,28079048,10,16
17,9,28079050,10,16
17,9,28079055,10,9
17,9,28079057,10,8
17,9,28079060,10,8
17,9,28079008,14,24
17,9,28079016,14,27
17,9,28079017,14,31
17,9,28079018,14,28
17,9,28079024,14,60
17,9,28079027,14,40
17,9,28079035,14,26
17,9,28079039,14,33
17,9,28079049,14,34
17,9,28079054,14,31
17,9,28079056,14,20
17,9,28079058,14,57
17,9,28079059,14,32
17,9,28079060,14,32
17,9,28079008,20,3.8
17,9,28079011,20,5
17,9,28079018,20,1
17,9,28079024,20,0.2
17,9,28079038,20,1.9
17,9,28079055,20,0.9
17,9,28079008,30,1.2
17,9,28079011,30,3
17,9,28079018,30,0.3
17,9,28079024,30,0.4
17,9,28079038,30,0.6
17,9,28079055,30,0.4
17,9,28079008,35,1
17,9,28079011,35,0.9
17,9,28079018,35,0.7
17,9,28079024,35,0.3
17,9,28079038,35,0.3
17,9,28079055,35,1
17,9,28079024,42,1.32
17,9,28079027,42,1.2
17,9,28079055,42,1.44
17,9,28079024,44,0.24
17,9,28079027,44,0.12
17,9,28079055,44,0.13
18,1,28079004,01,3
18,1,28079008,01,3
18,1,28079017,01,3
18,1,28079018,01,2
18,1,28079024,01,1
18,1,28079035,01,3
18,1,28079036,01,1
18,1,28079038,01,3
18,1,28079040,01,5
18,1,28079057,01,6
18,1,28079004,06,0.3
18,1,28079008,06,0.3
18,1,28079016,06,0.3
18,1,28079018,06,0.2
18,1,28079024,06,0.2
18,1,28079035,06,0.2
18,1,28079036,06,0.2
18,1,28079039,06,0.2
18,1,28079056,06,0.2
18,1,28079057,06,0.3
18,1,28079004,07,6
18,1,28079008,07,20
18,1,28079011,07,1
18,1,28079016,07,2
18,1,28079017,07,1
18,1,28079018,07,1
18,1,28079024,07,1
18,1,28079027,07,1
18,1,28079035,07,5
18,1,28079036,07,1
18,1,28079038,07,6
18,1,28079039,07,1
18,1,28079040,07,2
18,1,28079047,07,1
18,1,28079048,07,5
18,1,28079049,07,1
18,1,28079050,07,9
18,1,28079054,07,4
18,1,28079055,07,1
18,1,28079056,07,2
18,1,28079057,07,1
18,1,28079058,07,1
18,1,28079059,07,2
18,1,28079060,07,1
18,1,28079004,08,17
18,1,28079008,08,37
18,1,28079011,08,20
18,1,28079016,08,23
18,1,28079017,08,10
18,1,28079018,08,13
18,1,28079024,08,3
18,1,28079027,08,15
18,1,28079035,08,22
18,1,28079036,08,15
18,1,28079038,08,18
18,1,28079039,08,20
18,1,28079040,08,15
18,1,28079047,08,19
18,1,28079048,08,20
18,1,28079049,08,21
18,1,28079050,08,24
18,1,28079054,08,13
18,1,28079055,08,20
18,1,28079056,08,17
18,1,28079057,08,15
18,1,28079058,08,3
18,1,28079059,08,11
18,1,28079060,08,13
18,1,28079008,09,7
18,1,28079024,09,5
18,1,28079038,09,4
18,1,28079047,09,5
18,1,28079048,09,5
18,1,28079050,09,6
18,1,28079008,10,6
18,1,28079018,10,5
18,1,28079024,10,5
18,1,28079036,10,6
18,1,28079038,10,5
18,1,28079040,10,6
18,1,28079047,10,5
18,1,28079048,10,11
18,1,28079050,10,10
18,1,28079055,10,7
18,1,28079057,10,4
18,1,28079060,10,4
18,1,28079008,14,23
18,1,28079016,14,33
18,1,28079017,14,43
18,1,28079018,14,39
18,1,28079024,14,49
18,1,28079027,14,46
18,1,28079035,14,34
18,1,28079039,14,38
18,1,28079049,14,35
18,1,28079054,14,31
18,1,28079056,14,24
18,1,28079058,14,49
18,1,28079059,14,35
18,1,28079060,14,43
18,1,28079008,20,3.1
18,1,28079011,20,3.2
18,1,28079018,20,0.4
18,1,28079024,20,0.3
18,1,28079038,20,1.5
18,1,28079055,20,1.1
18,1,28079008,30,0.9
18,1,28079011,30,1.3
18,1,28079018,30,0.2
18,1,28079024,30,0.5
18,1,28079038,30,0.5
18,1,28079055,30,0.2
18,1,28079008,35,1.1
18,1,28079011,35,0.2
18,1,28079018,35,1
18,1,28079024,35,0.4
18,1,28079038,35,0.3
18,1,28079055,35,1
18,1,28079024,42,1.32
18,1,28079027,42,1.21
18,1,28079055,42,1.44
18,1,28079024,44,0.24
18,1,28079027,44,0.12
18,1,28079055,44,0.13
18,10,28079004,01,3
18,10,28079008,01,5
18,10,28079017,01,3
18,10,28079018,01,2
18,10,28079024,01,1
18,10,28079035,01,4
18,10,28079036,01,2
18,10,28079038,01,3
18,10,28079040,01,4
18,10,28079057,01,6
18,10,28079004,06,0.4
18,10,28079008,06,0.6
18,10,28079016,06,0.4
18,10,28079018,06,0.3
18,10,28079024,06,0.2
18,10,28079035,06,0.3
18,10,28079036,06,0.3
18,10,28079039,06,0.4
18,10,28079056,06,0.2
18,10,28079057,06,0.3
18,10,28079004,07,20
18,10,28079008,07,105
18,10,28079011,07,9
18,10,28079016,07,32
18,10,28079017,07,17
18,10,28079018,07,10
18,10,28079024,07,1
18,10,28079027,07,21
18,10,28079035,07,22
18,10,28079036,07,17
18,10,28079038,07,22
18,10,28079039,07,31
18,10,28079040,07,14
18,10,28079047,07,8
18,10,28079048,07,38
18,10,28079049,07,9
18,10,28079050,07,52
18,10,28079054,07,9
18,10,28079055,07,23
18,10,28079056,07,18
18,10,28079057,07,17
18,10,28079058,07,3
18,10,28079059,07,24
18,10,28079060,07,10
18,10,28079004,08,42
18,10,28079008,08,67
18,10,28079011,08,40
18,10,28079016,08,51
18,10,28079017,08,30
18,10,28079018,08,31
18,10,28079024,08,7
18,10,28079027,08,46
18,10,28079035,08,34
18,10,28079036,08,30
18,10,28079038,08,37
18,10,28079039,08,47
18,10,28079040,08,33
18,10,28079047,08,32
18,10,28079048,08,48
18,10,28079049,08,37
18,10,28079050,08,52
18,10,28079054,08,19
18,10,28079055,08,48
18,10,28079056,08,37
18,10,28079057,08,41
18,10,28079058,08,9
18,10,28079059,08,28
18,10,28079060,08,33
18,10,28079008,09,14
18,10,28079024,09,4
18,10,28079038,09,8
18,10,28079047,09,6
18,10,28079048,09,9
18,10,28079050,09,11
18,10,28079008,10,10
18,10,28079018,10,7
18,10,28079024,10,4
18,10,28079036,10,9
18,10,28079038,10,8
18,10,28079040,10,7
18,10,28079047,10,7
18,10,28079048,10,19
18,10,28079050,10,15
18,10,28079055,10,10
18,10,28079057,10,8
18,10,28079060,10,7
18,10,28079008,14,9
18,10,28079016,14,11
18,10,28079017,14,23
18,10,28079018,14,17
18,10,28079024,14,37
18,10,28079027,14,17
18,10,28079035,14,18
18,10,28079039,14,11
18,10,28079049,14,12
18,10,28079054,14,26
18,10,28079056,14,19
18,10,28079058,14,41
18,10,28079059,14,14
18,10,28079060,14,21
18,10,28079008,20,13.1
18,10,28079011,20,4.4
18,10,28079018,20,0.6
18,10,28079024,20,0.3
18,10,28079038,20,2.1
18,10,28079055,20,1.9
18,10,28079008,30,3
18,10,28079011,30,2.4
18,10,28079018,30,0.2
18,10,28079024,30,0.4
18,10,28079038,30,0.6
18,10,28079055,30,0.4
18,10,28079008,35,3.7
18,10,28079011,35,0.3
18,10,28079018,35,1
18,10,28079024,35,0.4
18,10,28079038,35,0.4
18,10,28079055,35,0.9
18,10,28079024,42,1.29
18,10,28079027,42,1.22
18,10,28079055,42,1.44
18,10,28079024,44,0.21
18,10,28079027,44,0.15
18,10,28079055,44,0.15
18,11,28079004,01,3
18,11,28079008,01,4
18,11,28079017,01,3
18,11,28079018,01,2
18,11,28079024,01,1
18,11,28079035,01,4
18,11,28079036,01,1
18,11,28079038,01,3
18,11,28079040,01,3
18,11,28079057,01,6
18,11,28079004,06,0.3
18,11,28079008,06,0.5
18,11,28079016,06,0.4
18,11,28079018,06,0.3
18,11,28079024,06,0.2
18,11,28079035,06,0.3
18,11,28079036,06,0.2
18,11,28079039,06,0.3
18,11,28079056,06,0.2
18,11,28079057,06,0.3
18,11,28079004,07,15
18,11,28079008,07,71
18,11,28079011,07,6
18,11,28079016,07,19
18,11,28079017,07,16
18,11,28079018,07,7
18,11,28079024,07,1
18,11,28079027,07,11
18,11,28079035,07,10
18,11,28079036,07,10
18,11,28079038,07,34
18,11,28079039,07,22
18,11,28079040,07,10
18,11,28079047,07,6
18,11,28079048,07,25
18,11,28079049,07,9
18,11,28079050,07,53
18,11,28079054,07,7
18,11,28079055,07,11
18,11,28079056,07,9
18,11,28079057,07,10
18,11,28079058,07,4
18,11,28079059,07,9
18,11,28079060,07,5
18,11,28079004,08,33
18,11,28079008,08,54
18,11,28079011,08,34
18,11,28079016,08,42
18,11,28079017,08,27
18,11,28079018,08,27
18,11,28079024,08,5
18,11,28079027,08,30
18,11,28079035,08,26
18,11,28079036,08,22
18,11,28079038,08,34
18,11,28079039,08,35
18,11,28079040,08,23
18,11,28079047,08,24
18,11,28079048,08,40
18,11,28079049,08,34
18,11,28079050,08,52
18,11,28079054,08,13
18,11,28079055,08,33
18,11,28079056,08,30
18,11,28079057,08,27
18,11,28079058,08,5
18,11,28079059,08,17
18,11,28079060,08,22
18,11,28079008,09,13
18,11,28079024,09,4
18,11,28079038,09,8
18,11,28079047,09,5
18,11,28079048,09,7
18,11,28079050,09,11
18,11,28079008,10,12
18,11,28079018,10,8
18,11,28079024,10,4
18,11,28079036,10,8
18,11,28079038,10,9
18,11,28079040,10,6
18,11,28079047,10,6
18,11,28079048,10,17
18,11,28079050,10,17
18,11,28079055,10,9
18,11,28079057,10,8
18,11,28079060,10,11
18,11,28079008,14,13
18,11,28079016,14,16
18,11,28079017,14,27
18,11,28079018,14,22
18,11,28079024,14,40
18,11,28079027,14,28
18,11,28079035,14,25
18,11,28079039,14,25
18,11,28079049,14,14
18,11,28079054,14,34
18,11,28079056,14,24
18,11,28079058,14,39
18,11,28079059,14,22
18,11,28079060,14,28
18,11,28079008,20,12.3
18,11,28079011,20,5.2
18,11,28079018,20,0.8
18,11,28079024,20,0.4
18,11,28079038,20,1.5
18,11,28079055,20,1.9
18,11,28079008,30,2.5
18,11,28079011,30,1.9
18,11,28079018,30,0.2
18,11,28079024,30,0.3
18,11,28079038,30,0.4
18,11,28079055,30,0.2
18,11,28079008,35,3.2
18,11,28079011,35,0.3
18,11,28079018,35,0.7
18,11,28079024,35,0.4
18,11,28079038,35,0.3
18,11,28079055,35,0.8
18,11,28079024,42,1.29
18,11,28079027,42,1.2
18,11,28079055,42,1.43
18,11,28079024,44,0.21
18,11,28079027,44,0.13
18,11,28079055,44,0.14
18,12,28079004,01,3
18,12,28079008,01,4
18,12,28079017,01,3
18,12,28079018,01,2
18,12,28079024,01,1
18,12,28079035,01,4
18,12,28079036,01,2
18,12,28079038,01,3
18,12,28079040,01,4
18,12,28079057,01,6
18,12,28079004,06,0.3
18,12,28079008,06,0.4
18,12,28079016,06,0.4
18,12,28079018,06,0.3
18,12,28079024,06,0.2
18,12,28079035,06,0.3
18,12,28079036,06,0.2
18,12,28079039,06,0.2
18,12,28079056,06,0.2
18,12,28079057,06,0.3
18,12,28079004,07,15
18,12,28079008,07,46
18,12,28079011,07,5
18,12,28079016,07,15
18,12,28079017,07,11
18,12,28079024,07,1
18,12,28079027,07,8
18,12,28079035,07,9
18,12,28079036,07,9
18,12,28079038,07,25
18,12,28079039,07,17
18,12,28079040,07,9
18,12,28079047,07,5
18,12,28079048,07,27
18,12,28079049,07,5
18,12,28079050,07,46
18,12,28079054,07,8
18,12,28079055,07,9
18,12,28079056,07,10
18,12,28079057,07,9
18,12,28079058,07,4
18,12,28079060,07,4
18,12,28079004,08,29
18,12,28079008,08,43
18,12,28079011,08,32
18,12,28079016,08,36
18,12,28079017,08,27
18,12,28079024,08,3
18,12,28079027,08,26
18,12,28079035,08,23
18,12,28079036,08,17
18,12,28079038,08,31
18,12,28079039,08,29
18,12,28079040,08,22
18,12,28079047,08,20
18,12,28079048,08,41
18,12,28079049,08,26
18,12,28079050,08,48
18,12,28079054,08,11
18,12,28079055,08,27
18,12,28079056,08,25
18,12,28079057,08,26
18,12,28079058,08,5
18,12,28079060,08,17
18,12,28079008,09,9
18,12,28079024,09,3
18,12,28079038,09,5
18,12,28079047,09,4
18,12,28079048,09,4
18,12,28079050,09,9
18,12,28079008,10,9
18,12,28079018,10,6
18,12,28079024,10,4
18,12,28079036,10,2
18,12,28079038,10,9
18,12,28079040,10,5
18,12,28079047,10,5
18,12,28079048,10,8
18,12,28079050,10,17
18,12,28079055,10,8
18,12,28079057,10,6
18,12,28079060,10,3
18,12,28079008,14,20
18,12,28079016,14,22
18,12,28079017,14,29
18,12,28079018,14,30
18,12,28079024,14,46
18,12,28079027,14,32
18,12,28079035,14,32
18,12,28079039,14,29
18,12,28079049,14,23
18,12,28079054,14,38
18,12,28079056,14,32
18,12,28079058,14,45
18,12,28079059,14,27
18,12,28079060,14,31
18,12,28079008,20,8.2
18,12,28079011,20,5.4
18,12,28079018,20,0.8
18,12,28079024,20,0.3
18,12,28079038,20,1.6
18,12,28079055,20,2
18,12,28079008,30,1.5
18,12,28079011,30,1.7
18,12,28079018,30,0.2
18,12,28079024,30,0.4
18,12,28079038,30,0.4
18,12,28079055,30,0.2
18,12,28079008,35,1.7
18,12,28079011,35,0.4
18,12,28079018,35,1
18,12,28079024,35,0.4
18,12,28079038,35,0.4
18,12,28079055,35,0.9
18,12,28079024,42,1.29
18,12,28079055,42,1.42
18,12,28079024,44,0.21
18,12,28079055,44,0.14
18,13,28079004,01,3
18,13,28079008,01,4
18,13,28079017,01,3
18,13,28079018,01,2
18,13,28079024,01,1
18,13,28079035,01,4
18,13,28079036,01,2
18,13,28079038,01,3
18,13,28079040,01,4
18,13,28079057,01,6
18,13,28079004,06,0.3
18,13,28079008,06,0.4
18,13,28079016,06,0.3
18,13,28079018,06,0.3
18,13,28079024,06,0.2
18,13,28079035,06,0.2
18,13,28079036,06,0.3
18,13,28079039,06,0.2
18,13,28079056,06,0.2
18,13,28079057,06,0.3
18,13,28079004,07,14
18,13,28079008,07,41
18,13,28079011,07,3
18,13,28079016,07,12
18,13,28079017,07,12
18,13,28079024,07,1
18,13,28079027,07,7
18,13,28079035,07,7
18,13,28079036,07,9
18,13,28079038,07,34
18,13,28079039,07,12
18,13,28079040,07,10
18,13,28079047,07,4
18,13,28079048,07,20
18,13,28079049,07,4
18,13,28079050,07,34
18,13,28079054,07,7
18,13,28079055,07,7
18,13,28079056,07,11
18,13,28079057,07,9
18,13,28079058,07,1
18,13,28079059,07,7
18,13,28079060,07,3
18,13,28079004,08,25
18,13,28079008,08,41
18,13,28079011,08,30
18,13,28079016,08,32
18,13,28079017,08,26
18,13,28079024,08,2
18,13,28079027,08,20
18,13,28079035,08,18
18,13,28079036,08,20
18,13,28079038,08,34
18,13,28079039,08,26
18,13,28079040,08,23
18,13,28079047,08,19
18,13,28079048,08,36
18,13,28079049,08,22
18,13,28079050,08,37
18,13,28079054,08,10
18,13,28079055,08,23
18,13,28079056,08,27
18,13,28079057,08,25
18,13,28079058,08,2
18,13,28079059,08,12
18,13,28079060,08,14
18,13,28079008,09,6
18,13,28079024,09,1
18,13,28079038,09,1
18,13,28079047,09,2
18,13,28079048,09,1
18,13,28079050,09,7
18,13,28079008,10,8
18,13,28079018,10,5
18,13,28079024,10,2
18,13,28079036,10,3
18,13,28079038,10,9
18,13,28079040,10,6
18,13,28079047,10,5
18,13,28079048,10,3
18,13,28079050,10,19
18,13,28079055,10,1
18,13,28079057,10,3
18,13,28079060,10,4
18,13,28079008,14,26
18,13,28079016,14,30
18,13,28079017,14,33
18,13,28079018,14,35
18,13,28079024,14,53
18,13,28079027,14,42
18,13,28079035,14,41
18,13,28079039,14,38
18,13,28079049,14,32
18,13,28079054,14,42
18,13,28079056,14,35
18,13,28079058,14,53
18,13,28079059,14,32
18,13,28079060,14,44
18,13,28079008,20,11.6
18,13,28079011,20,5.1
18,13,28079018,20,0.7
18,13,28079024,20,0.3
18,13,28079038,20,4.4
18,13,28079055,20,1.4
18,13,28079008,30,1.6
18,13,28079011,30,1.5
18,13,28079018,30,0.1
18,13,28079024,30,0.4
18,13,28079038,30,0.9
18,13,28079055,30,0.2
18,13,28079008,35,1.9
18,13,28079011,35,0.3
18,13,28079018,35,1
18,13,28079024,35,0.4
18,13,28079038,35,1
18,13,28079055,35,1
18,13,28079024,42,1.29
18,13,28079027,42,1.21
18,13,28079055,42,1.41
18,13,28079024,44,0.21
18,13,28079027,44,0.12
18,13,28079055,44,0.12
18,14,28079004,01,4
18,14,28079008,01,4
18,14,28079017,01,3
18,14,28079018,01,2
18,14,28079024,01,1
18,14,28079035,01,4
18,14,28079036,01,2
18,14,28079038,01,3
18,14,28079040,01,4
18,14,28079057,01,6
18,14,28079004,06,0.3
18,14,28079008,06,0.4
18,14,28079016,06,0.3
18,14,28079018,06,0.2
18,14,28079024,06,0.2
18,14,28079035,06,0.2
18,14,28079036,06,0.3
18,14,28079039,06,0.2
18,14,28079056,06,0.2
18,14,28079057,06,0.3
18,14,28079004,07,11
18,14,28079008,07,39
18,14,28079011,07,4
18,14,28079016,07,9
18,14,28079017,07,9
18,14,28079024,07,1
18,14,28079027,07,5
18,14,28079035,07,7
18,14,28079036,07,9
18,14,28079038,07,15
18,14,28079039,07,13
18,14,28079040,07,6
18,14,28079047,07,4
18,14,28079048,07,18
18,14,28079049,07,3
18,14,28079050,07,40
18,14,28079054,07,7
18,14,28079055,07,8
18,14,28079056,07,12
18,14,28079057,07,9
18,14,28079058,07,2
18,14,28079059,07,6
18,14,28079060,07,3
18,14,28079004,08,23
18,14,28079008,08,43
18,14,28079011,08,33
18,14,28079016,08,31
18,14,28079017,08,23
18,14,28079024,08,2
18,14,28079027,08,21
18,14,28079035,08,18
18,14,28079036,08,21
18,14,28079038,08,31
18,14,28079039,08,28
18,14,28079040,08,22
18,14,28079047,08,20
18,14,28079048,08,35
18,14,28079049,08,24
18,14,28079050,08,43
18,14,28079054,08,9
18,14,28079055,08,27
18,14,28079056,08,28
18,14,28079057,08,24
18,14,28079058,08,3
18,14,28079059,08,12
18,14,28079060,08,15
18,14,28079008,09,7
18,14,28079024,09,2
18,14,28079038,09,1
18,14,28079047,09,2
18,14,28079048,09,2
18,14,28079050,09,6
18,14,28079008,10,9
18,14,28079018,10,5
18,14,28079024,10,2
18,14,28079036,10,5
18,14,28079038,10,7
18,14,28079040,10,6
18,14,28079047,10,5
18,14,28079048,10,9
18,14,28079050,10,18
18,14,28079055,10,4
18,14,28079057,10,5
18,14,28079060,10,4
18,14,28079008,14,26
18,14,28079016,14,31
18,14,28079017,14,38
18,14,28079018,14,37
18,14,28079024,14,54
18,14,28079027,14,44
18,14,28079035,14,42
18,14,28079039,14,38
18,14,28079049,14,26
18,14,28079054,14,46
18,14,28079056,14,36
18,14,28079058,14,54
18,14,28079059,14,33
18,14,28079060,14,45
18,14,28079008,20,8.7
18,14,28079011,20,5
18,14,28079018,20,1.4
18,14,28079024,20,0.3
18,14,28079038,20,2.3
18,14,28079055,20,1.4
18,14,28079008,30,1.7
18,14,28079011,30,1.4
18,14,28079018,30,0.2
18,14,28079024,30,0.4
18,14,28079038,30,0.5
18,14,28079055,30,0.2
18,14,28079008,35,2
18,14,28079011,35,0.3
18,14,28079018,35,0.7
18,14,28079024,35,0.4
18,14,28079038,35,0.9
18,14,28079055,35,0.9
18,14,28079024,42,1.29
18,14,28079027,42,1.2
18,14,28079055,42,1.42
18,14,28079024,44,0.22
18,14,28079027,44,0.12
18,14,28079055,44,0.13
18,15,28079004,01,4
18,15,28079008,01,4
18,15,28079017,01,3
18,15,28079018,01,2
18,15,28079024,01,1
18,15,28079035,01,5
18,15,28079036,01,1
18,15,28079038,01,3
18,15,28079040,01,3
18,15,28079057,01,6
18,15,28079004,06,0.2
18,15,28079008,06,0.4
18,15,28079016,06,0.3
18,15,28079018,06,0.2
18,15,28079024,06,0.2
18,15,28079035,06,0.2
18,15,28079036,06,0.2
18,15,28079039,06,0.2
18,15,28079056,06,0.2
18,15,28079057,06,0.3
18,15,28079004,07,10
18,15,28079008,07,42
18,15,28079011,07,4
18,15,28079016,07,11
18,15,28079017,07,9
18,15,28079018,07,3
18,15,28079024,07,1
18,15,28079027,07,6
18,15,28079035,07,7
18,15,28079036,07,8
18,15,28079038,07,16
18,15,28079039,07,11
18,15,28079040,07,7
18,15,28079047,07,4
18,15,28079048,07,18
18,15,28079049,07,3
18,15,28079050,07,31
18,15,28079054,07,6
18,15,28079055,07,9
18,15,28079056,07,11
18,15,28079057,07,9
18,15,28079058,07,2
18,15,28079059,07,6
18,15,28079060,07,4
18,15,28079004,08,19
18,15,28079008,08,43
18,15,28079011,08,34
18,15,28079016,08,34
18,15,28079017,08,21
18,15,28079018,08,14
18,15,28079024,08,2
18,15,28079027,08,24
18,15,28079035,08,16
18,15,28079036,08,19
18,15,28079038,08,29
18,15,28079039,08,29
18,15,28079040,08,20
18,15,28079047,08,17
18,15,28079048,08,35
18,15,28079049,08,22
18,15,28079050,08,38
18,15,28079054,08,8
18,15,28079055,08,31
18,15,28079056,08,25
18,15,28079057,08,25
18,15,28079058,08,4
18,15,28079059,08,13
18,15,28079060,08,18
18,15,28079008,09,7
18,15,28079024,09,2
18,15,28079038,09,1
18,15,28079047,09,2
18,15,28079048,09,1
18,15,28079050,09,6
18,15,28079008,10,8
18,15,28079018,10,21
18,15,28079024,10,5
18,15,28079036,10,3
18,15,28079038,10,7
18,15,28079040,10,7
18,15,28079047,10,6
18,15,28079048,10,7
18,15,28079050,10,18
18,15,28079055,10,7
18,15,28079057,10,5
18,15,28079060,10,3
18,15,28079008,14,27
18,15,28079016,14,31
18,15,28079017,14,44
18,15,28079018,14,35
18,15,28079024,14,57
18,15,28079027,14,44
18,15,28079035,14,47
18,15,28079039,14,39
18,15,28079049,14,31
18,15,28079054,14,49
18,15,28079056,14,42
18,15,28079058,14,57
18,15,28079059,14,35
18,15,28079060,14,44
18,15,28079008,20,6.5
18,15,28079011,20,4.8
18,15,28079018,20,1
18,15,28079024,20,0.2
18,15,28079038,20,2.4
18,15,28079055,20,1.4
18,15,28079008,30,1.6
18,15,28079011,30,1.4
18,15,28079018,30,0.2
18,15,28079024,30,0.4
18,15,28079038,30,0.7
18,15,28079055,30,0.2
18,15,28079008,35,1.7
18,15,28079011,35,0.3
18,15,28079018,35,1
18,15,28079024,35,0.4
18,15,28079038,35,1
18,15,28079055,35,0.9
18,15,28079024,42,1.29
18,15,28079027,42,1.19
18,15,28079055,42,1.42
18,15,28079024,44,0.22
18,15,28079027,44,0.12
18,15,28079055,44,0.13
18,16,28079004,01,4
18,16,28079008,01,4
18,16,28079017,01,3
18,16,28079018,01,2
18,16,28079024,01,1
18,16,28079035,01,5
18,16,28079036,01,2
18,16,28079038,01,3
18,16,28079040,01,3
18,16,28079057,01,6
18,16,28079004,06,0.3
18,16,28079008,06,0.4
18,16,28079016,06,0.3
18,16,28079018,06,0.2
18,16,28079024,06,0.2
18,16,28079035,06,0.2
18,16,28079036,06,0.2
18,16,28079039,06,0.2
18,16,28079056,06,0.2
18,16,28079057,06,0.3
18,16,28079004,07,11
18,16,28079008,07,39
18,16,28079011,07,3
18,16,28079016,07,10
18,16,28079017,07,7
18,16,28079018,07,3
18,16,28079024,07,1
18,16,28079027,07,7
18,16,28079035,07,6
18,16,28079036,07,8
18,16,28079038,07,15
18,16,28079039,07,12
18,16,28079040,07,6
18,16,28079047,07,4
18,16,28079048,07,17
18,16,28079049,07,3
18,16,28079050,07,38
18,16,28079054,07,6
18,16,28079055,07,8
18,16,28079056,07,9
18,16,28079057,07,10
18,16,28079058,07,3
18,16,28079059,07,6
18,16,28079060,07,4
18,16,28079004,08,24
18,16,28079008,08,40
18,16,28079011,08,29
18,16,28079016,08,29
18,16,28079017,08,20
18,16,28079018,08,17
18,16,28079024,08,3
18,16,28079027,08,22
18,16,28079035,08,14
18,16,28079036,08,19
18,16,28079038,08,28
18,16,28079039,08,28
18,16,28079040,08,17
18,16,28079047,08,16
18,16,28079048,08,33
18,16,28079049,08,20
18,16,28079050,08,43
18,16,28079054,08,7
18,16,28079055,08,26
18,16,28079056,08,24
18,16,28079057,08,26
18,16,28079058,08,3
18,16,28079059,08,12
18,16,28079060,08,18
18,16,28079008,09,8
18,16,28079024,09,3
18,16,28079038,09,2
18,16,28079047,09,3
18,16,28079048,09,3
18,16,28079050,09,7
18,16,28079008,10,10
18,16,28079018,10,6
18,16,28079024,10,5
18,16,28079036,10,5
18,16,28079038,10,10
18,16,28079040,10,8
18,16,28079047,10,7
18,16,28079048,10,8
18,16,28079050,10,19
18,16,28079055,10,8
18,16,28079057,10,7
18,16,28079060,10,4
18,16,28079008,14,31
18,16,28079016,14,37
18,16,28079017,14,45
18,16,28079018,14,36
18,16,28079024,14,57
18,16,28079027,14,48
18,16,28079035,14,50
18,16,28079039,14,42
18,16,28079049,14,40
18,16,28079054,14,51
18,16,28079056,14,43
18,16,28079058,14,58
18,16,28079059,14,37
18,16,28079060,14,47
18,16,28079008,20,6
18,16,28079011,20,4.1
18,16,28079018,20,0.4
18,16,28079024,20,0.2
18,16,28079038,20,1.9
18,16,28079055,20,1.4
18,16,28079008,30,1.8
18,16,28079011,30,1.3
18,16,28079018,30,0.1
18,16,28079024,30,0.3
18,16,28079038,30,0.5
18,16,28079055,30,0.2
18,16,28079008,35,1.3
18,16,28079011,35,0.3
18,16,28079018,35,1
18,16,28079024,35,0.4
18,16,28079038,35,0.7
18,16,28079055,35,1
18,16,28079024,42,1.29
18,16,28079027,42,1.19
18,16,28079055,42,1.42
18,16,28079024,44,0.22
18,16,28079027,44,0.12
18,16,28079055,44,0.13
18,17,28079004,01,4
18,17,28079008,01,3
18,17,28079017,01,3
18,17,28079018,01,2
18,17,28079024,01,1
18,17,28079035,01,4
18,17,28079036,01,1
18,17,28079038,01,3
18,17,28079040,01,3
18,17,28079057,01,6
18,17,28079004,06,0.2
18,17,28079008,06,0.4
18,17,28079016,06,0.3
18,17,28079018,06,0.2
18,17,28079024,06,0.2
18,17,28079035,06,0.2
18,17,28079036,06,0.2
18,17,28079039,06,0.2
18,17,28079056,06,0.2
18,17,28079057,06,0.2
18,17,28079004,07,9
18,17,28079008,07,30
18,17,28079011,07,1
18,17,28079016,07,9
18,17,28079017,07,6
18,17,28079018,07,3
18,17,28079024,07,1
18,17,28079027,07,5
18,17,28079035,07,6
18,17,28079036,07,6
18,17,28079038,07,14
18,17,28079039,07,11
18,17,28079040,07,4
18,17,28079047,07,3
18,17,28079048,07,17
18,17,28079049,07,2
18,17,28079050,07,34
18,17,28079054,07,6
18,17,28079055,07,6
18,17,28079056,07,10
18,17,28079057,07,6
18,17,28079058,07,2
18,17,28079059,07,4
18,17,28079060,07,3
18,17,28079004,08,27
18,17,28079008,08,36
18,17,28079011,08,27
18,17,28079016,08,31
18,17,28079017,08,23
18,17,28079018,08,19
18,17,28079024,08,4
18,17,28079027,08,22
18,17,28079035,08,18
18,17,28079036,08,16
18,17,28079038,08,28
18,17,28079039,08,30
18,17,28079040,08,16
18,17,28079047,08,17
18,17,28079048,08,39
18,17,28079049,08,22
18,17,28079050,08,42
18,17,28079054,08,8
18,17,28079055,08,25
18,17,28079056,08,28
18,17,28079057,08,21
18,17,28079058,08,3
18,17,28079059,08,12
18,17,28079060,08,18
18,17,28079008,09,6
18,17,28079024,09,3
18,17,28079038,09,3
18,17,28079047,09,4
18,17,28079048,09,7
18,17,28079050,09,7
18,17,28079008,10,8
18,17,28079018,10,5
18,17,28079024,10,4
18,17,28079036,10,9
18,17,28079038,10,7
18,17,28079040,10,7
18,17,28079047,10,6
18,17,28079048,10,18
18,17,28079050,10,15
18,17,28079055,10,7
18,17,28079057,10,5
18,17,28079060,10,8
18,17,28079008,14,31
18,17,28079016,14,34
18,17,28079017,14,42
18,17,28079018,14,40
18,17,28079024,14,55
18,17,28079027,14,47
18,17,28079035,14,45
18,17,28079039,14,39
18,17,28079049,14,36
18,17,28079054,14,49
18,17,28079056,14,38
18,17,28079058,14,57
18,17,28079059,14,35
18,17,28079060,14,45
18,17,28079008,20,3.9
18,17,28079011,20,4
18,17,28079018,20,0.6
18,17,28079024,20,0.2
18,17,28079038,20,2.2
18,17,28079055,20,1
18,17,28079008,30,1
18,17,28079011,30,1.2
18,17,28079018,30,0.1
18,17,28079024,30,0.4
18,17,28079038,30,0.5
18,17,28079055,30,0.2
18,17,28079008,35,1.2
18,17,28079011,35,0.2
18,17,28079018,35,1
18,17,28079024,35,0.4
18,17,28079038,35,0.7
18,17,28079055,35,1
18,17,28079024,42,1.29
18,17,28079027,42,1.2
18,17,28079055,42,1.41
18,17,28079024,44,0.22
18,17,28079027,44,0.12
18,17,28079055,44,0.13
18,18,28079004,01,3
18,18,28079008,01,3
18,18,28079017,01,3
18,18,28079018,01,2
18,18,28079024,01,1
18,18,28079035,01,4
18,18,28079036,01,1
18,18,28079038,01,3
18,18,28079040,01,4
18,18,28079057,01,6
18,18,28079004,06,0.2
18,18,28079008,06,0.3
18,18,28079016,06,0.3
18,18,28079018,06,0.2
18,18,28079024,06,0.2
18,18,28079035,06,0.2
18,18,28079036,06,0.2
18,18,28079039,06,0.2
18,18,28079056,06,0.2
18,18,28079057,06,0.3
18,18,28079004,07,8
18,18,28079008,07,32
18,18,28079011,07,2
18,18,28079016,07,10
18,18,28079017,07,8
18,18,28079018,07,3
18,18,28079024,07,1
18,18,28079027,07,4
18,18,28079035,07,4
18,18,28079036,07,6
18,18,28079038,07,11
18,18,28079039,07,12
18,18,28079040,07,6
18,18,28079047,07,2
18,18,28079048,07,14
18,18,28079049,07,2
18,18,28079050,07,34
18,18,28079054,07,6
18,18,28079055,07,5
18,18,28079056,07,9
18,18,28079057,07,6
18,18,28079058,07,1
18,18,28079059,07,4
18,18,28079060,07,5
18,18,28079004,08,27
18,18,28079008,08,39
18,18,28079011,08,30
18,18,28079016,08,35
18,18,28079017,08,25
18,18,28079018,08,21
18,18,28079024,08,4
18,18,28079027,08,24
18,18,28079035,08,18
18,18,28079036,08,17
18,18,28079038,08,27
18,18,28079039,08,31
18,18,28079040,08,20
18,18,28079047,08,17
18,18,28079048,08,38
18,18,28079049,08,23
18,18,28079050,08,46
18,18,28079054,08,8
18,18,28079055,08,28
18,18,28079056,08,28
18,18,28079057,08,25
18,18,28079058,08,5
18,18,28079059,08,12
18,18,28079060,08,23
18,18,28079008,09,5
18,18,28079024,09,2
18,18,28079038,09,1
18,18,28079047,09,2
18,18,28079048,09,2
18,18,28079050,09,6
18,18,28079008,10,5
18,18,28079018,10,5
18,18,28079024,10,3
18,18,28079036,10,4
18,18,28079038,10,5
18,18,28079040,10,5
18,18,28079047,10,3
18,18,28079048,10,8
18,18,28079050,10,12
18,18,28079055,10,4
18,18,28079057,10,5
18,18,28079060,10,5
18,18,28079008,14,30
18,18,28079016,14,32
18,18,28079017,14,43
18,18,28079018,14,39
18,18,28079024,14,57
18,18,28079027,14,46
18,18,28079035,14,45
18,18,28079039,14,38
18,18,28079049,14,37
18,18,28079054,14,50
18,18,28079056,14,40
18,18,28079058,14,56
18,18,28079059,14,36
18,18,28079060,14,42
18,18,28079008,20,4.5
18,18,28079011,20,4
18,18,28079018,20,0.7
18,18,28079024,20,0.3
18,18,28079038,20,2.8
18,18,28079055,20,1.1
18,18,28079008,30,1.3
18,18,28079011,30,1.4
18,18,28079018,30,0.1
18,18,28079024,30,0.4
18,18,28079038,30,0.4
18,18,28079055,30,0.2
18,18,28079008,35,1.6
18,18,28079011,35,0.2
18,18,28079018,35,0.7
18,18,28079024,35,0.4
18,18,28079038,35,0.9
18,18,28079055,35,1
18,18,28079024,42,1.29
18,18,28079027,42,1.2
18,18,28079055,42,1.41
18,18,28079024,44,0.22
18,18,28079027,44,0.14
18,18,28079055,44,0.12
18,19,28079004,01,3
18,19,28079008,01,3
18,19,28079017,01,3
18,19,28079018,01,2
18,19,28079024,01,1
18,19,28079035,01,4
18,19,28079036,01,1
18,19,28079038,01,3
18,19,28079040,01,3
18,19,28079057,01,6
18,19,28079004,06,0.3
18,19,28079008,06,0.4
18,19,28079016,06,0.3
18,19,28079018,06,0.3
18,19,28079024,06,0.2
18,19,28079035,06,0.2
18,19,28079036,06,0.2
18,19,28079039,06,0.2
18,19,28079056,06,0.2
18,19,28079057,06,0.3
18,19,28079004,07,8
18,19,28079008,07,35
18,19,28079011,07,1
18,19,28079016,07,8
18,19,28079017,07,7
18,19,28079018,07,2
18,19,28079024,07,1
18,19,28079027,07,3
18,19,28079035,07,5
18,19,28079036,07,5
18,19,28079038,07,23
18,19,28079039,07,12
18,19,28079040,07,6
18,19,28079047,07,2
18,19,28079048,07,13
18,19,28079049,07,2
18,19,28079050,07,27
18,19,28079054,07,5
18,19,28079055,07,5
18,19,28079056,07,8
18,19,28079057,07,7
18,19,28079058,07,2
18,19,28079059,07,3
18,19,28079060,07,1
18,19,28079004,08,28
18,19,28079008,08,43
18,19,28079011,08,26
18,19,28079016,08,36
18,19,28079017,08,25
18,19,28079018,08,20
18,19,28079024,08,4
18,19,28079027,08,25
18,19,28079035,08,19
18,19,28079036,08,17
18,19,28079038,08,31
18,19,28079039,08,31
18,19,28079040,08,20
18,19,28079047,08,19
18,19,28079048,08,36
18,19,28079049,08,25
18,19,28079050,08,38
18,19,28079054,08,9
18,19,28079055,08,30
18,19,28079056,08,27
18,19,28079057,08,25
18,19,28079058,08,4
18,19,28079059,08,13
18,19,28079060,08,18
18,19,28079008,09,6
18,19,28079024,09,3
18,19,28079038,09,2
18,19,28079047,09,3
18,19,28079048,09,3
18,19,28079050,09,6
18,19,28079008,10,7
18,19,28079018,10,5
18,19,28079024,10,4
18,19,28079036,10,3
18,19,28079038,10,5
18,19,28079040,10,5
18,19,28079047,10,5
18,19,28079048,10,10
18,19,28079050,10,14
18,19,28079055,10,5
18,19,28079057,10,4
18,19,28079060,10,3
18,19,28079008,14,28
18,19,28079016,14,31
18,19,28079017,14,41
18,19,28079018,14,40
18,19,28079024,14,57
18,19,28079027,14,46
18,19,28079035,14,46
18,19,28079039,14,39
18,19,28079049,14,37
18,19,28079054,14,49
18,19,28079056,14,41
18,19,28079058,14,56
18,19,28079059,14,36
18,19,28079060,14,46
18,19,28079008,20,4.2
18,19,28079011,20,3.2
18,19,28079018,20,0.5
18,19,28079024,20,0.3
18,19,28079038,20,2.3
18,19,28079055,20,1.1
18,19,28079008,30,1.3
18,19,28079011,30,1.1
18,19,28079018,30,0.1
18,19,28079024,30,0.4
18,19,28079038,30,0.4
18,19,28079055,30,0.2
18,19,28079008,35,1.5
18,19,28079011,35,0.3
18,19,28079018,35,1
18,19,28079024,35,0.4
18,19,28079038,35,0.7
18,19,28079055,35,1
18,19,28079024,42,1.29
18,19,28079027,42,1.2
18,19,28079055,42,1.41
18,19,28079024,44,0.21
18,19,28079027,44,0.12
18,19,28079055,44,0.12
18,2,28079004,01,3
18,2,28079008,01,3
18,2,28079017,01,3
18,2,28079018,01,2
18,2,28079024,01,1
18,2,28079035,01,3
18,2,28079036,01,1
18,2,28079038,01,2
18,2,28079040,01,5
18,2,28079057,01,6
18,2,28079004,06,0.2
18,2,28079008,06,0.3
18,2,28079016,06,0.3
18,2,28079018,06,0.2
18,2,28079024,06,0.2
18,2,28079035,06,0.2
18,2,28079036,06,0.2
18,2,28079039,06,0.2
18,2,28079056,06,0.1
18,2,28079057,06,0.2
18,2,28079004,07,5
18,2,28079008,07,14
18,2,28079011,07,1
18,2,28079016,07,2
18,2,28079017,07,1
18,2,28079018,07,1
18,2,28079024,07,1
18,2,28079027,07,1
18,2,28079035,07,3
18,2,28079036,07,1
18,2,28079038,07,2
18,2,28079039,07,1
18,2,28079040,07,3
18,2,28079047,07,2
18,2,28079048,07,5
18,2,28079049,07,1
18,2,28079050,07,8
18,2,28079054,07,4
18,2,28079055,07,1
18,2,28079056,07,1
18,2,28079057,07,1
18,2,28079058,07,1
18,2,28079059,07,2
18,2,28079060,07,1
18,2,28079004,08,15
18,2,28079008,08,27
18,2,28079011,08,15
18,2,28079016,08,28
18,2,28079017,08,6
18,2,28079018,08,8
18,2,28079024,08,2
18,2,28079027,08,15
18,2,28079035,08,15
18,2,28079036,08,7
18,2,28079038,08,12
18,2,28079039,08,14
18,2,28079040,08,9
18,2,28079047,08,16
18,2,28079048,08,23
18,2,28079049,08,20
18,2,28079050,08,18
18,2,28079054,08,5
18,2,28079055,08,26
18,2,28079056,08,11
18,2,28079057,08,11
18,2,28079058,08,2
18,2,28079059,08,10
18,2,28079060,08,11
18,2,28079008,09,6
18,2,28079024,09,5
18,2,28079038,09,5
18,2,28079047,09,5
18,2,28079048,09,10
18,2,28079050,09,7
18,2,28079008,10,6
18,2,28079018,10,4
18,2,28079024,10,4
18,2,28079036,10,12
18,2,28079038,10,4
18,2,28079040,10,5
18,2,28079047,10,6
18,2,28079048,10,24
18,2,28079050,10,11
18,2,28079055,10,6
18,2,28079057,10,4
18,2,28079060,10,11
18,2,28079008,14,26
18,2,28079016,14,27
18,2,28079017,14,40
18,2,28079018,14,38
18,2,28079024,14,47
18,2,28079027,14,44
18,2,28079035,14,36
18,2,28079039,14,40
18,2,28079049,14,31
18,2,28079054,14,40
18,2,28079056,14,40
18,2,28079058,14,48
18,2,28079059,14,34
18,2,28079060,14,42
18,2,28079008,20,2.7
18,2,28079011,20,2.8
18,2,28079018,20,0.3
18,2,28079024,20,0.3
18,2,28079038,20,0.7
18,2,28079055,20,1.2
18,2,28079008,30,0.9
18,2,28079011,30,1.2
18,2,28079018,30,0.1
18,2,28079024,30,0.4
18,2,28079038,30,0.2
18,2,28079055,30,0.1
18,2,28079008,35,0.9
18,2,28079011,35,0.7
18,2,28079018,35,1
18,2,28079024,35,0.3
18,2,28079038,35,0.7
18,2,28079055,35,1
18,2,28079024,42,1.31
18,2,28079027,42,1.21
18,2,28079055,42,1.45
18,2,28079024,44,0.22
18,2,28079027,44,0.12
18,2,28079055,44,0.14
18,20,28079004,01,3
18,20,28079008,01,3
18,20,28079017,01,3
18,20,28079018,01,2
18,20,28079024,01,1
18,20,28079035,01,4
18,20,28079036,01,1
18,20,28079038,01,3
18,20,28079040,01,3
18,20,28079057,01,6
18,20,28079004,06,0.3
18,20,28079008,06,0.3
18,20,28079016,06,0.3
18,20,28079018,06,0.2
18,20,28079024,06,0.2
18,20,28079035,06,0.3
18,20,28079036,06,0.2
18,20,28079039,06,0.2
18,20,28079056,06,0.2
18,20,28079057,06,0.3
18,20,28079004,07,8
18,20,28079008,07,29
18,20,28079011,07,1
18,20,28079016,07,9
18,20,28079017,07,7
18,20,28079018,07,2
18,20,28079024,07,1
18,20,28079027,07,3
18,20,28079035,07,6
18,20,28079036,07,5
18,20,28079038,07,9
18,20,28079039,07,13
18,20,28079040,07,5
18,20,28079047,07,2
18,20,28079048,07,14
18,20,28079049,07,2
18,20,28079050,07,28
18,20,28079054,07,5
18,20,28079055,07,4
18,20,28079056,07,9
18,20,28079057,07,7
18,20,28079058,07,1
18,20,28079059,07,3
18,20,28079060,07,2
18,20,28079004,08,28
18,20,28079008,08,39
18,20,28079011,08,28
18,20,28079016,08,35
18,20,28079017,08,24
18,20,28079018,08,22
18,20,28079024,08,4
18,20,28079027,08,25
18,20,28079035,08,21
18,20,28079036,08,16
18,20,28079038,08,26
18,20,28079039,08,31
18,20,28079040,08,19
18,20,28079047,08,19
18,20,28079048,08,38
18,20,28079049,08,24
18,20,28079050,08,40
18,20,28079054,08,8
18,20,28079055,08,30
18,20,28079056,08,28
18,20,28079057,08,25
18,20,28079058,08,3
18,20,28079059,08,12
18,20,28079060,08,16
18,20,28079008,09,6
18,20,28079024,09,3
18,20,28079038,09,3
18,20,28079047,09,4
18,20,28079048,09,3
18,20,28079050,09,6
18,20,28079008,10,6
18,20,28079018,10,4
18,20,28079024,10,3
18,20,28079036,10,6
18,20,28079038,10,5
18,20,28079040,10,6
18,20,28079047,10,4
18,20,28079048,10,10
18,20,28079050,10,11
18,20,28079055,10,4
18,20,28079057,10,4
18,20,28079060,10,4
18,20,28079008,14,30
18,20,28079016,14,32
18,20,28079017,14,40
18,20,28079018,14,38
18,20,28079024,14,56
18,20,28079027,14,45
18,20,28079035,14,44
18,20,28079039,14,39
18,20,28079049,14,36
18,20,28079054,14,50
18,20,28079056,14,38
18,20,28079058,14,58
18,20,28079059,14,36
18,20,28079060,14,47
18,20,28079008,20,4.4
18,20,28079011,20,2.6
18,20,28079018,20,0.5
18,20,28079024,20,0.2
18,20,28079038,20,2
18,20,28079055,20,1
18,20,28079008,30,1.2
18,20,28079011,30,1
18,20,28079018,30,0.1
18,20,28079024,30,0.4
18,20,28079038,30,0.4
18,20,28079055,30,0.2
18,20,28079008,35,1.3
18,20,28079011,35,1
18,20,28079018,35,1
18,20,28079024,35,0.5
18,20,28079038,35,0.5
18,20,28079055,35,1
18,20,28079024,42,1.29
18,20,28079027,42,1.2
18,20,28079055,42,1.41
18,20,28079024,44,0.22
18,20,28079027,44,0.12
18,20,28079055,44,0.12
18,21,28079004,01,3
18,21,28079008,01,3
18,21,28079017,01,3
18,21,28079018,01,2
18,21,28079024,01,1
18,21,28079035,01,4
18,21,28079036,01,1
18,21,28079038,01,3
18,21,28079040,01,3
18,21,28079057,01,6
18,21,28079004,06,0.3
18,21,28079008,06,0.3
18,21,28079016,06,0.3
18,21,28079018,06,0.2
18,21,28079024,06,0.2
18,21,28079035,06,0.2
18,21,28079036,06,0.2
18,21,28079039,06,0.2
18,21,28079056,06,0.2
18,21,28079057,06,0.3
18,21,28079004,07,9
18,21,28079008,07,25
18,21,28079011,07,1
18,21,28079016,07,6
18,21,28079017,07,5
18,21,28079018,07,1
18,21,28079024,07,1
18,21,28079027,07,3
18,21,28079035,07,6
18,21,28079036,07,4
18,21,28079038,07,9
18,21,28079039,07,10
18,21,28079040,07,4
18,21,28079047,07,1
18,21,28079048,07,11
18,21,28079049,07,1
18,21,28079050,07,29
18,21,28079054,07,5
18,21,28079055,07,3
18,21,28079056,07,10
18,21,28079057,07,6
18,21,28079058,07,1
18,21,28079059,07,3
18,21,28079060,07,1
18,21,28079004,08,27
18,21,28079008,08,36
18,21,28079011,08,22
18,21,28079016,08,31
18,21,28079017,08,23
18,21,28079018,08,19
18,21,28079024,08,3
18,21,28079027,08,20
18,21,28079035,08,18
18,21,28079036,08,15
18,21,28079038,08,26
18,21,28079039,08,29
18,21,28079040,08,19
18,21,28079047,08,18
18,21,28079048,08,35
18,21,28079049,08,21
18,21,28079050,08,39
18,21,28079054,08,7
18,21,28079055,08,24
18,21,28079056,08,29
18,21,28079057,08,20
18,21,28079058,08,4
18,21,28079059,08,10
18,21,28079060,08,16
18,21,28079008,09,3
18,21,28079024,09,1
18,21,28079038,09,1
18,21,28079047,09,1
18,21,28079048,09,1
18,21,28079050,09,4
18,21,28079008,10,3
18,21,28079018,10,4
18,21,28079024,10,3
18,21,28079036,10,4
18,21,28079038,10,3
18,21,28079040,10,3
18,21,28079047,10,3
18,21,28079048,10,4
18,21,28079050,10,7
18,21,28079055,10,3
18,21,28079057,10,4
18,21,28079060,10,4
18,21,28079008,14,35
18,21,28079016,14,37
18,21,28079017,14,43
18,21,28079018,14,43
18,21,28079024,14,60
18,21,28079027,14,52
18,21,28079035,14,49
18,21,28079039,14,42
18,21,28079049,14,43
18,21,28079054,14,53
18,21,28079056,14,41
18,21,28079058,14,61
18,21,28079059,14,40
18,21,28079060,14,50
18,21,28079008,20,3.4
18,21,28079011,20,2.3
18,21,28079018,20,0.4
18,21,28079024,20,0.2
18,21,28079038,20,1.1
18,21,28079055,20,0.9
18,21,28079008,30,1
18,21,28079011,30,0.9
18,21,28079018,30,0.1
18,21,28079024,30,0.4
18,21,28079038,30,0.3
18,21,28079055,30,0.2
18,21,28079008,35,1.3
18,21,28079011,35,1
18,21,28079018,35,1
18,21,28079024,35,0.4
18,21,28079038,35,0.3
18,21,28079055,35,1
18,21,28079024,42,1.29
18,21,28079027,42,1.19
18,21,28079055,42,1.41
18,21,28079024,44,0.22
18,21,28079027,44,0.12
18,21,28079055,44,0.12
18,22,28079004,01,3
18,22,28079008,01,3
18,22,28079017,01,3
18,22,28079018,01,2
18,22,28079024,01,1
18,22,28079035,01,4
18,22,28079036,01,1
18,22,28079038,01,3
18,22,28079040,01,4
18,22,28079057,01,6
18,22,28079004,06,0.3
18,22,28079008,06,0.3
18,22,28079016,06,0.3
18,22,28079018,06,0.2
18,22,28079024,06,0.2
18,22,28079035,06,0.3
18,22,28079036,06,0.2
18,22,28079039,06,0.2
18,22,28079056,06,0.2
18,22,28079057,06,0.3
18,22,28079004,07,11
18,22,28079008,07,24
18,22,28079011,07,1
18,22,28079016,07,5
18,22,28079017,07,5
18,22,28079018,07,1
18,22,28079024,07,1
18,22,28079027,07,3
18,22,28079035,07,5
18,22,28079036,07,3
18,22,28079038,07,9
18,22,28079039,07,9
18,22,28079040,07,3
18,22,28079047,07,1
18,22,28079048,07,12
18,22,28079049,07,1
18,22,28079050,07,23
18,22,28079054,07,5
18,22,28079055,07,3
18,22,28079056,07,7
18,22,28079057,07,5
18,22,28079058,07,1
18,22,28079059,07,2
18,22,28079060,07,1
18,22,28079004,08,32
18,22,28079008,08,36
18,22,28079011,08,30
18,22,28079016,08,29
18,22,28079017,08,21
18,22,28079018,08,19
18,22,28079024,08,4
18,22,28079027,08,21
18,22,28079035,08,19
18,22,28079036,08,13
18,22,28079038,08,26
18,22,28079039,08,31
18,22,28079040,08,17
18,22,28079047,08,16
18,22,28079048,08,39
18,22,28079049,08,21
18,22,28079050,08,40
18,22,28079054,08,6
18,22,28079055,08,24
18,22,28079056,08,25
18,22,28079057,08,23
18,22,28079058,08,3
18,22,28079059,08,10
18,22,28079060,08,16
18,22,28079008,09,5
18,22,28079024,09,3
18,22,28079038,09,2
18,22,28079047,09,4
18,22,28079048,09,2
18,22,28079050,09,8
18,22,28079008,10,6
18,22,28079018,10,7
18,22,28079024,10,5
18,22,28079036,10,8
18,22,28079038,10,6
18,22,28079040,10,8
18,22,28079047,10,6
18,22,28079048,10,10
18,22,28079050,10,13
18,22,28079055,10,6
18,22,28079057,10,5
18,22,28079060,10,5
18,22,28079008,14,35
18,22,28079016,14,38
18,22,28079017,14,47
18,22,28079018,14,44
18,22,28079024,14,60
18,22,28079027,14,52
18,22,28079035,14,49
18,22,28079039,14,41
18,22,28079049,14,44
18,22,28079054,14,55
18,22,28079056,14,45
18,22,28079058,14,61
18,22,28079059,14,40
18,22,28079060,14,50
18,22,28079008,20,3.9
18,22,28079011,20,2.2
18,22,28079018,20,0.4
18,22,28079024,20,0.2
18,22,28079038,20,1.2
18,22,28079055,20,0.6
18,22,28079008,30,1.1
18,22,28079011,30,1
18,22,28079018,30,0.1
18,22,28079024,30,0.4
18,22,28079038,30,0.3
18,22,28079055,30,0.2
18,22,28079008,35,1.3
18,22,28079011,35,0.9
18,22,28079018,35,1
18,22,28079024,35,0.4
18,22,28079038,35,0.3
18,22,28079055,35,1
18,22,28079024,42,1.29
18,22,28079027,42,1.2
18,22,28079055,42,1.41
18,22,28079024,44,0.22
18,22,28079027,44,0.12
18,22,28079055,44,0.12
18,23,28079004,01,3
18,23,28079008,01,3
18,23,28079017,01,3
18,23,28079018,01,2
18,23,28079024,01,1
18,23,28079035,01,3
18,23,28079036,01,1
18,23,28079038,01,2
18,23,28079040,01,3
18,23,28079057,01,6
18,23,28079004,06,0.2
18,23,28079008,06,0.3
18,23,28079016,06,0.3
18,23,28079018,06,0.2
18,23,28079024,06,0.2
18,23,28079035,06,0.3
18,23,28079036,06,0.2
18,23,28079039,06,0.2
18,23,28079056,06,0.2
18,23,28079057,06,0.2
18,23,28079004,07,7
18,23,28079008,07,16
18,23,28079011,07,1
18,23,28079016,07,4
18,23,28079017,07,2
18,23,28079018,07,1
18,23,28079024,07,1
18,23,28079027,07,2
18,23,28079035,07,6
18,23,28079036,07,2
18,23,28079038,07,4
18,23,28079039,07,4
18,23,28079040,07,4
18,23,28079047,07,1
18,23,28079048,07,7
18,23,28079049,07,1
18,23,28079050,07,16
18,23,28079054,07,5
18,23,28079055,07,2
18,23,28079056,07,5
18,23,28079057,07,2
18,23,28079058,07,2
18,23,28079059,07,2
18,23,28079060,07,1
18,23,28079004,08,22
18,23,28079008,08,27
18,23,28079011,08,22
18,23,28079016,08,22
18,23,28079017,08,12
18,23,28079018,08,14
18,23,28079024,08,2
18,23,28079027,08,15
18,23,28079035,08,17
18,23,28079036,08,8
18,23,28079038,08,15
18,23,28079039,08,20
18,23,28079040,08,13
18,23,28079047,08,12
18,23,28079048,08,28
18,23,28079049,08,16
18,23,28079050,08,27
18,23,28079054,08,4
18,23,28079055,08,17
18,23,28079056,08,18
18,23,28079057,08,14
18,23,28079058,08,2
18,23,28079059,08,6
18,23,28079060,08,11
18,23,28079008,09,4
18,23,28079024,09,2
18,23,28079038,09,1
18,23,28079047,09,2
18,23,28079048,09,3
18,23,28079050,09,4
18,23,28079008,10,4
18,23,28079018,10,3
18,23,28079024,10,3
18,23,28079036,10,6
18,23,28079038,10,4
18,23,28079040,10,3
18,23,28079047,10,3
18,23,28079048,10,9
18,23,28079050,10,10
18,23,28079055,10,7
18,23,28079057,10,4
18,23,28079060,10,8
18,23,28079008,14,42
18,23,28079016,14,44
18,23,28079017,14,54
18,23,28079018,14,49
18,23,28079024,14,63
18,23,28079027,14,58
18,23,28079035,14,53
18,23,28079039,14,50
18,23,28079049,14,50
18,23,28079054,14,57
18,23,28079056,14,51
18,23,28079058,14,63
18,23,28079059,14,45
18,23,28079060,14,56
18,23,28079008,20,3.6
18,23,28079011,20,2.8
18,23,28079018,20,0.3
18,23,28079024,20,0.2
18,23,28079038,20,0.9
18,23,28079055,20,0.6
18,23,28079008,30,1
18,23,28079011,30,1.2
18,23,28079018,30,0.1
18,23,28079024,30,0.3
18,23,28079038,30,0.2
18,23,28079055,30,0.2
18,23,28079008,35,1.2
18,23,28079011,35,0.6
18,23,28079018,35,1
18,23,28079024,35,0.4
18,23,28079038,35,0.2
18,23,28079055,35,1
18,23,28079024,42,1.29
18,23,28079027,42,1.19
18,23,28079055,42,1.4
18,23,28079024,44,0.22
18,23,28079027,44,0.12
18,23,28079055,44,0.12
18,24,28079004,01,3
18,24,28079008,01,2
18,24,28079017,01,3
18,24,28079018,01,2
18,24,28079024,01,1
18,24,28079035,01,3
18,24,28079036,01,1
18,24,28079038,01,2
18,24,28079040,01,4
18,24,28079057,01,6
18,24,28079004,06,0.3
18,24,28079008,06,0.2
18,24,28079016,06,0.3
18,24,28079018,06,0.2
18,24,28079024,06,0.2
18,24,28079035,06,0.3
18,24,28079036,06,0.2
18,24,28079039,06,0.2
18,24,28079056,06,0.1
18,24,28079057,06,0.2
18,24,28079004,07,6
18,24,28079008,07,9
18,24,28079011,07,1
18,24,28079016,07,4
18,24,28079017,07,2
18,24,28079018,07,1
18,24,28079024,07,1
18,24,28079027,07,1
18,24,28079035,07,6
18,24,28079036,07,2
18,24,28079038,07,4
18,24,28079039,07,3
18,24,28079040,07,2
18,24,28079047,07,1
18,24,28079048,07,4
18,24,28079049,07,1
18,24,28079050,07,14
18,24,28079054,07,6
18,24,28079055,07,2
18,24,28079056,07,6
18,24,28079057,07,1
18,24,28079058,07,1
18,24,28079059,07,2
18,24,28079060,07,1
18,24,28079004,08,23
18,24,28079008,08,20
18,24,28079011,08,19
18,24,28079016,08,21
18,24,28079017,08,16
18,24,28079018,08,13
18,24,28079024,08,4
18,24,28079027,08,12
18,24,28079035,08,17
18,24,28079036,08,6
18,24,28079038,08,15
18,24,28079039,08,17
18,24,28079040,08,16
18,24,28079047,08,11
18,24,28079048,08,22
18,24,28079049,08,13
18,24,28079050,08,26
18,24,28079054,08,8
18,24,28079055,08,12
18,24,28079056,08,19
18,24,28079057,08,12
18,24,28079058,08,1
18,24,28079059,08,5
18,24,28079060,08,7
18,24,28079008,09,2
18,24,28079024,09,2
18,24,28079038,09,1
18,24,28079047,09,1
18,24,28079048,09,1
18,24,28079050,09,4
18,24,28079008,10,3
18,24,28079018,10,5
18,24,28079024,10,4
18,24,28079036,10,4
18,24,28079038,10,4
18,24,28079040,10,4
18,24,28079047,10,4
18,24,28079048,10,4
18,24,28079050,10,8
18,24,28079055,10,3
18,24,28079057,10,2
18,24,28079060,10,4
18,24,28079008,14,43
18,24,28079016,14,42
18,24,28079017,14,46
18,24,28079018,14,47
18,24,28079024,14,60
18,24,28079027,14,59
18,24,28079035,14,50
18,24,28079039,14,52
18,24,28079049,14,49
18,24,28079054,14,41
18,24,28079056,14,28
18,24,28079058,14,64
18,24,28079059,14,45
18,24,28079060,14,58
18,24,28079008,20,1.6
18,24,28079011,20,1.8
18,24,28079018,20,0.4
18,24,28079024,20,0.2
18,24,28079038,20,0.7
18,24,28079055,20,0.5
18,24,28079008,30,0.5
18,24,28079011,30,0.8
18,24,28079018,30,0.2
18,24,28079024,30,0.3
18,24,28079038,30,0.2
18,24,28079055,30,0.2
18,24,28079008,35,0.7
18,24,28079011,35,0.8
18,24,28079018,35,1
18,24,28079024,35,0.4
18,24,28079038,35,0.2
18,24,28079055,35,1
18,24,28079024,42,1.3
18,24,28079027,42,1.19
18,24,28079055,42,1.4
18,24,28079024,44,0.23
18,24,28079027,44,0.12
18,24,28079055,44,0.12
18,3,28079004,01,3
18,3,28079008,01,3
18,3,28079017,01,3
18,3,28079018,01,2
18,3,28079024,01,1
18,3,28079035,01,3
18,3,28079036,01,1
18,3,28079038,01,2
18,3,28079040,01,4
18,3,28079057,01,5
18,3,28079004,06,0.2
18,3,28079008,06,0.2
18,3,28079016,06,0.2
18,3,28079018,06,0.2
18,3,28079024,06,0.2
18,3,28079035,06,0.2
18,3,28079036,06,0.2
18,3,28079039,06,0.1
18,3,28079056,06,0.1
18,3,28079057,06,0.2
18,3,28079004,07,4
18,3,28079008,07,8
18,3,28079011,07,1
18,3,28079016,07,1
18,3,28079017,07,1
18,3,28079018,07,1
18,3,28079024,07,1
18,3,28079027,07,1
18,3,28079035,07,4
18,3,28079036,07,1
18,3,28079038,07,1
18,3,28079039,07,1
18,3,28079040,07,1
18,3,28079047,07,1
18,3,28079048,07,4
18,3,28079049,07,1
18,3,28079050,07,5
18,3,28079054,07,4
18,3,28079055,07,1
18,3,28079056,07,1
18,3,28079057,07,1
18,3,28079058,07,2
18,3,28079059,07,2
18,3,28079060,07,1
18,3,28079004,08,12
18,3,28079008,08,21
18,3,28079011,08,12
18,3,28079016,08,17
18,3,28079017,08,5
18,3,28079018,08,8
18,3,28079024,08,2
18,3,28079027,08,10
18,3,28079035,08,11
18,3,28079036,08,4
18,3,28079038,08,9
18,3,28079039,08,10
18,3,28079040,08,10
18,3,28079047,08,9
18,3,28079048,08,16
18,3,28079049,08,11
18,3,28079050,08,12
18,3,28079054,08,4
18,3,28079055,08,19
18,3,28079056,08,9
18,3,28079057,08,9
18,3,28079058,08,1
18,3,28079059,08,7
18,3,28079060,08,6
18,3,28079008,09,5
18,3,28079024,09,4
18,3,28079038,09,4
18,3,28079047,09,4
18,3,28079048,09,4
18,3,28079050,09,4
18,3,28079008,10,4
18,3,28079018,10,4
18,3,28079024,10,3
18,3,28079036,10,6
18,3,28079038,10,3
18,3,28079040,10,4
18,3,28079047,10,4
18,3,28079048,10,14
18,3,28079050,10,8
18,3,28079055,10,7
18,3,28079057,10,4
18,3,28079060,10,11
18,3,28079008,14,29
18,3,28079016,14,32
18,3,28079017,14,38
18,3,28079018,14,36
18,3,28079024,14,44
18,3,28079027,14,46
18,3,28079035,14,39
18,3,28079039,14,41
18,3,28079049,14,36
18,3,28079054,14,39
18,3,28079056,14,37
18,3,28079058,14,46
18,3,28079059,14,36
18,3,28079060,14,43
18,3,28079008,20,2.8
18,3,28079011,20,2.2
18,3,28079018,20,0.4
18,3,28079024,20,0.3
18,3,28079038,20,0.7
18,3,28079055,20,1.3
18,3,28079008,30,0.6
18,3,28079011,30,1
18,3,28079018,30,0.1
18,3,28079024,30,0.4
18,3,28079038,30,0.2
18,3,28079055,30,0.2
18,3,28079008,35,0.8
18,3,28079011,35,1
18,3,28079018,35,1
18,3,28079024,35,0.3
18,3,28079038,35,0.6
18,3,28079055,35,1
18,3,28079024,42,1.31
18,3,28079027,42,1.19
18,3,28079055,42,1.44
18,3,28079024,44,0.22
18,3,28079027,44,0.12
18,3,28079055,44,0.13
18,4,28079004,01,3
18,4,28079008,01,3
18,4,28079017,01,3
18,4,28079018,01,2
18,4,28079024,01,1
18,4,28079035,01,3
18,4,28079036,01,1
18,4,28079038,01,2
18,4,28079040,01,4
18,4,28079057,01,6
18,4,28079004,06,0.2
18,4,28079008,06,0.2
18,4,28079016,06,0.2
18,4,28079018,06,0.2
18,4,28079024,06,0.2
18,4,28079035,06,0.2
18,4,28079036,06,0.2
18,4,28079039,06,0.1
18,4,28079056,06,0.1
18,4,28079057,06,0.2
18,4,28079004,07,3
18,4,28079008,07,9
18,4,28079011,07,1
18,4,28079016,07,2
18,4,28079017,07,1
18,4,28079018,07,1
18,4,28079024,07,1
18,4,28079027,07,1
18,4,28079035,07,3
18,4,28079036,07,1
18,4,28079038,07,1
18,4,28079039,07,1
18,4,28079040,07,1
18,4,28079047,07,1
18,4,28079048,07,3
18,4,28079049,07,1
18,4,28079050,07,4
18,4,28079054,07,5
18,4,28079055,07,1
18,4,28079056,07,2
18,4,28079057,07,1
18,4,28079058,07,1
18,4,28079059,07,2
18,4,28079060,07,1
18,4,28079004,08,9
18,4,28079008,08,15
18,4,28079011,08,12
18,4,28079016,08,15
18,4,28079017,08,5
18,4,28079018,08,6
18,4,28079024,08,2
18,4,28079027,08,10
18,4,28079035,08,9
18,4,28079036,08,1
18,4,28079038,08,8
18,4,28079039,08,8
18,4,28079040,08,6
18,4,28079047,08,9
18,4,28079048,08,15
18,4,28079049,08,14
18,4,28079050,08,10
18,4,28079054,08,3
18,4,28079055,08,9
18,4,28079056,08,10
18,4,28079057,08,9
18,4,28079058,08,1
18,4,28079059,08,4
18,4,28079060,08,5
18,4,28079008,09,4
18,4,28079024,09,4
18,4,28079038,09,4
18,4,28079047,09,5
18,4,28079048,09,4
18,4,28079050,09,4
18,4,28079008,10,3
18,4,28079018,10,4
18,4,28079024,10,3
18,4,28079036,10,6
18,4,28079038,10,3
18,4,28079040,10,4
18,4,28079047,10,5
18,4,28079048,10,10
18,4,28079050,10,5
18,4,28079055,10,6
18,4,28079057,10,5
18,4,28079060,10,4
18,4,28079008,14,29
18,4,28079016,14,27
18,4,28079017,14,36
18,4,28079018,14,35
18,4,28079024,14,42
18,4,28079027,14,42
18,4,28079035,14,23
18,4,28079039,14,42
18,4,28079049,14,27
18,4,28079054,14,37
18,4,28079056,14,34
18,4,28079058,14,50
18,4,28079059,14,32
18,4,28079060,14,45
18,4,28079008,20,1.9
18,4,28079011,20,1.8
18,4,28079018,20,0.4
18,4,28079024,20,0.3
18,4,28079038,20,0.4
18,4,28079055,20,1.3
18,4,28079008,30,0.4
18,4,28079011,30,0.8
18,4,28079018,30,0.1
18,4,28079024,30,0.4
18,4,28079038,30,0.2
18,4,28079055,30,0.2
18,4,28079008,35,0.5
18,4,28079011,35,1
18,4,28079018,35,1
18,4,28079024,35,0.4
18,4,28079038,35,1
18,4,28079055,35,1
18,4,28079024,42,1.3
18,4,28079027,42,1.2
18,4,28079055,42,1.41
18,4,28079024,44,0.22
18,4,28079027,44,0.12
18,4,28079055,44,0.12
18,5,28079004,01,3
18,5,28079008,01,3
18,5,28079017,01,3
18,5,28079018,01,2
18,5,28079024,01,1
18,5,28079035,01,3
18,5,28079036,01,1
18,5,28079038,01,2
18,5,28079040,01,4
18,5,28079057,01,6
18,5,28079004,06,0.2
18,5,28079008,06,0.2
18,5,28079016,06,0.2
18,5,28079018,06,0.2
18,5,28079024,06,0.2
18,5,28079035,06,0.2
18,5,28079036,06,0.2
18,5,28079039,06,0.1
18,5,28079056,06,0.1
18,5,28079057,06,0.2
18,5,28079004,07,3
18,5,28079008,07,7
18,5,28079011,07,1
18,5,28079016,07,2
18,5,28079017,07,1
18,5,28079018,07,1
18,5,28079024,07,1
18,5,28079027,07,1
18,5,28079035,07,3
18,5,28079036,07,1
18,5,28079038,07,1
18,5,28079039,07,1
18,5,28079040,07,1
18,5,28079047,07,1
18,5,28079048,07,2
18,5,28079049,07,1
18,5,28079050,07,3
18,5,28079054,07,4
18,5,28079055,07,1
18,5,28079056,07,2
18,5,28079057,07,1
18,5,28079058,07,1
18,5,28079059,07,2
18,5,28079060,07,1
18,5,28079004,08,9
18,5,28079008,08,12
18,5,28079011,08,10
18,5,28079016,08,13
18,5,28079017,08,4
18,5,28079018,08,5
18,5,28079024,08,2
18,5,28079027,08,8
18,5,28079035,08,7
18,5,28079036,08,1
18,5,28079038,08,6
18,5,28079039,08,8
18,5,28079040,08,6
18,5,28079047,08,7
18,5,28079048,08,12
18,5,28079049,08,9
18,5,28079050,08,10
18,5,28079054,08,2
18,5,28079055,08,9
18,5,28079056,08,8
18,5,28079057,08,9
18,5,28079058,08,1
18,5,28079059,08,5
18,5,28079060,08,5
18,5,28079008,09,4
18,5,28079024,09,3
18,5,28079038,09,2
18,5,28079047,09,3
18,5,28079048,09,5
18,5,28079050,09,3
18,5,28079008,10,3
18,5,28079018,10,3
18,5,28079024,10,3
18,5,28079036,10,5
18,5,28079038,10,2
18,5,28079040,10,3
18,5,28079047,10,3
18,5,28079048,10,12
18,5,28079050,10,4
18,5,28079055,10,3
18,5,28079057,10,1
18,5,28079060,10,2
18,5,28079008,14,30
18,5,28079016,14,28
18,5,28079017,14,38
18,5,28079018,14,33
18,5,28079024,14,38
18,5,28079027,14,41
18,5,28079035,14,37
18,5,28079039,14,39
18,5,28079049,14,31
18,5,28079054,14,38
18,5,28079056,14,35
18,5,28079058,14,48
18,5,28079059,14,30
18,5,28079060,14,42
18,5,28079008,20,3.7
18,5,28079011,20,1.8
18,5,28079018,20,0.3
18,5,28079024,20,0.3
18,5,28079038,20,0.4
18,5,28079055,20,0.8
18,5,28079008,30,0.4
18,5,28079011,30,0.8
18,5,28079018,30,0.1
18,5,28079024,30,0.4
18,5,28079038,30,0.2
18,5,28079055,30,0.2
18,5,28079008,35,0.5
18,5,28079011,35,1
18,5,28079018,35,1
18,5,28079024,35,0.4
18,5,28079038,35,1
18,5,28079055,35,1
18,5,28079024,42,1.31
18,5,28079027,42,1.2
18,5,28079055,42,1.41
18,5,28079024,44,0.22
18,5,28079027,44,0.12
18,5,28079055,44,0.11
18,6,28079004,01,3
18,6,28079008,01,3
18,6,28079017,01,3
18,6,28079018,01,2
18,6,28079024,01,1
18,6,28079035,01,3
18,6,28079036,01,1
18,6,28079038,01,2
18,6,28079040,01,4
18,6,28079057,01,6
18,6,28079004,06,0.2
18,6,28079008,06,0.2
18,6,28079016,06,0.2
18,6,28079018,06,0.2
18,6,28079024,06,0.2
18,6,28079035,06,0.2
18,6,28079036,06,0.2
18,6,28079039,06,0.1
18,6,28079056,06,0.1
18,6,28079057,06,0.2
18,6,28079004,07,2
18,6,28079008,07,7
18,6,28079011,07,1
18,6,28079016,07,2
18,6,28079017,07,1
18,6,28079018,07,1
18,6,28079024,07,1
18,6,28079027,07,1
18,6,28079035,07,3
18,6,28079036,07,1
18,6,28079038,07,1
18,6,28079039,07,1
18,6,28079040,07,1
18,6,28079047,07,1
18,6,28079048,07,2
18,6,28079049,07,1
18,6,28079050,07,5
18,6,28079054,07,4
18,6,28079055,07,1
18,6,28079056,07,1
18,6,28079057,07,1
18,6,28079058,07,1
18,6,28079059,07,2
18,6,28079060,07,1
18,6,28079004,08,7
18,6,28079008,08,11
18,6,28079011,08,10
18,6,28079016,08,11
18,6,28079017,08,5
18,6,28079018,08,5
18,6,28079024,08,1
18,6,28079027,08,9
18,6,28079035,08,5
18,6,28079036,08,2
18,6,28079038,08,6
18,6,28079039,08,9
18,6,28079040,08,14
18,6,28079047,08,7
18,6,28079048,08,10
18,6,28079049,08,7
18,6,28079050,08,14
18,6,28079054,08,3
18,6,28079055,08,10
18,6,28079056,08,8
18,6,28079057,08,11
18,6,28079058,08,1
18,6,28079059,08,4
18,6,28079060,08,6
18,6,28079008,09,5
18,6,28079024,09,4
18,6,28079038,09,5
18,6,28079047,09,4
18,6,28079048,09,4
18,6,28079050,09,5
18,6,28079008,10,3
18,6,28079018,10,4
18,6,28079024,10,4
18,6,28079036,10,3
18,6,28079038,10,4
18,6,28079040,10,3
18,6,28079047,10,3
18,6,28079048,10,10
18,6,28079050,10,5
18,6,28079055,10,4
18,6,28079057,10,5
18,6,28079060,10,4
18,6,28079008,14,31
18,6,28079016,14,31
18,6,28079017,14,35
18,6,28079018,14,33
18,6,28079024,14,41
18,6,28079027,14,40
18,6,28079035,14,37
18,6,28079039,14,35
18,6,28079049,14,32
18,6,28079054,14,37
18,6,28079056,14,35
18,6,28079058,14,48
18,6,28079059,14,32
18,6,28079060,14,38
18,6,28079008,20,1.1
18,6,28079011,20,1.9
18,6,28079018,20,0.3
18,6,28079024,20,0.3
18,6,28079038,20,0.4
18,6,28079055,20,0.6
18,6,28079008,30,0.4
18,6,28079011,30,0.9
18,6,28079018,30,0.1
18,6,28079024,30,0.5
18,6,28079038,30,0.2
18,6,28079055,30,0.2
18,6,28079008,35,0.5
18,6,28079011,35,1
18,6,28079018,35,0.7
18,6,28079024,35,0.4
18,6,28079038,35,1
18,6,28079055,35,1
18,6,28079024,42,1.3
18,6,28079027,42,1.19
18,6,28079055,42,1.41
18,6,28079024,44,0.22
18,6,28079027,44,0.11
18,6,28079055,44,0.12
18,7,28079004,01,3
18,7,28079008,01,3
18,7,28079017,01,3
18,7,28079018,01,2
18,7,28079024,01,1
18,7,28079035,01,3
18,7,28079036,01,1
18,7,28079038,01,2
18,7,28079040,01,4
18,7,28079057,01,6
18,7,28079004,06,0.2
18,7,28079008,06,0.2
18,7,28079016,06,0.2
18,7,28079018,06,0.2
18,7,28079024,06,0.2
18,7,28079035,06,0.2
18,7,28079036,06,0.2
18,7,28079039,06,0.2
18,7,28079056,06,0.1
18,7,28079057,06,0.2
18,7,28079004,07,8
18,7,28079008,07,20
18,7,28079011,07,1
18,7,28079016,07,3
18,7,28079017,07,4
18,7,28079018,07,1
18,7,28079024,07,1
18,7,28079027,07,2
18,7,28079035,07,4
18,7,28079036,07,4
18,7,28079038,07,2
18,7,28079039,07,5
18,7,28079040,07,3
18,7,28079047,07,2
18,7,28079048,07,6
18,7,28079049,07,1
18,7,28079050,07,15
18,7,28079054,07,6
18,7,28079055,07,2
18,7,28079056,07,3
18,7,28079057,07,3
18,7,28079058,07,1
18,7,28079059,07,3
18,7,28079060,07,1
18,7,28079004,08,17
18,7,28079008,08,20
18,7,28079011,08,14
18,7,28079016,08,15
18,7,28079017,08,12
18,7,28079018,08,11
18,7,28079024,08,2
18,7,28079027,08,13
18,7,28079035,08,10
18,7,28079036,08,11
18,7,28079038,08,10
18,7,28079039,08,21
18,7,28079040,08,15
18,7,28079047,08,13
18,7,28079048,08,16
18,7,28079049,08,13
18,7,28079050,08,22
18,7,28079054,08,12
18,7,28079055,08,15
18,7,28079056,08,16
18,7,28079057,08,14
18,7,28079058,08,1
18,7,28079059,08,8
18,7,28079060,08,11
18,7,28079008,09,5
18,7,28079024,09,4
18,7,28079038,09,5
18,7,28079047,09,4
18,7,28079048,09,5
18,7,28079050,09,6
18,7,28079008,10,4
18,7,28079018,10,4
18,7,28079024,10,4
18,7,28079036,10,5
18,7,28079038,10,4
18,7,28079040,10,4
18,7,28079047,10,3
18,7,28079048,10,13
18,7,28079050,10,9
18,7,28079055,10,3
18,7,28079057,10,4
18,7,28079060,10,10
18,7,28079008,14,25
18,7,28079016,14,28
18,7,28079017,14,31
18,7,28079018,14,30
18,7,28079024,14,40
18,7,28079027,14,37
18,7,28079035,14,33
18,7,28079039,14,26
18,7,28079049,14,27
18,7,28079054,14,30
18,7,28079056,14,30
18,7,28079058,14,44
18,7,28079059,14,28
18,7,28079060,14,33
18,7,28079008,20,0.9
18,7,28079011,20,1.8
18,7,28079018,20,0.2
18,7,28079024,20,0.3
18,7,28079038,20,0.4
18,7,28079055,20,0.5
18,7,28079008,30,0.5
18,7,28079011,30,1
18,7,28079018,30,0.1
18,7,28079024,30,0.5
18,7,28079038,30,0.2
18,7,28079055,30,0.2
18,7,28079008,35,0.6
18,7,28079011,35,1
18,7,28079018,35,1
18,7,28079024,35,0.4
18,7,28079038,35,0.9
18,7,28079055,35,1
18,7,28079024,42,1.3
18,7,28079027,42,1.18
18,7,28079055,42,1.4
18,7,28079024,44,0.22
18,7,28079027,44,0.11
18,7,28079055,44,0.11
18,8,28079004,01,3
18,8,28079008,01,4
18,8,28079017,01,3
18,8,28079018,01,2
18,8,28079024,01,1
18,8,28079035,01,3
18,8,28079036,01,1
18,8,28079038,01,3
18,8,28079040,01,4
18,8,28079057,01,6
18,8,28079004,06,0.3
18,8,28079008,06,0.4
18,8,28079016,06,0.3
18,8,28079018,06,0.3
18,8,28079024,06,0.2
18,8,28079035,06,0.3
18,8,28079036,06,0.3
18,8,28079039,06,0.3
18,8,28079056,06,0.2
18,8,28079057,06,0.3
18,8,28079004,07,9
18,8,28079008,07,58
18,8,28079011,07,2
18,8,28079016,07,14
18,8,28079017,07,9
18,8,28079018,07,2
18,8,28079024,07,1
18,8,28079027,07,6
18,8,28079035,07,6
18,8,28079036,07,12
18,8,28079038,07,14
18,8,28079039,07,19
18,8,28079040,07,8
18,8,28079047,07,3
18,8,28079048,07,20
18,8,28079049,07,3
18,8,28079050,07,60
18,8,28079054,07,6
18,8,28079055,07,9
18,8,28079056,07,10
18,8,28079057,07,6
18,8,28079058,07,2
18,8,28079059,07,13
18,8,28079060,07,6
18,8,28079004,08,31
18,8,28079008,08,48
18,8,28079011,08,27
18,8,28079016,08,34
18,8,28079017,08,20
18,8,28079018,08,19
18,8,28079024,08,5
18,8,28079027,08,27
18,8,28079035,08,19
18,8,28079036,08,23
18,8,28079038,08,30
18,8,28079039,08,37
18,8,28079040,08,26
18,8,28079047,08,22
18,8,28079048,08,36
18,8,28079049,08,25
18,8,28079050,08,50
18,8,28079054,08,16
18,8,28079055,08,33
18,8,28079056,08,26
18,8,28079057,08,31
18,8,28079058,08,4
18,8,28079059,08,21
18,8,28079060,08,26
18,8,28079008,09,8
18,8,28079024,09,4
18,8,28079038,09,7
18,8,28079047,09,5
18,8,28079048,09,8
18,8,28079050,09,9
18,8,28079008,10,6
18,8,28079018,10,5
18,8,28079024,10,4
18,8,28079036,10,7
18,8,28079038,10,5
18,8,28079040,10,6
18,8,28079047,10,5
18,8,28079048,10,17
18,8,28079050,10,14
18,8,28079055,10,8
18,8,28079057,10,7
18,8,28079060,10,10
18,8,28079008,14,14
18,8,28079016,14,18
18,8,28079017,14,29
18,8,28079018,14,25
18,8,28079024,14,40
18,8,28079027,14,29
18,8,28079035,14,27
18,8,28079039,14,19
18,8,28079049,14,19
18,8,28079054,14,28
18,8,28079056,14,24
18,8,28079058,14,42
18,8,28079059,14,21
18,8,28079060,14,23
18,8,28079008,20,2.1
18,8,28079011,20,1.8
18,8,28079018,20,0.3
18,8,28079024,20,0.3
18,8,28079038,20,0.9
18,8,28079055,20,0.5
18,8,28079008,30,0.9
18,8,28079011,30,1.1
18,8,28079018,30,0.1
18,8,28079024,30,0.4
18,8,28079038,30,0.3
18,8,28079055,30,0.2
18,8,28079008,35,0.6
18,8,28079011,35,1
18,8,28079018,35,1
18,8,28079024,35,0.4
18,8,28079038,35,0.3
18,8,28079055,35,1
18,8,28079024,42,1.29
18,8,28079027,42,1.18
18,8,28079055,42,1.41
18,8,28079024,44,0.22
18,8,28079027,44,0.11
18,8,28079055,44,0.12
18,9,28079004,01,3
18,9,28079008,01,4
18,9,28079017,01,3
18,9,28079018,01,2
18,9,28079024,01,1
18,9,28079035,01,4
18,9,28079036,01,2
18,9,28079038,01,3
18,9,28079040,01,4
18,9,28079057,01,6
18,9,28079004,06,0.3
18,9,28079008,06,0.5
18,9,28079016,06,0.4
18,9,28079018,06,0.3
18,9,28079024,06,0.2
18,9,28079035,06,0.3
18,9,28079036,06,0.3
18,9,28079039,06,0.3
18,9,28079056,06,0.2
18,9,28079057,06,0.3
18,9,28079004,07,15
18,9,28079008,07,77
18,9,28079011,07,12
18,9,28079016,07,24
18,9,28079017,07,18
18,9,28079018,07,12
18,9,28079024,07,1
18,9,28079027,07,13
18,9,28079035,07,30
18,9,28079036,07,23
18,9,28079038,07,28
18,9,28079039,07,33
18,9,28079040,07,14
18,9,28079047,07,5
18,9,28079048,07,39
18,9,28079049,07,7
18,9,28079050,07,86
18,9,28079054,07,8
18,9,28079055,07,19
18,9,28079056,07,15
18,9,28079057,07,19
18,9,28079058,07,3
18,9,28079059,07,20
18,9,28079060,07,12
18,9,28079004,08,41
18,9,28079008,08,59
18,9,28079011,08,46
18,9,28079016,08,49
18,9,28079017,08,29
18,9,28079018,08,30
18,9,28079024,08,10
18,9,28079027,08,46
18,9,28079035,08,34
18,9,28079036,08,34
18,9,28079038,08,45
18,9,28079039,08,53
18,9,28079040,08,34
18,9,28079047,08,31
18,9,28079048,08,51
18,9,28079049,08,38
18,9,28079050,08,70
18,9,28079054,08,24
18,9,28079055,08,48
18,9,28079056,08,39
18,9,28079057,08,50
18,9,28079058,08,11
18,9,28079059,08,29
18,9,28079060,08,43
18,9,28079008,09,11
18,9,28079024,09,4
18,9,28079038,09,6
18,9,28079047,09,4
18,9,28079048,09,10
18,9,28079050,09,12
18,9,28079008,10,8
18,9,28079018,10,6
18,9,28079024,10,3
18,9,28079036,10,8
18,9,28079038,10,6
18,9,28079040,10,6
18,9,28079047,10,6
18,9,28079048,10,17
18,9,28079050,10,17
18,9,28079055,10,8
18,9,28079057,10,7
18,9,28079060,10,5
18,9,28079008,14,10
18,9,28079016,14,11
18,9,28079017,14,22
18,9,28079018,14,17
18,9,28079024,14,36
18,9,28079027,14,17
18,9,28079035,14,18
18,9,28079039,14,12
18,9,28079049,14,11
18,9,28079054,14,23
18,9,28079056,14,18
18,9,28079058,14,36
18,9,28079059,14,13
18,9,28079060,14,12
18,9,28079008,20,5.6
18,9,28079011,20,3.3
18,9,28079018,20,0.4
18,9,28079024,20,0.3
18,9,28079038,20,1.9
18,9,28079055,20,1.2
18,9,28079008,30,2.1
18,9,28079011,30,1.9
18,9,28079018,30,0.2
18,9,28079024,30,0.4
18,9,28079038,30,0.6
18,9,28079055,30,0.2
18,9,28079008,35,1.4
18,9,28079011,35,0.6
18,9,28079018,35,1
18,9,28079024,35,0.4
18,9,28079038,35,0.3
18,9,28079055,35,1
18,9,28079024,42,1.29
18,9,28079027,42,1.2
18,9,28079055,42,1.43
18,9,28079024,44,0.21
18,9,28079027,44,0.13
18,9,28079055,44,0.14
19,1,28079004,01,3
19,1,28079008,01,2
19,1,28079017,01,3
19,1,28079018,01,2
19,1,28079024,01,1
19,1,28079035,01,3
19,1,28079036,01,1
19,1,28079038,01,2
19,1,28079040,01,3
19,1,28079057,01,5
19,1,28079004,06,0.3
19,1,28079008,06,0.2
19,1,28079016,06,0.2
19,1,28079018,06,0.2
19,1,28079024,06,0.2
19,1,28079035,06,0.3
19,1,28079036,06,0.2
19,1,28079039,06,0.2
19,1,28079056,06,0.1
19,1,28079057,06,0.2
19,1,28079004,07,5
19,1,28079008,07,12
19,1,28079011,07,2
19,1,28079016,07,3
19,1,28079017,07,3
19,1,28079018,07,1
19,1,28079024,07,1
19,1,28079027,07,1
19,1,28079035,07,5
19,1,28079036,07,2
19,1,28079038,07,5
19,1,28079039,07,1
19,1,28079040,07,1
19,1,28079047,07,1
19,1,28079048,07,4
19,1,28079049,07,1
19,1,28079050,07,11
19,1,28079054,07,5
19,1,28079055,07,1
19,1,28079056,07,7
19,1,28079057,07,1
19,1,28079058,07,1
19,1,28079059,07,2
19,1,28079060,07,1
19,1,28079004,08,21
19,1,28079008,08,25
19,1,28079011,08,26
19,1,28079016,08,20
19,1,28079017,08,26
19,1,28079018,08,12
19,1,28079024,08,5
19,1,28079027,08,13
19,1,28079035,08,19
19,1,28079036,08,8
19,1,28079038,08,19
19,1,28079039,08,15
19,1,28079040,08,19
19,1,28079047,08,17
19,1,28079048,08,26
19,1,28079049,08,15
19,1,28079050,08,33
19,1,28079054,08,5
19,1,28079055,08,18
19,1,28079056,08,22
19,1,28079057,08,13
19,1,28079058,08,1
19,1,28079059,08,6
19,1,28079060,08,8
19,1,28079008,09,2
19,1,28079024,09,1
19,1,28079038,09,1
19,1,28079047,09,1
19,1,28079048,09,1
19,1,28079050,09,3
19,1,28079008,10,3
19,1,28079018,10,2
19,1,28079024,10,3
19,1,28079036,10,4
19,1,28079038,10,3
19,1,28079040,10,4
19,1,28079047,10,3
19,1,28079048,10,6
19,1,28079050,10,6
19,1,28079055,10,3
19,1,28079057,10,3
19,1,28079060,10,4
19,1,28079008,14,35
19,1,28079016,14,38
19,1,28079017,14,34
19,1,28079018,14,44
19,1,28079024,14,56
19,1,28079027,14,54
19,1,28079035,14,42
19,1,28079039,14,49
19,1,28079049,14,41
19,1,28079054,14,48
19,1,28079056,14,40
19,1,28079058,14,62
19,1,28079059,14,42
19,1,28079060,14,55
19,1,28079008,20,1.3
19,1,28079011,20,2.5
19,1,28079018,20,0.7
19,1,28079024,20,0.3
19,1,28079038,20,1
19,1,28079055,20,0.5
19,1,28079008,30,0.5
19,1,28079011,30,1
19,1,28079018,30,0.2
19,1,28079024,30,0.3
19,1,28079038,30,0.2
19,1,28079055,30,0.2
19,1,28079008,35,0.9
19,1,28079011,35,1
19,1,28079018,35,0.4
19,1,28079024,35,0.4
19,1,28079038,35,0.3
19,1,28079055,35,1
19,1,28079024,42,1.3
19,1,28079027,42,1.2
19,1,28079055,42,1.42
19,1,28079024,44,0.23
19,1,28079027,44,0.12
19,1,28079055,44,0.12
19,10,28079004,01,2
19,10,28079008,01,2
19,10,28079017,01,3
19,10,28079018,01,1
19,10,28079024,01,1
19,10,28079035,01,3
19,10,28079036,01,1
19,10,28079038,01,2
19,10,28079040,01,3
19,10,28079057,01,5
19,10,28079004,06,0.2
19,10,28079008,06,0.2
19,10,28079016,06,0.3
19,10,28079018,06,0.2
19,10,28079024,06,0.2
19,10,28079035,06,0.2
19,10,28079036,06,0.2
19,10,28079039,06,0.2
19,10,28079056,06,0.2
19,10,28079057,06,0.3
19,10,28079004,07,4
19,10,28079008,07,10
19,10,28079011,07,1
19,10,28079016,07,6
19,10,28079017,07,3
19,10,28079018,07,1
19,10,28079024,07,1
19,10,28079027,07,2
19,10,28079035,07,7
19,10,28079036,07,4
19,10,28079038,07,3
19,10,28079039,07,5
19,10,28079040,07,3
19,10,28079047,07,1
19,10,28079048,07,4
19,10,28079049,07,1
19,10,28079050,07,14
19,10,28079054,07,4
19,10,28079055,07,2
19,10,28079056,07,6
19,10,28079057,07,5
19,10,28079058,07,2
19,10,28079059,07,3
19,10,28079060,07,1
19,10,28079004,08,24
19,10,28079008,08,22
19,10,28079011,08,22
19,10,28079016,08,29
19,10,28079017,08,13
19,10,28079018,08,14
19,10,28079024,08,3
19,10,28079027,08,19
19,10,28079035,08,19
19,10,28079036,08,10
19,10,28079038,08,17
19,10,28079039,08,27
19,10,28079040,08,15
19,10,28079047,08,10
19,10,28079048,08,27
19,10,28079049,08,14
19,10,28079050,08,30
19,10,28079054,08,5
19,10,28079055,08,18
19,10,28079056,08,21
19,10,28079057,08,17
19,10,28079058,08,4
19,10,28079059,08,13
19,10,28079060,08,14
19,10,28079008,09,1
19,10,28079024,09,1
19,10,28079038,09,1
19,10,28079047,09,2
19,10,28079048,09,1
19,10,28079050,09,3
19,10,28079008,10,4
19,10,28079018,10,4
19,10,28079024,10,3
19,10,28079036,10,4
19,10,28079038,10,4
19,10,28079040,10,5
19,10,28079047,10,5
19,10,28079048,10,4
19,10,28079050,10,5
19,10,28079055,10,4
19,10,28079057,10,4
19,10,28079060,10,4
19,10,28079008,14,51
19,10,28079016,14,44
19,10,28079017,14,62
19,10,28079018,14,57
19,10,28079024,14,71
19,10,28079027,14,64
19,10,28079035,14,59
19,10,28079039,14,56
19,10,28079049,14,61
19,10,28079054,14,66
19,10,28079056,14,58
19,10,28079058,14,67
19,10,28079059,14,50
19,10,28079060,14,62
19,10,28079008,20,0.8
19,10,28079011,20,1.3
19,10,28079018,20,0.2
19,10,28079024,20,0.2
19,10,28079038,20,0.3
19,10,28079055,20,0.3
19,10,28079008,30,0.4
19,10,28079011,30,0.7
19,10,28079018,30,0.2
19,10,28079024,30,0.3
19,10,28079038,30,0.2
19,10,28079055,30,0.2
19,10,28079008,35,0.9
19,10,28079011,35,0.4
19,10,28079018,35,1
19,10,28079024,35,0.4
19,10,28079038,35,1
19,10,28079055,35,1
19,10,28079024,42,1.3
19,10,28079027,42,1.18
19,10,28079055,42,1.41
19,10,28079024,44,0.24
19,10,28079027,44,0.13
19,10,28079055,44,0.14
19,11,28079004,01,3
19,11,28079008,01,2
19,11,28079017,01,3
19,11,28079018,01,2
19,11,28079024,01,1
19,11,28079035,01,3
19,11,28079036,01,1
19,11,28079038,01,2
19,11,28079040,01,3
19,11,28079057,01,5
19,11,28079004,06,0.2
19,11,28079008,06,0.3
19,11,28079016,06,0.3
19,11,28079018,06,0.2
19,11,28079024,06,0.2
19,11,28079035,06,0.2
19,11,28079036,06,0.2
19,11,28079039,06,0.2
19,11,28079056,06,0.2
19,11,28079057,06,0.3
19,11,28079004,07,5
19,11,28079008,07,14
19,11,28079011,07,1
19,11,28079016,07,6
19,11,28079017,07,4
19,11,28079018,07,3
19,11,28079024,07,1
19,11,28079027,07,3
19,11,28079035,07,5
19,11,28079036,07,4
19,11,28079038,07,6
19,11,28079039,07,5
19,11,28079040,07,5
19,11,28079047,07,2
19,11,28079048,07,8
19,11,28079049,07,2
19,11,28079050,07,19
19,11,28079054,07,5
19,11,28079055,07,4
19,11,28079056,07,6
19,11,28079057,07,4
19,11,28079058,07,2
19,11,28079059,07,4
19,11,28079060,07,2
19,11,28079004,08,22
19,11,28079008,08,24
19,11,28079011,08,25
19,11,28079016,08,24
19,11,28079017,08,12
19,11,28079018,08,15
19,11,28079024,08,3
19,11,28079027,08,18
19,11,28079035,08,15
19,11,28079036,08,9
19,11,28079038,08,19
19,11,28079039,08,22
19,11,28079040,08,15
19,11,28079047,08,10
19,11,28079048,08,28
19,11,28079049,08,14
19,11,28079050,08,32
19,11,28079054,08,6
19,11,28079055,08,17
19,11,28079056,08,20
19,11,28079057,08,15
19,11,28079058,08,2
19,11,28079059,08,9
19,11,28079060,08,13
19,11,28079008,09,2
19,11,28079024,09,2
19,11,28079038,09,4
19,11,28079047,09,3
19,11,28079048,09,1
19,11,28079050,09,6
19,11,28079008,10,3
19,11,28079018,10,8
19,11,28079024,10,6
19,11,28079036,10,4
19,11,28079038,10,5
19,11,28079040,10,7
19,11,28079047,10,6
19,11,28079048,10,4
19,11,28079050,10,12
19,11,28079055,10,5
19,11,28079057,10,7
19,11,28079060,10,3
19,11,28079008,14,50
19,11,28079016,14,46
19,11,28079017,14,62
19,11,28079018,14,55
19,11,28079024,14,68
19,11,28079027,14,64
19,11,28079035,14,62
19,11,28079039,14,56
19,11,28079049,14,60
19,11,28079054,14,63
19,11,28079056,14,57
19,11,28079058,14,68
19,11,28079059,14,52
19,11,28079060,14,43
19,11,28079008,20,1.3
19,11,28079011,20,1.5
19,11,28079018,20,0.2
19,11,28079024,20,0.2
19,11,28079038,20,0.5
19,11,28079055,20,0.7
19,11,28079008,30,0.5
19,11,28079011,30,0.9
19,11,28079018,30,0.1
19,11,28079024,30,0.4
19,11,28079038,30,0.2
19,11,28079055,30,0.1
19,11,28079008,35,1
19,11,28079011,35,0.5
19,11,28079018,35,1
19,11,28079024,35,0.3
19,11,28079038,35,0.9
19,11,28079055,35,1
19,11,28079024,42,1.3
19,11,28079027,42,1.2
19,11,28079055,42,1.41
19,11,28079024,44,0.24
19,11,28079027,44,0.14
19,11,28079055,44,0.13
19,12,28079004,01,3
19,12,28079008,01,3
19,12,28079017,01,3
19,12,28079018,01,2
19,12,28079024,01,1
19,12,28079035,01,3
19,12,28079036,01,1
19,12,28079038,01,3
19,12,28079040,01,3
19,12,28079057,01,5
19,12,28079004,06,0.2
19,12,28079008,06,0.3
19,12,28079016,06,0.3
19,12,28079018,06,0.2
19,12,28079024,06,0.2
19,12,28079035,06,0.3
19,12,28079036,06,0.2
19,12,28079039,06,0.2
19,12,28079056,06,0.2
19,12,28079057,06,0.3
19,12,28079004,07,6
19,12,28079008,07,12
19,12,28079011,07,2
19,12,28079016,07,10
19,12,28079017,07,5
19,12,28079018,07,2
19,12,28079024,07,1
19,12,28079027,07,4
19,12,28079035,07,5
19,12,28079036,07,8
19,12,28079038,07,8
19,12,28079039,07,9
19,12,28079040,07,6
19,12,28079047,07,3
19,12,28079048,07,10
19,12,28079049,07,2
19,12,28079050,07,23
19,12,28079054,07,6
19,12,28079055,07,5
19,12,28079056,07,7
19,12,28079057,07,7
19,12,28079058,07,2
19,12,28079059,07,6
19,12,28079060,07,3
19,12,28079004,08,20
19,12,28079008,08,21
19,12,28079011,08,30
19,12,28079016,08,28
19,12,28079017,08,14
19,12,28079018,08,13
19,12,28079024,08,4
19,12,28079027,08,16
19,12,28079035,08,13
19,12,28079036,08,12
19,12,28079038,08,19
19,12,28079039,08,25
19,12,28079040,08,16
19,12,28079047,08,10
19,12,28079048,08,28
19,12,28079049,08,14
19,12,28079050,08,37
19,12,28079054,08,8
19,12,28079055,08,16
19,12,28079056,08,17
19,12,28079057,08,19
19,12,28079058,08,2
19,12,28079059,08,10
19,12,28079060,08,13
19,12,28079008,09,2
19,12,28079024,09,2
19,12,28079038,09,4
19,12,28079047,09,3
19,12,28079048,09,1
19,12,28079050,09,5
19,12,28079008,10,3
19,12,28079018,10,9
19,12,28079024,10,6
19,12,28079036,10,5
19,12,28079038,10,4
19,12,28079040,10,5
19,12,28079047,10,5
19,12,28079048,10,4
19,12,28079050,10,6
19,12,28079055,10,6
19,12,28079057,10,7
19,12,28079060,10,4
19,12,28079008,14,53
19,12,28079016,14,44
19,12,28079017,14,61
19,12,28079018,14,58
19,12,28079024,14,69
19,12,28079027,14,65
19,12,28079035,14,64
19,12,28079039,14,55
19,12,28079049,14,61
19,12,28079054,14,62
19,12,28079056,14,59
19,12,28079058,14,70
19,12,28079059,14,52
19,12,28079060,14,63
19,12,28079008,20,1.3
19,12,28079011,20,1.8
19,12,28079018,20,0.3
19,12,28079024,20,0.2
19,12,28079038,20,0.6
19,12,28079055,20,0.7
19,12,28079008,30,0.5
19,12,28079011,30,1
19,12,28079018,30,0.1
19,12,28079024,30,0.4
19,12,28079038,30,0.3
19,12,28079055,30,0.1
19,12,28079008,35,0.9
19,12,28079011,35,0.6
19,12,28079018,35,1
19,12,28079024,35,0.3
19,12,28079038,35,0.7
19,12,28079055,35,1
19,12,28079024,42,1.3
19,12,28079027,42,1.2
19,12,28079055,42,1.42
19,12,28079024,44,0.25
19,12,28079027,44,0.14
19,12,28079055,44,0.14
19,13,28079004,01,3
19,13,28079008,01,3
19,13,28079017,01,3
19,13,28079018,01,2
19,13,28079024,01,1
19,13,28079035,01,4
19,13,28079036,01,1
19,13,28079038,01,3
19,13,28079040,01,3
19,13,28079057,01,6
19,13,28079004,06,0.3
19,13,28079008,06,0.3
19,13,28079016,06,0.3
19,13,28079018,06,0.3
19,13,28079024,06,0.2
19,13,28079035,06,0.3
19,13,28079036,06,0.3
19,13,28079039,06,0.2
19,13,28079056,06,0.2
19,13,28079057,06,0.3
19,13,28079004,07,9
19,13,28079008,07,16
19,13,28079011,07,5
19,13,28079016,07,11
19,13,28079017,07,6
19,13,28079018,07,4
19,13,28079024,07,2
19,13,28079027,07,5
19,13,28079035,07,5
19,13,28079036,07,9
19,13,28079038,07,10
19,13,28079039,07,10
19,13,28079040,07,8
19,13,28079047,07,3
19,13,28079048,07,10
19,13,28079049,07,2
19,13,28079050,07,17
19,13,28079054,07,9
19,13,28079055,07,6
19,13,28079056,07,11
19,13,28079057,07,8
19,13,28079058,07,3
19,13,28079059,07,4
19,13,28079060,07,3
19,13,28079004,08,24
19,13,28079008,08,22
19,13,28079011,08,34
19,13,28079016,08,27
19,13,28079017,08,16
19,13,28079018,08,15
19,13,28079024,08,7
19,13,28079027,08,15
19,13,28079035,08,14
19,13,28079036,08,13
19,13,28079038,08,25
19,13,28079039,08,30
19,13,28079040,08,19
19,13,28079047,08,9
19,13,28079048,08,26
19,13,28079049,08,12
19,13,28079050,08,40
19,13,28079054,08,8
19,13,28079055,08,17
19,13,28079056,08,23
19,13,28079057,08,22
19,13,28079058,08,3
19,13,28079059,08,6
19,13,28079060,08,15
19,13,28079008,09,1
19,13,28079024,09,3
19,13,28079038,09,1
19,13,28079047,09,1
19,13,28079048,09,2
19,13,28079050,09,4
19,13,28079008,10,5
19,13,28079018,10,9
19,13,28079024,10,6
19,13,28079036,10,8
19,13,28079038,10,7
19,13,28079040,10,8
19,13,28079047,10,7
19,13,28079048,10,11
19,13,28079050,10,8
19,13,28079055,10,5
19,13,28079057,10,3
19,13,28079060,10,4
19,13,28079008,14,54
19,13,28079016,14,46
19,13,28079017,14,59
19,13,28079018,14,57
19,13,28079024,14,67
19,13,28079027,14,67
19,13,28079035,14,64
19,13,28079039,14,52
19,13,28079049,14,52
19,13,28079054,14,62
19,13,28079056,14,56
19,13,28079058,14,69
19,13,28079059,14,54
19,13,28079060,14,62
19,13,28079008,20,1.9
19,13,28079011,20,2.1
19,13,28079018,20,0.4
19,13,28079024,20,0.3
19,13,28079038,20,0.8
19,13,28079055,20,0.6
19,13,28079008,30,0.6
19,13,28079011,30,1.1
19,13,28079018,30,0.2
19,13,28079024,30,0.4
19,13,28079038,30,0.2
19,13,28079055,30,0.1
19,13,28079008,35,1.1
19,13,28079011,35,1.3
19,13,28079018,35,0.4
19,13,28079024,35,0.4
19,13,28079038,35,0.6
19,13,28079055,35,1
19,13,28079024,42,1.31
19,13,28079027,42,1.2
19,13,28079055,42,1.42
19,13,28079024,44,0.26
19,13,28079027,44,0.14
19,13,28079055,44,0.14
19,14,28079004,01,3
19,14,28079008,01,3
19,14,28079017,01,3
19,14,28079018,01,2
19,14,28079024,01,1
19,14,28079035,01,3
19,14,28079036,01,1
19,14,28079038,01,3
19,14,28079040,01,3
19,14,28079057,01,6
19,14,28079004,06,0.3
19,14,28079008,06,0.3
19,14,28079016,06,0.3
19,14,28079018,06,0.3
19,14,28079024,06,0.2
19,14,28079035,06,0.3
19,14,28079036,06,0.2
19,14,28079039,06,0.3
19,14,28079056,06,0.2
19,14,28079057,06,0.3
19,14,28079004,07,8
19,14,28079008,07,14
19,14,28079011,07,13
19,14,28079016,07,8
19,14,28079017,07,6
19,14,28079018,07,3
19,14,28079024,07,1
19,14,28079027,07,3
19,14,28079035,07,6
19,14,28079036,07,8
19,14,28079038,07,12
19,14,28079039,07,11
19,14,28079040,07,5
19,14,28079047,07,2
19,14,28079048,07,9
19,14,28079049,07,1
19,14,28079050,07,12
19,14,28079054,07,7
19,14,28079055,07,6
19,14,28079056,07,10
19,14,28079057,07,7
19,14,28079058,07,2
19,14,28079059,07,3
19,14,28079060,07,3
19,14,28079004,08,24
19,14,28079008,08,20
19,14,28079011,08,53
19,14,28079016,08,28
19,14,28079017,08,20
19,14,28079018,08,16
19,14,28079024,08,6
19,14,28079027,08,14
19,14,28079035,08,19
19,14,28079036,08,14
19,14,28079038,08,28
19,14,28079039,08,37
19,14,28079040,08,17
19,14,28079047,08,10
19,14,28079048,08,29
19,14,28079049,08,11
19,14,28079050,08,39
19,14,28079054,08,6
19,14,28079055,08,18
19,14,28079056,08,21
19,14,28079057,08,22
19,14,28079058,08,4
19,14,28079059,08,7
19,14,28079060,08,18
19,14,28079008,09,1
19,14,28079024,09,2
19,14,28079038,09,1
19,14,28079047,09,2
19,14,28079048,09,4
19,14,28079050,09,4
19,14,28079008,10,4
19,14,28079018,10,5
19,14,28079024,10,3
19,14,28079036,10,5
19,14,28079038,10,7
19,14,28079040,10,6
19,14,28079047,10,4
19,14,28079048,10,11
19,14,28079050,10,4
19,14,28079055,10,4
19,14,28079057,10,2
19,14,28079060,10,5
19,14,28079008,14,55
19,14,28079016,14,45
19,14,28079017,14,56
19,14,28079018,14,47
19,14,28079024,14,67
19,14,28079027,14,67
19,14,28079035,14,60
19,14,28079039,14,47
19,14,28079049,14,52
19,14,28079054,14,64
19,14,28079056,14,58
19,14,28079058,14,67
19,14,28079059,14,52
19,14,28079060,14,59
19,14,28079008,20,1.7
19,14,28079011,20,4.9
19,14,28079018,20,0.4
19,14,28079024,20,0.4
19,14,28079038,20,1.7
19,14,28079055,20,0.6
19,14,28079008,30,0.5
19,14,28079011,30,2.2
19,14,28079018,30,0.1
19,14,28079024,30,0.4
19,14,28079038,30,0.4
19,14,28079055,30,0.1
19,14,28079008,35,1.5
19,14,28079011,35,1
19,14,28079018,35,0.5
19,14,28079024,35,0.4
19,14,28079038,35,0.3
19,14,28079055,35,1
19,14,28079024,42,1.32
19,14,28079027,42,1.19
19,14,28079055,42,1.41
19,14,28079024,44,0.26
19,14,28079027,44,0.14
19,14,28079055,44,0.14
19,15,28079004,01,3
19,15,28079008,01,3
19,15,28079017,01,3
19,15,28079018,01,2
19,15,28079024,01,1
19,15,28079035,01,3
19,15,28079036,01,1
19,15,28079038,01,3
19,15,28079040,01,3
19,15,28079057,01,6
19,15,28079004,06,0.3
19,15,28079008,06,0.3
19,15,28079016,06,0.3
19,15,28079018,06,0.3
19,15,28079024,06,0.2
19,15,28079035,06,0.3
19,15,28079036,06,0.3
19,15,28079039,06,0.3
19,15,28079056,06,0.2
19,15,28079057,06,0.3
19,15,28079004,07,8
19,15,28079008,07,18
19,15,28079011,07,13
19,15,28079016,07,8
19,15,28079017,07,5
19,15,28079018,07,5
19,15,28079024,07,1
19,15,28079027,07,4
19,15,28079035,07,7
19,15,28079036,07,7
19,15,28079038,07,11
19,15,28079039,07,13
19,15,28079040,07,6
19,15,28079047,07,2
19,15,28079048,07,10
19,15,28079049,07,1
19,15,28079050,07,14
19,15,28079054,07,6
19,15,28079055,07,6
19,15,28079056,07,15
19,15,28079057,07,6
19,15,28079058,07,3
19,15,28079059,07,3
19,15,28079060,07,2
19,15,28079004,08,28
19,15,28079008,08,24
19,15,28079011,08,55
19,15,28079016,08,27
19,15,28079017,08,19
19,15,28079018,08,23
19,15,28079024,08,10
19,15,28079027,08,19
19,15,28079035,08,22
19,15,28079036,08,14
19,15,28079038,08,33
19,15,28079039,08,40
19,15,28079040,08,19
19,15,28079047,08,12
19,15,28079048,08,33
19,15,28079049,08,14
19,15,28079050,08,44
19,15,28079054,08,6
19,15,28079055,08,23
19,15,28079056,08,32
19,15,28079057,08,25
19,15,28079058,08,8
19,15,28079059,08,9
19,15,28079060,08,22
19,15,28079008,09,1
19,15,28079024,09,2
19,15,28079038,09,1
19,15,28079047,09,3
19,15,28079048,09,5
19,15,28079050,09,4
19,15,28079008,10,3
19,15,28079018,10,4
19,15,28079024,10,3
19,15,28079036,10,7
19,15,28079038,10,4
19,15,28079040,10,5
19,15,28079047,10,4
19,15,28079048,10,12
19,15,28079050,10,7
19,15,28079055,10,4
19,15,28079057,10,3
19,15,28079060,10,8
19,15,28079008,14,50
19,15,28079016,14,44
19,15,28079017,14,54
19,15,28079018,14,41
19,15,28079024,14,61
19,15,28079027,14,62
19,15,28079035,14,55
19,15,28079039,14,43
19,15,28079049,14,58
19,15,28079054,14,63
19,15,28079056,14,47
19,15,28079058,14,64
19,15,28079059,14,52
19,15,28079060,14,55
19,15,28079008,20,1.8
19,15,28079011,20,4
19,15,28079018,20,0.5
19,15,28079024,20,0.4
19,15,28079038,20,1.3
19,15,28079055,20,0.4
19,15,28079008,30,0.6
19,15,28079011,30,1.9
19,15,28079018,30,0.2
19,15,28079024,30,0.4
19,15,28079038,30,0.4
19,15,28079055,30,0.1
19,15,28079008,35,2.4
19,15,28079011,35,0.3
19,15,28079018,35,0.2
19,15,28079024,35,0.4
19,15,28079038,35,0.2
19,15,28079055,35,1
19,15,28079024,42,1.32
19,15,28079027,42,1.2
19,15,28079055,42,1.41
19,15,28079024,44,0.26
19,15,28079027,44,0.14
19,15,28079055,44,0.13
19,16,28079004,01,3
19,16,28079008,01,2
19,16,28079017,01,3
19,16,28079018,01,2
19,16,28079024,01,1
19,16,28079035,01,3
19,16,28079036,01,1
19,16,28079038,01,3
19,16,28079040,01,3
19,16,28079057,01,6
19,16,28079004,06,0.3
19,16,28079008,06,0.2
19,16,28079016,06,0.3
19,16,28079018,06,0.3
19,16,28079024,06,0.2
19,16,28079035,06,0.3
19,16,28079036,06,0.2
19,16,28079039,06,0.3
19,16,28079056,06,0.2
19,16,28079057,06,0.3
19,16,28079004,07,9
19,16,28079008,07,8
19,16,28079011,07,8
19,16,28079016,07,7
19,16,28079017,07,5
19,16,28079018,07,4
19,16,28079024,07,2
19,16,28079027,07,3
19,16,28079035,07,7
19,16,28079036,07,5
19,16,28079038,07,6
19,16,28079039,07,9
19,16,28079040,07,4
19,16,28079047,07,2
19,16,28079048,07,7
19,16,28079049,07,1
19,16,28079050,07,8
19,16,28079054,07,6
19,16,28079055,07,4
19,16,28079056,07,20
19,16,28079057,07,6
19,16,28079058,07,3
19,16,28079059,07,3
19,16,28079060,07,2
19,16,28079004,08,32
19,16,28079008,08,14
19,16,28079011,08,45
19,16,28079016,08,26
19,16,28079017,08,18
19,16,28079018,08,23
19,16,28079024,08,10
19,16,28079027,08,17
19,16,28079035,08,22
19,16,28079036,08,12
19,16,28079038,08,30
19,16,28079039,08,41
19,16,28079040,08,18
19,16,28079047,08,9
19,16,28079048,08,29
19,16,28079049,08,11
19,16,28079050,08,38
19,16,28079054,08,5
19,16,28079055,08,20
19,16,28079056,08,40
19,16,28079057,08,24
19,16,28079058,08,5
19,16,28079059,08,7
19,16,28079060,08,24
19,16,28079008,09,1
19,16,28079024,09,3
19,16,28079038,09,3
19,16,28079047,09,3
19,16,28079048,09,5
19,16,28079050,09,7
19,16,28079008,10,2
19,16,28079018,10,3
19,16,28079024,10,3
19,16,28079036,10,3
19,16,28079038,10,4
19,16,28079040,10,3
19,16,28079047,10,3
19,16,28079048,10,10
19,16,28079050,10,8
19,16,28079055,10,4
19,16,28079057,10,4
19,16,28079060,10,7
19,16,28079008,14,55
19,16,28079016,14,43
19,16,28079017,14,55
19,16,28079018,14,47
19,16,28079024,14,59
19,16,28079027,14,62
19,16,28079035,14,52
19,16,28079039,14,40
19,16,28079049,14,59
19,16,28079054,14,62
19,16,28079056,14,41
19,16,28079058,14,63
19,16,28079059,14,54
19,16,28079060,14,50
19,16,28079008,20,0.9
19,16,28079011,20,3.4
19,16,28079018,20,0.4
19,16,28079024,20,0.4
19,16,28079038,20,1.1
19,16,28079055,20,0.4
19,16,28079008,30,0.4
19,16,28079011,30,1.7
19,16,28079018,30,0.1
19,16,28079024,30,0.4
19,16,28079038,30,0.3
19,16,28079055,30,0.2
19,16,28079008,35,0.9
19,16,28079011,35,0.2
19,16,28079018,35,0.4
19,16,28079024,35,0.3
19,16,28079038,35,0.2
19,16,28079055,35,1
19,16,28079024,42,1.32
19,16,28079027,42,1.19
19,16,28079055,42,1.41
19,16,28079024,44,0.25
19,16,28079027,44,0.13
19,16,28079055,44,0.14
19,17,28079004,01,3
19,17,28079008,01,2
19,17,28079017,01,3
19,17,28079018,01,2
19,17,28079024,01,1
19,17,28079035,01,3
19,17,28079036,01,1
19,17,28079038,01,3
19,17,28079040,01,3
19,17,28079057,01,6
19,17,28079004,06,0.4
19,17,28079008,06,0.2
19,17,28079016,06,0.3
19,17,28079018,06,0.3
19,17,28079024,06,0.2
19,17,28079035,06,0.3
19,17,28079036,06,0.2
19,17,28079039,06,0.3
19,17,28079056,06,0.2
19,17,28079057,06,0.3
19,17,28079004,07,14
19,17,28079008,07,11
19,17,28079011,07,12
19,17,28079016,07,7
19,17,28079017,07,5
19,17,28079018,07,4
19,17,28079024,07,1
19,17,28079027,07,3
19,17,28079035,07,8
19,17,28079036,07,8
19,17,28079038,07,8
19,17,28079039,07,6
19,17,28079040,07,4
19,17,28079047,07,1
19,17,28079048,07,10
19,17,28079049,07,1
19,17,28079050,07,34
19,17,28079054,07,6
19,17,28079055,07,4
19,17,28079056,07,18
19,17,28079057,07,7
19,17,28079058,07,3
19,17,28079059,07,2
19,17,28079060,07,3
19,17,28079004,08,41
19,17,28079008,08,22
19,17,28079011,08,56
19,17,28079016,08,34
19,17,28079017,08,22
19,17,28079018,08,29
19,17,28079024,08,16
19,17,28079027,08,22
19,17,28079035,08,24
19,17,28079036,08,17
19,17,28079038,08,31
19,17,28079039,08,43
19,17,28079040,08,21
19,17,28079047,08,11
19,17,28079048,08,37
19,17,28079049,08,13
19,17,28079050,08,64
19,17,28079054,08,6
19,17,28079055,08,23
19,17,28079056,08,44
19,17,28079057,08,32
19,17,28079058,08,7
19,17,28079059,08,10
19,17,28079060,08,27
19,17,28079008,09,3
19,17,28079024,09,4
19,17,28079038,09,5
19,17,28079047,09,3
19,17,28079048,09,4
19,17,28079050,09,9
19,17,28079008,10,2
19,17,28079018,10,6
19,17,28079024,10,4
19,17,28079036,10,3
19,17,28079038,10,4
19,17,28079040,10,4
19,17,28079047,10,3
19,17,28079048,10,9
19,17,28079050,10,14
19,17,28079055,10,5
19,17,28079057,10,6
19,17,28079060,10,6
19,17,28079008,14,46
19,17,28079016,14,36
19,17,28079017,14,49
19,17,28079018,14,41
19,17,28079024,14,51
19,17,28079027,14,55
19,17,28079035,14,49
19,17,28079039,14,36
19,17,28079049,14,53
19,17,28079054,14,60
19,17,28079056,14,37
19,17,28079058,14,57
19,17,28079059,14,50
19,17,28079060,14,47
19,17,28079008,20,0.8
19,17,28079011,20,4.8
19,17,28079018,20,0.6
19,17,28079024,20,0.5
19,17,28079038,20,1.1
19,17,28079055,20,0.5
19,17,28079008,30,0.4
19,17,28079011,30,2.2
19,17,28079018,30,0.2
19,17,28079024,30,0.4
19,17,28079038,30,0.4
19,17,28079055,30,0.2
19,17,28079008,35,0.9
19,17,28079011,35,0.6
19,17,28079018,35,0.8
19,17,28079024,35,0.5
19,17,28079038,35,0.2
19,17,28079055,35,1
19,17,28079024,42,1.32
19,17,28079027,42,1.31
19,17,28079055,42,1.57
19,17,28079024,44,0.26
19,17,28079027,44,0.14
19,17,28079055,44,0.14
19,18,28079004,01,3
19,18,28079008,01,3
19,18,28079017,01,3
19,18,28079018,01,2
19,18,28079024,01,1
19,18,28079035,01,3
19,18,28079036,01,1
19,18,28079038,01,4
19,18,28079040,01,4
19,18,28079057,01,6
19,18,28079004,06,0.3
19,18,28079008,06,0.3
19,18,28079016,06,0.4
19,18,28079018,06,0.3
19,18,28079024,06,0.2
19,18,28079035,06,0.3
19,18,28079036,06,0.3
19,18,28079039,06,0.3
19,18,28079056,06,0.2
19,18,28079057,06,0.3
19,18,28079004,07,10
19,18,28079008,07,24
19,18,28079011,07,20
19,18,28079016,07,10
19,18,28079017,07,13
19,18,28079018,07,3
19,18,28079024,07,1
19,18,28079027,07,4
19,18,28079035,07,7
19,18,28079036,07,12
19,18,28079038,07,27
19,18,28079039,07,9
19,18,28079040,07,7
19,18,28079047,07,2
19,18,28079048,07,17
19,18,28079049,07,1
19,18,28079050,07,57
19,18,28079054,07,7
19,18,28079055,07,6
19,18,28079056,07,13
19,18,28079057,07,17
19,18,28079058,07,4
19,18,28079059,07,4
19,18,28079060,07,7
19,18,28079004,08,38
19,18,28079008,08,47
19,18,28079011,08,66
19,18,28079016,08,45
19,18,28079017,08,41
19,18,28079018,08,28
19,18,28079024,08,7
19,18,28079027,08,34
19,18,28079035,08,29
19,18,28079036,08,31
19,18,28079038,08,52
19,18,28079039,08,46
19,18,28079040,08,34
19,18,28079047,08,23
19,18,28079048,08,47
19,18,28079049,08,22
19,18,28079050,08,73
19,18,28079054,08,19
19,18,28079055,08,40
19,18,28079056,08,40
19,18,28079057,08,51
19,18,28079058,08,15
19,18,28079059,08,24
19,18,28079060,08,40
19,18,28079008,09,6
19,18,28079024,09,4
19,18,28079038,09,12
19,18,28079047,09,6
19,18,28079048,09,8
19,18,28079050,09,11
19,18,28079008,10,5
19,18,28079018,10,7
19,18,28079024,10,5
19,18,28079036,10,7
19,18,28079038,10,7
19,18,28079040,10,6
19,18,28079047,10,5
19,18,28079048,10,9
19,18,28079050,10,15
19,18,28079055,10,7
19,18,28079057,10,10
19,18,28079060,10,10
19,18,28079008,14,26
19,18,28079016,14,28
19,18,28079017,14,37
19,18,28079018,14,38
19,18,28079024,14,54
19,18,28079027,14,46
19,18,28079035,14,41
19,18,28079039,14,34
19,18,28079049,14,45
19,18,28079054,14,47
19,18,28079056,14,39
19,18,28079058,14,48
19,18,28079059,14,37
19,18,28079060,14,34
19,18,28079008,20,2.1
19,18,28079011,20,4.4
19,18,28079018,20,1.6
19,18,28079024,20,0.5
19,18,28079038,20,2.2
19,18,28079055,20,0.7
19,18,28079008,30,0.7
19,18,28079011,30,2
19,18,28079018,30,0.3
19,18,28079024,30,0.5
19,18,28079038,30,0.7
19,18,28079055,30,0.2
19,18,28079008,35,1.4
19,18,28079011,35,0.4
19,18,28079018,35,0.8
19,18,28079024,35,0.5
19,18,28079038,35,0.4
19,18,28079055,35,1
19,18,28079024,42,1.31
19,18,28079027,42,1.23
19,18,28079055,42,1.44
19,18,28079024,44,0.25
19,18,28079027,44,0.15
19,18,28079055,44,0.14
19,19,28079004,01,3
19,19,28079008,01,4
19,19,28079017,01,4
19,19,28079018,01,2
19,19,28079024,01,1
19,19,28079035,01,4
19,19,28079036,01,2
19,19,28079038,01,4
19,19,28079040,01,5
19,19,28079057,01,6
19,19,28079004,06,0.4
19,19,28079008,06,0.4
19,19,28079016,06,0.4
19,19,28079018,06,0.4
19,19,28079024,06,0.2
19,19,28079035,06,0.4
19,19,28079036,06,0.4
19,19,28079039,06,0.4
19,19,28079056,06,0.3
19,19,28079057,06,0.4
19,19,28079004,07,13
19,19,28079008,07,32
19,19,28079011,07,29
19,19,28079016,07,15
19,19,28079017,07,22
19,19,28079018,07,5
19,19,28079024,07,1
19,19,28079027,07,6
19,19,28079035,07,20
19,19,28079036,07,18
19,19,28079038,07,28
19,19,28079039,07,27
19,19,28079040,07,15
19,19,28079047,07,4
19,19,28079048,07,24
19,19,28079049,07,2
19,19,28079050,07,57
19,19,28079054,07,5
19,19,28079055,07,8
19,19,28079056,07,14
19,19,28079057,07,30
19,19,28079058,07,7
19,19,28079059,07,5
19,19,28079060,07,9
19,19,28079004,08,56
19,19,28079008,08,63
19,19,28079011,08,75
19,19,28079016,08,65
19,19,28079017,08,61
19,19,28079018,08,42
19,19,28079024,08,16
19,19,28079027,08,50
19,19,28079035,08,57
19,19,28079036,08,45
19,19,28079038,08,65
19,19,28079039,08,67
19,19,28079040,08,57
19,19,28079047,08,44
19,19,28079048,08,62
19,19,28079049,08,37
19,19,28079050,08,81
19,19,28079054,08,37
19,19,28079055,08,52
19,19,28079056,08,56
19,19,28079057,08,73
19,19,28079058,08,23
19,19,28079059,08,35
19,19,28079060,08,54
19,19,28079008,09,10
19,19,28079024,09,6
19,19,28079038,09,15
19,19,28079047,09,9
19,19,28079048,09,13
19,19,28079050,09,14
19,19,28079008,10,7
19,19,28079018,10,10
19,19,28079024,10,7
19,19,28079036,10,12
19,19,28079038,10,9
19,19,28079040,10,9
19,19,28079047,10,8
19,19,28079048,10,17
19,19,28079050,10,17
19,19,28079055,10,11
19,19,28079057,10,14
19,19,28079060,10,10
19,19,28079008,14,14
19,19,28079016,14,14
19,19,28079017,14,20
19,19,28079018,14,24
19,19,28079024,14,40
19,19,28079027,14,29
19,19,28079035,14,14
19,19,28079039,14,18
19,19,28079049,14,27
19,19,28079054,14,32
19,19,28079056,14,23
19,19,28079058,14,24
19,19,28079059,14,27
19,19,28079060,14,19
19,19,28079008,20,3.8
19,19,28079011,20,4.6
19,19,28079018,20,0.5
19,19,28079024,20,0.4
19,19,28079038,20,2.2
19,19,28079055,20,1.2
19,19,28079008,30,1
19,19,28079011,30,2.3
19,19,28079018,30,0.2
19,19,28079024,30,0.5
19,19,28079038,30,0.7
19,19,28079055,30,0.4
19,19,28079008,35,1.8
19,19,28079011,35,0.4
19,19,28079018,35,0.3
19,19,28079024,35,0.5
19,19,28079038,35,0.4
19,19,28079055,35,1
19,19,28079024,42,1.33
19,19,28079027,42,1.22
19,19,28079055,42,1.47
19,19,28079024,44,0.26
19,19,28079027,44,0.15
19,19,28079055,44,0.17
19,2,28079004,01,3
19,2,28079008,01,2
19,2,28079017,01,3
19,2,28079018,01,2
19,2,28079024,01,1
19,2,28079035,01,3
19,2,28079036,01,1
19,2,28079038,01,2
19,2,28079040,01,3
19,2,28079057,01,6
19,2,28079004,06,0.2
19,2,28079008,06,0.2
19,2,28079016,06,0.2
19,2,28079018,06,0.2
19,2,28079024,06,0.2
19,2,28079035,06,0.2
19,2,28079036,06,0.2
19,2,28079039,06,0.2
19,2,28079056,06,0.1
19,2,28079057,06,0.2
19,2,28079004,07,4
19,2,28079008,07,10
19,2,28079011,07,2
19,2,28079016,07,2
19,2,28079017,07,1
19,2,28079018,07,1
19,2,28079024,07,1
19,2,28079027,07,1
19,2,28079035,07,6
19,2,28079036,07,2
19,2,28079038,07,4
19,2,28079039,07,1
19,2,28079040,07,1
19,2,28079047,07,1
19,2,28079048,07,4
19,2,28079049,07,1
19,2,28079050,07,6
19,2,28079054,07,5
19,2,28079055,07,1
19,2,28079056,07,4
19,2,28079057,07,1
19,2,28079058,07,1
19,2,28079059,07,2
19,2,28079060,07,1
19,2,28079004,08,17
19,2,28079008,08,16
19,2,28079011,08,32
19,2,28079016,08,19
19,2,28079017,08,20
19,2,28079018,08,8
19,2,28079024,08,3
19,2,28079027,08,12
19,2,28079035,08,17
19,2,28079036,08,6
19,2,28079038,08,14
19,2,28079039,08,14
19,2,28079040,08,14
19,2,28079047,08,10
19,2,28079048,08,22
19,2,28079049,08,10
19,2,28079050,08,23
19,2,28079054,08,4
19,2,28079055,08,15
19,2,28079056,08,14
19,2,28079057,08,13
19,2,28079058,08,1
19,2,28079059,08,4
19,2,28079060,08,7
19,2,28079008,09,1
19,2,28079024,09,1
19,2,28079038,09,1
19,2,28079047,09,1
19,2,28079048,09,1
19,2,28079050,09,1
19,2,28079008,10,3
19,2,28079018,10,2
19,2,28079024,10,2
19,2,28079036,10,4
19,2,28079038,10,3
19,2,28079040,10,2
19,2,28079047,10,1
19,2,28079048,10,4
19,2,28079050,10,4
19,2,28079055,10,4
19,2,28079057,10,4
19,2,28079060,10,4
19,2,28079008,14,44
19,2,28079016,14,40
19,2,28079017,14,42
19,2,28079018,14,49
19,2,28079024,14,59
19,2,28079027,14,55
19,2,28079035,14,47
19,2,28079039,14,50
19,2,28079049,14,49
19,2,28079054,14,51
19,2,28079056,14,47
19,2,28079058,14,61
19,2,28079059,14,45
19,2,28079060,14,55
19,2,28079008,20,1.3
19,2,28079011,20,3.3
19,2,28079018,20,0.4
19,2,28079024,20,0.4
19,2,28079038,20,0.8
19,2,28079055,20,0.4
19,2,28079008,30,0.4
19,2,28079011,30,1.4
19,2,28079018,30,0.2
19,2,28079024,30,0.3
19,2,28079038,30,0.2
19,2,28079055,30,0.2
19,2,28079008,35,1
19,2,28079011,35,0.2
19,2,28079018,35,0.7
19,2,28079024,35,0.4
19,2,28079038,35,0.4
19,2,28079055,35,1
19,2,28079024,42,1.3
19,2,28079027,42,1.19
19,2,28079055,42,1.4
19,2,28079024,44,0.23
19,2,28079027,44,0.12
19,2,28079055,44,0.12
19,20,28079004,01,4
19,20,28079008,01,5
19,20,28079017,01,3
19,20,28079018,01,2
19,20,28079024,01,1
19,20,28079035,01,4
19,20,28079036,01,2
19,20,28079038,01,4
19,20,28079040,01,5
19,20,28079057,01,6
19,20,28079004,06,0.4
19,20,28079008,06,0.4
19,20,28079016,06,0.4
19,20,28079018,06,0.3
19,20,28079024,06,0.2
19,20,28079035,06,0.4
19,20,28079036,06,0.4
19,20,28079039,06,0.4
19,20,28079056,06,0.3
19,20,28079057,06,0.4
19,20,28079004,07,30
19,20,28079008,07,35
19,20,28079011,07,46
19,20,28079016,07,15
19,20,28079017,07,8
19,20,28079018,07,2
19,20,28079024,07,1
19,20,28079027,07,13
19,20,28079035,07,23
19,20,28079036,07,21
19,20,28079038,07,32
19,20,28079039,07,15
19,20,28079040,07,16
19,20,28079047,07,4
19,20,28079048,07,21
19,20,28079049,07,3
19,20,28079050,07,65
19,20,28079054,07,9
19,20,28079055,07,9
19,20,28079056,07,14
19,20,28079057,07,35
19,20,28079058,07,7
19,20,28079059,07,5
19,20,28079060,07,6
19,20,28079004,08,77
19,20,28079008,08,67
19,20,28079011,08,81
19,20,28079016,08,67
19,20,28079017,08,33
19,20,28079018,08,30
19,20,28079024,08,9
19,20,28079027,08,63
19,20,28079035,08,64
19,20,28079036,08,48
19,20,28079038,08,64
19,20,28079039,08,65
19,20,28079040,08,64
19,20,28079047,08,41
19,20,28079048,08,61
19,20,28079049,08,46
19,20,28079050,08,80
19,20,28079054,08,50
19,20,28079055,08,57
19,20,28079056,08,50
19,20,28079057,08,70
19,20,28079058,08,21
19,20,28079059,08,34
19,20,28079060,08,47
19,20,28079008,09,10
19,20,28079024,09,5
19,20,28079038,09,12
19,20,28079047,09,8
19,20,28079048,09,5
19,20,28079050,09,13
19,20,28079008,10,4
19,20,28079018,10,9
19,20,28079024,10,6
19,20,28079036,10,7
19,20,28079038,10,6
19,20,28079040,10,8
19,20,28079047,10,6
19,20,28079048,10,8
19,20,28079050,10,11
19,20,28079055,10,13
19,20,28079057,10,16
19,20,28079060,10,6
19,20,28079008,14,12
19,20,28079016,14,12
19,20,28079017,14,39
19,20,28079018,14,37
19,20,28079024,14,56
19,20,28079027,14,17
19,20,28079035,14,12
19,20,28079039,14,16
19,20,28079049,14,23
19,20,28079054,14,19
19,20,28079056,14,31
19,20,28079058,14,28
19,20,28079059,14,26
19,20,28079060,14,23
19,20,28079008,20,4.7
19,20,28079011,20,4.8
19,20,28079018,20,0.5
19,20,28079024,20,0.4
19,20,28079038,20,1.8
19,20,28079055,20,1.6
19,20,28079008,30,1.5
19,20,28079011,30,2.6
19,20,28079018,30,0.2
19,20,28079024,30,0.6
19,20,28079038,30,0.7
19,20,28079055,30,0.6
19,20,28079008,35,2.2
19,20,28079011,35,0.4
19,20,28079018,35,0.2
19,20,28079024,35,0.4
19,20,28079038,35,0.3
19,20,28079055,35,1
19,20,28079024,42,1.31
19,20,28079027,42,1.23
19,20,28079055,42,1.45
19,20,28079024,44,0.25
19,20,28079027,44,0.15
19,20,28079055,44,0.16
19,21,28079004,01,4
19,21,28079008,01,5
19,21,28079017,01,3
19,21,28079018,01,2
19,21,28079024,01,1
19,21,28079035,01,4
19,21,28079036,01,3
19,21,28079038,01,5
19,21,28079040,01,5
19,21,28079057,01,7
19,21,28079004,06,0.4
19,21,28079008,06,0.5
19,21,28079016,06,0.5
19,21,28079018,06,0.3
19,21,28079024,06,0.2
19,21,28079035,06,0.4
19,21,28079036,06,0.5
19,21,28079039,06,0.4
19,21,28079056,06,0.3
19,21,28079057,06,0.4
19,21,28079004,07,21
19,21,28079008,07,40
19,21,28079011,07,39
19,21,28079016,07,29
19,21,28079017,07,4
19,21,28079018,07,8
19,21,28079024,07,1
19,21,28079027,07,10
19,21,28079035,07,22
19,21,28079036,07,25
19,21,28079038,07,31
19,21,28079039,07,19
19,21,28079040,07,13
19,21,28079047,07,4
19,21,28079048,07,20
19,21,28079049,07,4
19,21,28079050,07,68
19,21,28079054,07,6
19,21,28079055,07,27
19,21,28079056,07,11
19,21,28079057,07,64
19,21,28079058,07,6
19,21,28079059,07,18
19,21,28079060,07,12
19,21,28079004,08,65
19,21,28079008,08,74
19,21,28079011,08,79
19,21,28079016,08,79
19,21,28079017,08,21
19,21,28079018,08,33
19,21,28079024,08,9
19,21,28079027,08,62
19,21,28079035,08,60
19,21,28079036,08,56
19,21,28079038,08,63
19,21,28079039,08,61
19,21,28079040,08,56
19,21,28079047,08,40
19,21,28079048,08,61
19,21,28079049,08,50
19,21,28079050,08,82
19,21,28079054,08,44
19,21,28079055,08,74
19,21,28079056,08,47
19,21,28079057,08,88
19,21,28079058,08,20
19,21,28079059,08,47
19,21,28079060,08,56
19,21,28079008,09,11
19,21,28079024,09,4
19,21,28079038,09,15
19,21,28079047,09,7
19,21,28079048,09,10
19,21,28079050,09,15
19,21,28079008,10,7
19,21,28079018,10,9
19,21,28079024,10,5
19,21,28079036,10,10
19,21,28079038,10,7
19,21,28079040,10,8
19,21,28079047,10,7
19,21,28079048,10,11
19,21,28079050,10,17
19,21,28079055,10,16
19,21,28079057,10,22
19,21,28079060,10,12
19,21,28079008,14,10
19,21,28079016,14,7
19,21,28079017,14,49
19,21,28079018,14,36
19,21,28079024,14,56
19,21,28079027,14,17
19,21,28079035,14,17
19,21,28079039,14,19
19,21,28079049,14,22
19,21,28079054,14,25
19,21,28079056,14,33
19,21,28079058,14,35
19,21,28079059,14,14
19,21,28079060,14,17
19,21,28079008,20,4.2
19,21,28079011,20,5.1
19,21,28079018,20,0.5
19,21,28079024,20,0.4
19,21,28079038,20,2.2
19,21,28079055,20,1.7
19,21,28079008,30,1.4
19,21,28079011,30,2.7
19,21,28079018,30,0.2
19,21,28079024,30,0.5
19,21,28079038,30,0.8
19,21,28079055,30,0.7
19,21,28079008,35,2.2
19,21,28079011,35,0.4
19,21,28079018,35,0.2
19,21,28079024,35,0.5
19,21,28079038,35,0.4
19,21,28079055,35,0.9
19,21,28079024,42,1.32
19,21,28079027,42,1.24
19,21,28079055,42,1.49
19,21,28079024,44,0.26
19,21,28079027,44,0.16
19,21,28079055,44,0.17
19,22,28079004,01,4
19,22,28079008,01,4
19,22,28079017,01,3
19,22,28079018,01,2
19,22,28079024,01,1
19,22,28079035,01,3
19,22,28079036,01,2
19,22,28079038,01,3
19,22,28079040,01,4
19,22,28079057,01,5
19,22,28079004,06,0.4
19,22,28079008,06,0.3
19,22,28079016,06,0.3
19,22,28079018,06,0.3
19,22,28079024,06,0.2
19,22,28079035,06,0.4
19,22,28079036,06,0.4
19,22,28079039,06,0.3
19,22,28079056,06,0.2
19,22,28079057,06,0.3
19,22,28079004,07,20
19,22,28079008,07,17
19,22,28079011,07,25
19,22,28079016,07,6
19,22,28079017,07,3
19,22,28079018,07,1
19,22,28079024,07,1
19,22,28079027,07,3
19,22,28079035,07,22
19,22,28079036,07,12
19,22,28079038,07,22
19,22,28079039,07,7
19,22,28079040,07,5
19,22,28079047,07,2
19,22,28079048,07,13
19,22,28079049,07,2
19,22,28079050,07,26
19,22,28079054,07,5
19,22,28079055,07,5
19,22,28079056,07,5
19,22,28079057,07,11
19,22,28079058,07,2
19,22,28079059,07,2
19,22,28079060,07,1
19,22,28079004,08,53
19,22,28079008,08,45
19,22,28079011,08,64
19,22,28079016,08,32
19,22,28079017,08,17
19,22,28079018,08,14
19,22,28079024,08,7
19,22,28079027,08,27
19,22,28079035,08,50
19,22,28079036,08,32
19,22,28079038,08,38
19,22,28079039,08,31
19,22,28079040,08,33
19,22,28079047,08,23
19,22,28079048,08,38
19,22,28079049,08,28
19,22,28079050,08,40
19,22,28079054,08,26
19,22,28079055,08,31
19,22,28079056,08,21
19,22,28079057,08,25
19,22,28079058,08,4
19,22,28079059,08,8
19,22,28079060,08,15
19,22,28079008,09,9
19,22,28079024,09,5
19,22,28079038,09,14
19,22,28079047,09,7
19,22,28079048,09,14
19,22,28079050,09,10
19,22,28079008,10,5
19,22,28079018,10,9
19,22,28079024,10,7
19,22,28079036,10,8
19,22,28079038,10,8
19,22,28079040,10,7
19,22,28079047,10,7
19,22,28079048,10,10
19,22,28079050,10,12
19,22,28079055,10,11
19,22,28079057,10,14
19,22,28079060,10,6
19,22,28079008,14,29
19,22,28079016,14,37
19,22,28079017,14,53
19,22,28079018,14,51
19,22,28079024,14,61
19,22,28079027,14,49
19,22,28079035,14,27
19,22,28079039,14,43
19,22,28079049,14,42
19,22,28079054,14,40
19,22,28079056,14,52
19,22,28079058,14,61
19,22,28079059,14,45
19,22,28079060,14,57
19,22,28079008,20,4
19,22,28079011,20,5
19,22,28079018,20,0.4
19,22,28079024,20,0.4
19,22,28079038,20,1.9
19,22,28079055,20,1.4
19,22,28079008,30,1.4
19,22,28079011,30,2.6
19,22,28079018,30,0.2
19,22,28079024,30,0.5
19,22,28079038,30,0.7
19,22,28079055,30,0.5
19,22,28079008,35,2
19,22,28079011,35,0.5
19,22,28079018,35,0.4
19,22,28079024,35,0.3
19,22,28079038,35,0.4
19,22,28079055,35,0.8
19,22,28079024,42,1.33
19,22,28079027,42,1.21
19,22,28079055,42,1.44
19,22,28079024,44,0.26
19,22,28079027,44,0.14
19,22,28079055,44,0.14
19,23,28079004,01,4
19,23,28079008,01,3
19,23,28079017,01,3
19,23,28079018,01,2
19,23,28079024,01,1
19,23,28079035,01,3
19,23,28079036,01,1
19,23,28079038,01,2
19,23,28079040,01,3
19,23,28079057,01,4
19,23,28079004,06,0.3
19,23,28079008,06,0.3
19,23,28079016,06,0.3
19,23,28079018,06,0.2
19,23,28079024,06,0.2
19,23,28079035,06,0.3
19,23,28079036,06,0.3
19,23,28079039,06,0.2
19,23,28079056,06,0.2
19,23,28079057,06,0.3
19,23,28079004,07,14
19,23,28079008,07,10
19,23,28079011,07,6
19,23,28079016,07,3
19,23,28079017,07,2
19,23,28079018,07,1
19,23,28079024,07,1
19,23,28079027,07,1
19,23,28079035,07,12
19,23,28079036,07,6
19,23,28079038,07,12
19,23,28079039,07,7
19,23,28079040,07,2
19,23,28079047,07,1
19,23,28079048,07,6
19,23,28079049,07,1
19,23,28079050,07,18
19,23,28079054,07,4
19,23,28079055,07,1
19,23,28079056,07,4
19,23,28079057,07,3
19,23,28079058,07,3
19,23,28079059,07,2
19,23,28079060,07,1
19,23,28079004,08,34
19,23,28079008,08,31
19,23,28079011,08,44
19,23,28079016,08,21
19,23,28079017,08,14
19,23,28079018,08,12
19,23,28079024,08,5
19,23,28079027,08,7
19,23,28079035,08,34
19,23,28079036,08,17
19,23,28079038,08,24
19,23,28079039,08,25
19,23,28079040,08,20
19,23,28079047,08,15
19,23,28079048,08,19
19,23,28079049,08,18
19,23,28079050,08,28
19,23,28079054,08,14
19,23,28079055,08,9
19,23,28079056,08,18
19,23,28079057,08,14
19,23,28079058,08,2
19,23,28079059,08,6
19,23,28079060,08,16
19,23,28079008,09,5
19,23,28079024,09,3
19,23,28079038,09,5
19,23,28079047,09,4
19,23,28079048,09,1
19,23,28079050,09,7
19,23,28079008,10,2
19,23,28079018,10,6
19,23,28079024,10,4
19,23,28079036,10,4
19,23,28079038,10,3
19,23,28079040,10,3
19,23,28079047,10,4
19,23,28079048,10,4
19,23,28079050,10,8
19,23,28079055,10,3
19,23,28079057,10,6
19,23,28079060,10,5
19,23,28079008,14,41
19,23,28079016,14,44
19,23,28079017,14,58
19,23,28079018,14,54
19,23,28079024,14,66
19,23,28079027,14,66
19,23,28079035,14,42
19,23,28079039,14,51
19,23,28079049,14,53
19,23,28079054,14,43
19,23,28079056,14,34
19,23,28079058,14,65
19,23,28079059,14,51
19,23,28079060,14,54
19,23,28079008,20,1.9
19,23,28079011,20,4.5
19,23,28079018,20,0.2
19,23,28079024,20,0.3
19,23,28079038,20,1.5
19,23,28079055,20,0.5
19,23,28079008,30,0.7
19,23,28079011,30,2.4
19,23,28079018,30,0.1
19,23,28079024,30,0.5
19,23,28079038,30,0.6
19,23,28079055,30,0.1
19,23,28079008,35,1
19,23,28079011,35,0.3
19,23,28079018,35,1
19,23,28079024,35,0.3
19,23,28079038,35,0.3
19,23,28079055,35,1
19,23,28079024,42,1.32
19,23,28079027,42,1.19
19,23,28079055,42,1.42
19,23,28079024,44,0.25
19,23,28079027,44,0.13
19,23,28079055,44,0.13
19,24,28079004,01,3
19,24,28079008,01,3
19,24,28079017,01,3
19,24,28079018,01,2
19,24,28079024,01,1
19,24,28079035,01,3
19,24,28079036,01,1
19,24,28079038,01,2
19,24,28079040,01,3
19,24,28079057,01,4
19,24,28079004,06,0.4
19,24,28079008,06,0.3
19,24,28079016,06,0.3
19,24,28079018,06,0.2
19,24,28079024,06,0.2
19,24,28079035,06,0.3
19,24,28079036,06,0.2
19,24,28079039,06,0.2
19,24,28079056,06,0.2
19,24,28079057,06,0.3
19,24,28079004,07,13
19,24,28079008,07,8
19,24,28079011,07,3
19,24,28079016,07,3
19,24,28079017,07,2
19,24,28079018,07,1
19,24,28079024,07,1
19,24,28079027,07,1
19,24,28079035,07,9
19,24,28079036,07,3
19,24,28079038,07,5
19,24,28079039,07,1
19,24,28079040,07,1
19,24,28079047,07,1
19,24,28079048,07,3
19,24,28079049,07,1
19,24,28079050,07,12
19,24,28079054,07,3
19,24,28079055,07,1
19,24,28079056,07,3
19,24,28079057,07,1
19,24,28079058,07,3
19,24,28079059,07,1
19,24,28079060,07,1
19,24,28079004,08,28
19,24,28079008,08,24
19,24,28079011,08,28
19,24,28079016,08,14
19,24,28079017,08,8
19,24,28079018,08,8
19,24,28079024,08,2
19,24,28079027,08,5
19,24,28079035,08,26
19,24,28079036,08,10
19,24,28079038,08,12
19,24,28079039,08,14
19,24,28079040,08,14
19,24,28079047,08,10
19,24,28079048,08,13
19,24,28079049,08,13
19,24,28079050,08,20
19,24,28079054,08,7
19,24,28079055,08,7
19,24,28079056,08,13
19,24,28079057,08,10
19,24,28079058,08,2
19,24,28079059,08,4
19,24,28079060,08,11
19,24,28079008,09,5
19,24,28079024,09,2
19,24,28079038,09,6
19,24,28079047,09,3
19,24,28079048,09,2
19,24,28079050,09,7
19,24,28079008,10,3
19,24,28079018,10,3
19,24,28079024,10,3
19,24,28079036,10,4
19,24,28079038,10,3
19,24,28079040,10,4
19,24,28079047,10,3
19,24,28079048,10,4
19,24,28079050,10,6
19,24,28079055,10,6
19,24,28079057,10,8
19,24,28079060,10,8
19,24,28079008,14,45
19,24,28079016,14,48
19,24,28079017,14,62
19,24,28079018,14,58
19,24,28079024,14,68
19,24,28079027,14,69
19,24,28079035,14,46
19,24,28079039,14,57
19,24,28079049,14,56
19,24,28079054,14,48
19,24,28079056,14,59
19,24,28079058,14,65
19,24,28079059,14,54
19,24,28079060,14,58
19,24,28079008,20,1.8
19,24,28079011,20,3.2
19,24,28079018,20,0.3
19,24,28079024,20,0.3
19,24,28079038,20,0.8
19,24,28079055,20,0.3
19,24,28079008,30,0.7
19,24,28079011,30,1.7
19,24,28079018,30,0.1
19,24,28079024,30,0.5
19,24,28079038,30,0.4
19,24,28079055,30,0.1
19,24,28079008,35,0.9
19,24,28079011,35,0.6
19,24,28079018,35,0.6
19,24,28079024,35,0.3
19,24,28079038,35,0.1
19,24,28079055,35,1
19,24,28079024,42,1.32
19,24,28079027,42,1.19
19,24,28079055,42,1.42
19,24,28079024,44,0.25
19,24,28079027,44,0.13
19,24,28079055,44,0.13
19,3,28079004,01,3
19,3,28079008,01,2
19,3,28079017,01,3
19,3,28079018,01,2
19,3,28079024,01,1
19,3,28079035,01,3
19,3,28079036,01,1
19,3,28079038,01,2
19,3,28079040,01,3
19,3,28079057,01,6
19,3,28079004,06,0.2
19,3,28079008,06,0.2
19,3,28079016,06,0.2
19,3,28079018,06,0.2
19,3,28079024,06,0.2
19,3,28079035,06,0.2
19,3,28079036,06,0.2
19,3,28079039,06,0.1
19,3,28079056,06,0.1
19,3,28079057,06,0.2
19,3,28079004,07,4
19,3,28079008,07,11
19,3,28079011,07,1
19,3,28079016,07,1
19,3,28079017,07,1
19,3,28079018,07,1
19,3,28079024,07,1
19,3,28079027,07,1
19,3,28079035,07,5
19,3,28079036,07,1
19,3,28079038,07,3
19,3,28079039,07,1
19,3,28079040,07,1
19,3,28079047,07,1
19,3,28079048,07,4
19,3,28079049,07,1
19,3,28079050,07,5
19,3,28079054,07,5
19,3,28079055,07,1
19,3,28079056,07,3
19,3,28079057,07,1
19,3,28079058,07,1
19,3,28079059,07,2
19,3,28079060,07,1
19,3,28079004,08,17
19,3,28079008,08,18
19,3,28079011,08,22
19,3,28079016,08,14
19,3,28079017,08,11
19,3,28079018,08,6
19,3,28079024,08,2
19,3,28079027,08,9
19,3,28079035,08,15
19,3,28079036,08,3
19,3,28079038,08,10
19,3,28079039,08,9
19,3,28079040,08,13
19,3,28079047,08,7
19,3,28079048,08,18
19,3,28079049,08,8
19,3,28079050,08,19
19,3,28079054,08,2
19,3,28079055,08,13
19,3,28079056,08,13
19,3,28079057,08,8
19,3,28079058,08,1
19,3,28079059,08,3
19,3,28079060,08,5
19,3,28079008,09,1
19,3,28079024,09,1
19,3,28079038,09,1
19,3,28079047,09,1
19,3,28079048,09,1
19,3,28079050,09,1
19,3,28079008,10,1
19,3,28079018,10,1
19,3,28079024,10,1
19,3,28079036,10,4
19,3,28079038,10,2
19,3,28079040,10,2
19,3,28079047,10,1
19,3,28079048,10,4
19,3,28079050,10,4
19,3,28079055,10,4
19,3,28079057,10,4
19,3,28079060,10,4
19,3,28079008,14,45
19,3,28079016,14,45
19,3,28079017,14,49
19,3,28079018,14,51
19,3,28079024,14,61
19,3,28079027,14,58
19,3,28079035,14,30
19,3,28079039,14,56
19,3,28079049,14,52
19,3,28079054,14,54
19,3,28079056,14,50
19,3,28079058,14,63
19,3,28079059,14,47
19,3,28079060,14,59
19,3,28079008,20,1
19,3,28079011,20,3.7
19,3,28079018,20,0.3
19,3,28079024,20,0.3
19,3,28079038,20,0.5
19,3,28079055,20,0.2
19,3,28079008,30,0.4
19,3,28079011,30,1.5
19,3,28079018,30,0.2
19,3,28079024,30,0.3
19,3,28079038,30,0.2
19,3,28079055,30,0.2
19,3,28079008,35,1.1
19,3,28079011,35,0.6
19,3,28079018,35,1
19,3,28079024,35,0.4
19,3,28079038,35,1
19,3,28079055,35,1
19,3,28079024,42,1.29
19,3,28079027,42,1.19
19,3,28079055,42,1.4
19,3,28079024,44,0.23
19,3,28079027,44,0.14
19,3,28079055,44,0.11
19,4,28079004,01,3
19,4,28079008,01,2
19,4,28079017,01,3
19,4,28079018,01,2
19,4,28079024,01,1
19,4,28079035,01,3
19,4,28079036,01,1
19,4,28079038,01,2
19,4,28079040,01,3
19,4,28079057,01,6
19,4,28079004,06,0.2
19,4,28079008,06,0.2
19,4,28079016,06,0.2
19,4,28079018,06,0.2
19,4,28079024,06,0.2
19,4,28079035,06,0.2
19,4,28079036,06,0.2
19,4,28079039,06,0.1
19,4,28079056,06,0.1
19,4,28079057,06,0.2
19,4,28079004,07,4
19,4,28079008,07,11
19,4,28079011,07,1
19,4,28079016,07,2
19,4,28079017,07,1
19,4,28079018,07,1
19,4,28079024,07,1
19,4,28079027,07,1
19,4,28079035,07,4
19,4,28079036,07,1
19,4,28079038,07,2
19,4,28079039,07,1
19,4,28079040,07,1
19,4,28079047,07,1
19,4,28079048,07,4
19,4,28079049,07,1
19,4,28079050,07,4
19,4,28079054,07,5
19,4,28079055,07,1
19,4,28079056,07,2
19,4,28079057,07,1
19,4,28079058,07,1
19,4,28079059,07,2
19,4,28079060,07,1
19,4,28079004,08,17
19,4,28079008,08,16
19,4,28079011,08,26
19,4,28079016,08,14
19,4,28079017,08,8
19,4,28079018,08,6
19,4,28079024,08,3
19,4,28079027,08,6
19,4,28079035,08,16
19,4,28079036,08,5
19,4,28079038,08,15
19,4,28079039,08,12
19,4,28079040,08,15
19,4,28079047,08,7
19,4,28079048,08,25
19,4,28079049,08,9
19,4,28079050,08,24
19,4,28079054,08,1
19,4,28079055,08,10
19,4,28079056,08,17
19,4,28079057,08,12
19,4,28079058,08,1
19,4,28079059,08,3
19,4,28079060,08,7
19,4,28079008,09,2
19,4,28079024,09,1
19,4,28079038,09,1
19,4,28079047,09,1
19,4,28079048,09,1
19,4,28079050,09,2
19,4,28079008,10,2
19,4,28079018,10,4
19,4,28079024,10,1
19,4,28079036,10,4
19,4,28079038,10,2
19,4,28079040,10,3
19,4,28079047,10,2
19,4,28079048,10,4
19,4,28079050,10,11
19,4,28079055,10,4
19,4,28079057,10,4
19,4,28079060,10,3
19,4,28079008,14,43
19,4,28079016,14,43
19,4,28079017,14,50
19,4,28079018,14,50
19,4,28079024,14,36
19,4,28079027,14,60
19,4,28079035,14,46
19,4,28079039,14,52
19,4,28079049,14,48
19,4,28079054,14,57
19,4,28079056,14,45
19,4,28079058,14,61
19,4,28079059,14,46
19,4,28079060,14,56
19,4,28079008,20,0.6
19,4,28079011,20,2.2
19,4,28079018,20,0.3
19,4,28079024,20,0.3
19,4,28079038,20,0.6
19,4,28079055,20,0.9
19,4,28079008,30,0.3
19,4,28079011,30,0.7
19,4,28079018,30,0.2
19,4,28079024,30,0.4
19,4,28079038,30,0.2
19,4,28079055,30,0.2
19,4,28079008,35,0.7
19,4,28079011,35,0.6
19,4,28079018,35,1
19,4,28079024,35,0.4
19,4,28079038,35,0.7
19,4,28079055,35,1
19,4,28079024,42,1.31
19,4,28079027,42,1.17
19,4,28079055,42,1.38
19,4,28079024,44,0.23
19,4,28079027,44,0.11
19,4,28079055,44,0.11
19,5,28079004,01,3
19,5,28079008,01,2
19,5,28079017,01,3
19,5,28079018,01,2
19,5,28079024,01,1
19,5,28079035,01,3
19,5,28079036,01,1
19,5,28079038,01,2
19,5,28079040,01,3
19,5,28079057,01,6
19,5,28079004,06,0.2
19,5,28079008,06,0.2
19,5,28079016,06,0.2
19,5,28079018,06,0.2
19,5,28079024,06,0.2
19,5,28079035,06,0.2
19,5,28079036,06,0.1
19,5,28079039,06,0.1
19,5,28079056,06,0.1
19,5,28079057,06,0.2
19,5,28079004,07,4
19,5,28079008,07,8
19,5,28079011,07,1
19,5,28079016,07,2
19,5,28079017,07,1
19,5,28079018,07,1
19,5,28079024,07,1
19,5,28079027,07,1
19,5,28079035,07,4
19,5,28079036,07,1
19,5,28079038,07,1
19,5,28079039,07,1
19,5,28079040,07,1
19,5,28079047,07,1
19,5,28079048,07,3
19,5,28079049,07,1
19,5,28079050,07,4
19,5,28079054,07,4
19,5,28079055,07,1
19,5,28079056,07,2
19,5,28079057,07,1
19,5,28079058,07,1
19,5,28079059,07,2
19,5,28079060,07,1
19,5,28079004,08,13
19,5,28079008,08,14
19,5,28079011,08,28
19,5,28079016,08,11
19,5,28079017,08,8
19,5,28079018,08,6
19,5,28079024,08,2
19,5,28079027,08,5
19,5,28079035,08,17
19,5,28079036,08,2
19,5,28079038,08,12
19,5,28079039,08,11
19,5,28079040,08,12
19,5,28079047,08,6
19,5,28079048,08,23
19,5,28079049,08,8
19,5,28079050,08,23
19,5,28079054,08,1
19,5,28079055,08,9
19,5,28079056,08,18
19,5,28079057,08,15
19,5,28079058,08,1
19,5,28079059,08,3
19,5,28079060,08,7
19,5,28079008,09,1
19,5,28079024,09,1
19,5,28079038,09,1
19,5,28079047,09,1
19,5,28079048,09,2
19,5,28079050,09,1
19,5,28079008,10,2
19,5,28079018,10,2
19,5,28079024,10,2
19,5,28079036,10,4
19,5,28079038,10,2
19,5,28079040,10,1
19,5,28079047,10,2
19,5,28079048,10,7
19,5,28079050,10,4
19,5,28079055,10,4
19,5,28079057,10,4
19,5,28079060,10,3
19,5,28079008,14,45
19,5,28079016,14,44
19,5,28079017,14,52
19,5,28079018,14,49
19,5,28079024,14,59
19,5,28079027,14,61
19,5,28079035,14,46
19,5,28079039,14,52
19,5,28079049,14,47
19,5,28079054,14,57
19,5,28079056,14,43
19,5,28079058,14,59
19,5,28079059,14,47
19,5,28079060,14,56
19,5,28079008,20,0.6
19,5,28079011,20,2.5
19,5,28079018,20,0.3
19,5,28079024,20,0.3
19,5,28079038,20,0.5
19,5,28079055,20,1
19,5,28079008,30,0.2
19,5,28079011,30,0.8
19,5,28079018,30,0.2
19,5,28079024,30,0.3
19,5,28079038,30,0.2
19,5,28079055,30,0.2
19,5,28079008,35,0.7
19,5,28079011,35,0.6
19,5,28079018,35,0.9
19,5,28079024,35,0.4
19,5,28079038,35,1
19,5,28079055,35,1
19,5,28079024,42,1.3
19,5,28079027,42,1.17
19,5,28079055,42,1.38
19,5,28079024,44,0.23
19,5,28079027,44,0.11
19,5,28079055,44,0.11
19,6,28079004,01,3
19,6,28079008,01,2
19,6,28079017,01,3
19,6,28079018,01,2
19,6,28079024,01,1
19,6,28079035,01,2
19,6,28079036,01,1
19,6,28079038,01,2
19,6,28079040,01,4
19,6,28079057,01,6
19,6,28079004,06,0.2
19,6,28079008,06,0.2
19,6,28079016,06,0.2
19,6,28079018,06,0.2
19,6,28079024,06,0.2
19,6,28079035,06,0.2
19,6,28079036,06,0.1
19,6,28079039,06,0.1
19,6,28079056,06,0.1
19,6,28079057,06,0.2
19,6,28079004,07,4
19,6,28079008,07,7
19,6,28079011,07,1
19,6,28079016,07,1
19,6,28079017,07,1
19,6,28079018,07,1
19,6,28079024,07,1
19,6,28079027,07,1
19,6,28079035,07,4
19,6,28079036,07,1
19,6,28079038,07,2
19,6,28079039,07,1
19,6,28079040,07,1
19,6,28079047,07,2
19,6,28079048,07,3
19,6,28079049,07,1
19,6,28079050,07,1
19,6,28079054,07,5
19,6,28079055,07,1
19,6,28079056,07,3
19,6,28079057,07,1
19,6,28079058,07,1
19,6,28079059,07,2
19,6,28079060,07,1
19,6,28079004,08,19
19,6,28079008,08,14
19,6,28079011,08,20
19,6,28079016,08,10
19,6,28079017,08,7
19,6,28079018,08,13
19,6,28079024,08,6
19,6,28079027,08,9
19,6,28079035,08,15
19,6,28079036,08,2
19,6,28079038,08,17
19,6,28079039,08,14
19,6,28079040,08,8
19,6,28079047,08,20
19,6,28079048,08,20
19,6,28079049,08,12
19,6,28079050,08,20
19,6,28079054,08,3
19,6,28079055,08,10
19,6,28079056,08,18
19,6,28079057,08,11
19,6,28079058,08,3
19,6,28079059,08,2
19,6,28079060,08,12
19,6,28079008,09,1
19,6,28079024,09,1
19,6,28079038,09,1
19,6,28079047,09,1
19,6,28079048,09,1
19,6,28079050,09,1
19,6,28079008,10,3
19,6,28079018,10,4
19,6,28079024,10,1
19,6,28079036,10,4
19,6,28079038,10,3
19,6,28079040,10,4
19,6,28079047,10,3
19,6,28079048,10,4
19,6,28079050,10,1
19,6,28079055,10,4
19,6,28079057,10,4
19,6,28079060,10,4
19,6,28079008,14,43
19,6,28079016,14,43
19,6,28079017,14,51
19,6,28079018,14,43
19,6,28079024,14,54
19,6,28079027,14,56
19,6,28079035,14,46
19,6,28079039,14,48
19,6,28079049,14,44
19,6,28079054,14,53
19,6,28079056,14,44
19,6,28079058,14,57
19,6,28079059,14,47
19,6,28079060,14,50
19,6,28079008,20,0.4
19,6,28079011,20,2.4
19,6,28079018,20,0.3
19,6,28079024,20,0.3
19,6,28079038,20,0.6
19,6,28079055,20,0.9
19,6,28079008,30,0.2
19,6,28079011,30,0.8
19,6,28079018,30,0.2
19,6,28079024,30,0.3
19,6,28079038,30,0.2
19,6,28079055,30,0.2
19,6,28079008,35,0.5
19,6,28079011,35,0.3
19,6,28079018,35,1
19,6,28079024,35,0.5
19,6,28079038,35,0.7
19,6,28079055,35,1
19,6,28079024,42,1.3
19,6,28079027,42,1.34
19,6,28079055,42,1.65
19,6,28079024,44,0.24
19,6,28079027,44,0.13
19,6,28079055,44,0.13
19,7,28079004,01,3
19,7,28079008,01,2
19,7,28079017,01,3
19,7,28079018,01,2
19,7,28079024,01,1
19,7,28079035,01,3
19,7,28079036,01,1
19,7,28079038,01,2
19,7,28079040,01,4
19,7,28079057,01,6
19,7,28079004,06,0.2
19,7,28079008,06,0.2
19,7,28079016,06,0.2
19,7,28079018,06,0.2
19,7,28079024,06,0.2
19,7,28079035,06,0.2
19,7,28079036,06,0.2
19,7,28079039,06,0.1
19,7,28079056,06,0.1
19,7,28079057,06,0.2
19,7,28079004,07,6
19,7,28079008,07,7
19,7,28079011,07,2
19,7,28079016,07,3
19,7,28079017,07,1
19,7,28079018,07,1
19,7,28079024,07,1
19,7,28079027,07,1
19,7,28079035,07,4
19,7,28079036,07,1
19,7,28079038,07,1
19,7,28079039,07,1
19,7,28079040,07,1
19,7,28079047,07,1
19,7,28079048,07,3
19,7,28079049,07,1
19,7,28079050,07,1
19,7,28079054,07,5
19,7,28079055,07,2
19,7,28079056,07,7
19,7,28079057,07,1
19,7,28079058,07,1
19,7,28079059,07,2
19,7,28079060,07,1
19,7,28079004,08,22
19,7,28079008,08,16
19,7,28079011,08,22
19,7,28079016,08,12
19,7,28079017,08,6
19,7,28079018,08,12
19,7,28079024,08,7
19,7,28079027,08,7
19,7,28079035,08,19
19,7,28079036,08,2
19,7,28079038,08,23
19,7,28079039,08,20
19,7,28079040,08,7
19,7,28079047,08,19
19,7,28079048,08,21
19,7,28079049,08,16
19,7,28079050,08,20
19,7,28079054,08,1
19,7,28079055,08,9
19,7,28079056,08,19
19,7,28079057,08,12
19,7,28079058,08,7
19,7,28079059,08,2
19,7,28079060,08,13
19,7,28079008,09,1
19,7,28079024,09,1
19,7,28079038,09,1
19,7,28079047,09,1
19,7,28079048,09,1
19,7,28079050,09,1
19,7,28079008,10,3
19,7,28079018,10,4
19,7,28079024,10,4
19,7,28079036,10,4
19,7,28079038,10,4
19,7,28079040,10,4
19,7,28079047,10,4
19,7,28079048,10,4
19,7,28079050,10,1
19,7,28079055,10,4
19,7,28079057,10,4
19,7,28079060,10,4
19,7,28079008,14,41
19,7,28079016,14,42
19,7,28079017,14,53
19,7,28079018,14,44
19,7,28079024,14,52
19,7,28079027,14,56
19,7,28079035,14,42
19,7,28079039,14,42
19,7,28079049,14,40
19,7,28079054,14,55
19,7,28079056,14,44
19,7,28079058,14,50
19,7,28079059,14,49
19,7,28079060,14,48
19,7,28079008,20,0.5
19,7,28079011,20,2
19,7,28079018,20,0.2
19,7,28079024,20,0.5
19,7,28079038,20,0.8
19,7,28079055,20,0.5
19,7,28079008,30,0.3
19,7,28079011,30,0.7
19,7,28079018,30,0.2
19,7,28079024,30,0.3
19,7,28079038,30,0.2
19,7,28079055,30,0.2
19,7,28079008,35,1.1
19,7,28079011,35,1
19,7,28079018,35,1
19,7,28079024,35,0.5
19,7,28079038,35,0.2
19,7,28079055,35,1
19,7,28079024,42,1.3
19,7,28079027,42,1.17
19,7,28079055,42,1.39
19,7,28079024,44,0.23
19,7,28079027,44,0.12
19,7,28079055,44,0.12
19,8,28079004,01,2
19,8,28079008,01,2
19,8,28079017,01,3
19,8,28079018,01,2
19,8,28079024,01,1
19,8,28079035,01,2
19,8,28079036,01,1
19,8,28079038,01,2
19,8,28079040,01,4
19,8,28079057,01,6
19,8,28079004,06,0.2
19,8,28079008,06,0.2
19,8,28079016,06,0.2
19,8,28079018,06,0.2
19,8,28079024,06,0.2
19,8,28079035,06,0.2
19,8,28079036,06,0.2
19,8,28079039,06,0.1
19,8,28079056,06,0.1
19,8,28079057,06,0.2
19,8,28079004,07,4
19,8,28079008,07,5
19,8,28079011,07,1
19,8,28079016,07,3
19,8,28079017,07,1
19,8,28079018,07,1
19,8,28079024,07,1
19,8,28079027,07,1
19,8,28079035,07,3
19,8,28079036,07,2
19,8,28079038,07,2
19,8,28079039,07,1
19,8,28079040,07,1
19,8,28079047,07,1
19,8,28079048,07,4
19,8,28079049,07,1
19,8,28079050,07,2
19,8,28079054,07,5
19,8,28079055,07,2
19,8,28079056,07,9
19,8,28079057,07,1
19,8,28079058,07,1
19,8,28079059,07,2
19,8,28079060,07,1
19,8,28079004,08,16
19,8,28079008,08,15
19,8,28079011,08,24
19,8,28079016,08,14
19,8,28079017,08,6
19,8,28079018,08,11
19,8,28079024,08,8
19,8,28079027,08,7
19,8,28079035,08,14
19,8,28079036,08,2
19,8,28079038,08,17
19,8,28079039,08,17
19,8,28079040,08,8
19,8,28079047,08,12
19,8,28079048,08,21
19,8,28079049,08,18
19,8,28079050,08,21
19,8,28079054,08,1
19,8,28079055,08,9
19,8,28079056,08,21
19,8,28079057,08,14
19,8,28079058,08,7
19,8,28079059,08,3
19,8,28079060,08,16
19,8,28079008,09,1
19,8,28079024,09,1
19,8,28079038,09,1
19,8,28079047,09,1
19,8,28079048,09,1
19,8,28079050,09,2
19,8,28079008,10,3
19,8,28079018,10,3
19,8,28079024,10,1
19,8,28079036,10,4
19,8,28079038,10,2
19,8,28079040,10,2
19,8,28079047,10,2
19,8,28079048,10,4
19,8,28079050,10,5
19,8,28079055,10,4
19,8,28079057,10,4
19,8,28079060,10,4
19,8,28079008,14,42
19,8,28079016,14,41
19,8,28079017,14,52
19,8,28079018,14,45
19,8,28079024,14,53
19,8,28079027,14,57
19,8,28079035,14,48
19,8,28079039,14,47
19,8,28079049,14,39
19,8,28079054,14,55
19,8,28079056,14,42
19,8,28079058,14,52
19,8,28079059,14,46
19,8,28079060,14,46
19,8,28079008,20,0.3
19,8,28079011,20,2.1
19,8,28079018,20,0.2
19,8,28079024,20,0.5
19,8,28079038,20,0.6
19,8,28079055,20,1
19,8,28079008,30,0.2
19,8,28079011,30,0.7
19,8,28079018,30,0.2
19,8,28079024,30,0.3
19,8,28079038,30,0.2
19,8,28079055,30,0.2
19,8,28079008,35,0.7
19,8,28079011,35,1
19,8,28079018,35,1
19,8,28079024,35,0.5
19,8,28079038,35,0.1
19,8,28079055,35,1
19,8,28079024,42,1.3
19,8,28079027,42,1.16
19,8,28079055,42,1.38
19,8,28079024,44,0.23
19,8,28079027,44,0.11
19,8,28079055,44,0.11
19,9,28079004,01,2
19,9,28079008,01,2
19,9,28079017,01,3
19,9,28079018,01,2
19,9,28079024,01,1
19,9,28079035,01,3
19,9,28079036,01,1
19,9,28079038,01,2
19,9,28079040,01,3
19,9,28079057,01,5
19,9,28079004,06,0.2
19,9,28079008,06,0.2
19,9,28079016,06,0.2
19,9,28079018,06,0.2
19,9,28079024,06,0.2
19,9,28079035,06,0.2
19,9,28079036,06,0.2
19,9,28079039,06,0.2
19,9,28079056,06,0.1
19,9,28079057,06,0.2
19,9,28079004,07,2
19,9,28079008,07,8
19,9,28079011,07,1
19,9,28079016,07,2
19,9,28079017,07,2
19,9,28079018,07,1
19,9,28079024,07,1
19,9,28079027,07,1
19,9,28079035,07,15
19,9,28079036,07,2
19,9,28079038,07,2
19,9,28079039,07,1
19,9,28079040,07,2
19,9,28079047,07,1
19,9,28079048,07,3
19,9,28079049,07,1
19,9,28079050,07,8
19,9,28079054,07,4
19,9,28079055,07,1
19,9,28079056,07,3
19,9,28079057,07,1
19,9,28079058,07,2
19,9,28079059,07,2
19,9,28079060,07,1
19,9,28079004,08,10
19,9,28079008,08,16
19,9,28079011,08,15
19,9,28079016,08,12
19,9,28079017,08,7
19,9,28079018,08,11
19,9,28079024,08,1
19,9,28079027,08,7
19,9,28079035,08,13
19,9,28079036,08,4
19,9,28079038,08,11
19,9,28079039,08,12
19,9,28079040,08,9
19,9,28079047,08,7
19,9,28079048,08,15
19,9,28079049,08,8
19,9,28079050,08,17
19,9,28079054,08,4
19,9,28079055,08,10
19,9,28079056,08,12
19,9,28079057,08,10
19,9,28079058,08,1
19,9,28079059,08,4
19,9,28079060,08,8
19,9,28079008,09,2
19,9,28079024,09,2
19,9,28079038,09,6
19,9,28079047,09,4
19,9,28079048,09,2
19,9,28079050,09,3
19,9,28079008,10,5
19,9,28079018,10,5
19,9,28079024,10,3
19,9,28079036,10,4
19,9,28079038,10,4
19,9,28079040,10,3
19,9,28079047,10,3
19,9,28079048,10,6
19,9,28079050,10,4
19,9,28079055,10,4
19,9,28079057,10,7
19,9,28079060,10,5
19,9,28079008,14,53
19,9,28079016,14,51
19,9,28079017,14,62
19,9,28079018,14,56
19,9,28079024,14,71
19,9,28079027,14,66
19,9,28079035,14,62
19,9,28079039,14,50
19,9,28079049,14,59
19,9,28079054,14,60
19,9,28079056,14,60
19,9,28079058,14,68
19,9,28079059,14,54
19,9,28079060,14,63
19,9,28079008,20,0.5
19,9,28079011,20,2
19,9,28079018,20,0.2
19,9,28079024,20,0.4
19,9,28079038,20,0.5
19,9,28079055,20,0.7
19,9,28079008,30,0.2
19,9,28079011,30,0.9
19,9,28079018,30,0.2
19,9,28079024,30,0.3
19,9,28079038,30,0.2
19,9,28079055,30,0.2
19,9,28079008,35,0.7
19,9,28079011,35,1
19,9,28079018,35,1
19,9,28079024,35,0.4
19,9,28079038,35,0.6
19,9,28079055,35,1
19,9,28079024,42,1.29
19,9,28079027,42,1.18
19,9,28079055,42,1.41
19,9,28079024,44,0.24
19,9,28079027,44,0.12
19,9,28079055,44,0.12
20,1,28079004,01,3
20,1,28079008,01,3
20,1,28079017,01,3
20,1,28079018,01,2
20,1,28079024,01,1
20,1,28079035,01,3
20,1,28079036,01,1
20,1,28079038,01,2
20,1,28079040,01,2
20,1,28079057,01,4
20,1,28079004,06,0.4
20,1,28079008,06,0.3
20,1,28079016,06,0.3
20,1,28079018,06,0.2
20,1,28079024,06,0.2
20,1,28079035,06,0.3
20,1,28079036,06,0.2
20,1,28079039,06,0.2
20,1,28079056,06,0.2
20,1,28079057,06,0.2
20,1,28079004,07,14
20,1,28079008,07,8
20,1,28079011,07,2
20,1,28079016,07,2
20,1,28079017,07,2
20,1,28079018,07,1
20,1,28079024,07,1
20,1,28079027,07,1
20,1,28079035,07,9
20,1,28079036,07,2
20,1,28079038,07,7
20,1,28079039,07,1
20,1,28079040,07,1
20,1,28079047,07,1
20,1,28079048,07,4
20,1,28079049,07,1
20,1,28079050,07,12
20,1,28079054,07,3
20,1,28079055,07,1
20,1,28079056,07,3
20,1,28079057,07,1
20,1,28079058,07,1
20,1,28079059,07,1
20,1,28079060,07,1
20,1,28079004,08,26
20,1,28079008,08,23
20,1,28079011,08,28
20,1,28079016,08,13
20,1,28079017,08,10
20,1,28079018,08,6
20,1,28079024,08,1
20,1,28079027,08,5
20,1,28079035,08,24
20,1,28079036,08,7
20,1,28079038,08,13
20,1,28079039,08,10
20,1,28079040,08,10
20,1,28079047,08,7
20,1,28079048,08,15
20,1,28079049,08,11
20,1,28079050,08,20
20,1,28079054,08,5
20,1,28079055,08,7
20,1,28079056,08,11
20,1,28079057,08,8
20,1,28079058,08,1
20,1,28079059,08,3
20,1,28079060,08,8
20,1,28079008,09,5
20,1,28079024,09,4
20,1,28079038,09,10
20,1,28079047,09,4
20,1,28079048,09,4
20,1,28079050,09,6
20,1,28079008,10,4
20,1,28079018,10,6
20,1,28079024,10,5
20,1,28079036,10,5
20,1,28079038,10,4
20,1,28079040,10,4
20,1,28079047,10,5
20,1,28079048,10,8
20,1,28079050,10,8
20,1,28079055,10,7
20,1,28079057,10,6
20,1,28079060,10,4
20,1,28079008,14,47
20,1,28079016,14,48
20,1,28079017,14,60
20,1,28079018,14,60
20,1,28079024,14,69
20,1,28079027,14,66
20,1,28079035,14,49
20,1,28079039,14,60
20,1,28079049,14,59
20,1,28079054,14,60
20,1,28079056,14,61
20,1,28079058,14,66
20,1,28079059,14,54
20,1,28079060,14,61
20,1,28079008,20,1.3
20,1,28079011,20,2.3
20,1,28079018,20,0.2
20,1,28079024,20,0.2
20,1,28079038,20,0.7
20,1,28079055,20,0.3
20,1,28079008,30,0.4
20,1,28079011,30,1.4
20,1,28079018,30,0.1
20,1,28079024,30,0.4
20,1,28079038,30,0.3
20,1,28079055,30,0.2
20,1,28079008,35,0.7
20,1,28079011,35,1
20,1,28079018,35,1
20,1,28079024,35,0.3
20,1,28079038,35,1
20,1,28079055,35,1
20,1,28079024,42,1.32
20,1,28079027,42,1.19
20,1,28079055,42,1.41
20,1,28079024,44,0.26
20,1,28079027,44,0.13
20,1,28079055,44,0.13
20,10,28079004,01,3
20,10,28079008,01,3
20,10,28079017,01,3
20,10,28079018,01,2
20,10,28079024,01,1
20,10,28079035,01,2
20,10,28079036,01,1
20,10,28079038,01,3
20,10,28079040,01,4
20,10,28079057,01,3
20,10,28079004,06,0.3
20,10,28079008,06,0.3
20,10,28079016,06,0.3
20,10,28079018,06,0.2
20,10,28079024,06,0.2
20,10,28079035,06,0.2
20,10,28079036,06,0.2
20,10,28079039,06,0.2
20,10,28079056,06,0.2
20,10,28079057,06,0.3
20,10,28079004,07,3
20,10,28079008,07,11
20,10,28079011,07,1
20,10,28079016,07,7
20,10,28079017,07,3
20,10,28079018,07,1
20,10,28079024,07,1
20,10,28079027,07,1
20,10,28079035,07,4
20,10,28079036,07,3
20,10,28079038,07,4
20,10,28079039,07,2
20,10,28079040,07,3
20,10,28079047,07,1
20,10,28079048,07,3
20,10,28079049,07,1
20,10,28079050,07,14
20,10,28079054,07,4
20,10,28079055,07,2
20,10,28079056,07,7
20,10,28079057,07,4
20,10,28079058,07,3
20,10,28079059,07,4
20,10,28079060,07,1
20,10,28079004,08,14
20,10,28079008,08,21
20,10,28079011,08,22
20,10,28079016,08,19
20,10,28079017,08,11
20,10,28079018,08,7
20,10,28079024,08,1
20,10,28079027,08,7
20,10,28079035,08,11
20,10,28079036,08,7
20,10,28079038,08,13
20,10,28079039,08,20
20,10,28079040,08,14
20,10,28079047,08,8
20,10,28079048,08,18
20,10,28079049,08,9
20,10,28079050,08,24
20,10,28079054,08,6
20,10,28079055,08,11
20,10,28079056,08,18
20,10,28079057,08,22
20,10,28079058,08,3
20,10,28079059,08,11
20,10,28079060,08,11
20,10,28079008,09,6
20,10,28079024,09,5
20,10,28079038,09,9
20,10,28079047,09,5
20,10,28079048,09,7
20,10,28079050,09,5
20,10,28079008,10,5
20,10,28079018,10,6
20,10,28079024,10,5
20,10,28079036,10,7
20,10,28079038,10,4
20,10,28079040,10,6
20,10,28079047,10,6
20,10,28079048,10,15
20,10,28079050,10,7
20,10,28079055,10,8
20,10,28079057,10,9
20,10,28079060,10,6
20,10,28079008,14,46
20,10,28079016,14,42
20,10,28079017,14,57
20,10,28079018,14,58
20,10,28079024,14,66
20,10,28079027,14,64
20,10,28079035,14,58
20,10,28079039,14,52
20,10,28079049,14,59
20,10,28079054,14,59
20,10,28079056,14,55
20,10,28079058,14,65
20,10,28079059,14,48
20,10,28079060,14,40
20,10,28079008,20,0.8
20,10,28079011,20,1.3
20,10,28079018,20,0.2
20,10,28079024,20,0.2
20,10,28079038,20,0.5
20,10,28079055,20,0.4
20,10,28079008,30,0.3
20,10,28079011,30,1.1
20,10,28079018,30,0.2
20,10,28079024,30,0.4
20,10,28079038,30,0.4
20,10,28079055,30,0.2
20,10,28079008,35,0.4
20,10,28079011,35,1
20,10,28079018,35,1
20,10,28079024,35,0.3
20,10,28079038,35,0.9
20,10,28079055,35,1
20,10,28079024,42,1.33
20,10,28079027,42,1.21
20,10,28079055,42,1.43
20,10,28079024,44,0.26
20,10,28079027,44,0.13
20,10,28079055,44,0.13
20,11,28079004,01,3
20,11,28079008,01,3
20,11,28079017,01,3
20,11,28079018,01,2
20,11,28079024,01,1
20,11,28079035,01,3
20,11,28079036,01,1
20,11,28079038,01,4
20,11,28079040,01,3
20,11,28079057,01,3
20,11,28079004,06,0.2
20,11,28079008,06,0.3
20,11,28079016,06,0.3
20,11,28079018,06,0.2
20,11,28079024,06,0.2
20,11,28079035,06,0.2
20,11,28079036,06,0.2
20,11,28079039,06,0.2
20,11,28079056,06,0.2
20,11,28079057,06,0.3
20,11,28079004,07,3
20,11,28079008,07,12
20,11,28079011,07,1
20,11,28079016,07,4
20,11,28079017,07,6
20,11,28079018,07,1
20,11,28079024,07,1
20,11,28079027,07,2
20,11,28079035,07,5
20,11,28079036,07,4
20,11,28079038,07,6
20,11,28079039,07,4
20,11,28079040,07,5
20,11,28079047,07,2
20,11,28079048,07,6
20,11,28079049,07,1
20,11,28079050,07,15
20,11,28079054,07,5
20,11,28079055,07,3
20,11,28079056,07,3
20,11,28079057,07,3
20,11,28079058,07,2
20,11,28079059,07,4
20,11,28079060,07,2
20,11,28079004,08,11
20,11,28079008,08,22
20,11,28079011,08,24
20,11,28079016,08,16
20,11,28079017,08,12
20,11,28079018,08,9
20,11,28079024,08,1
20,11,28079027,08,6
20,11,28079035,08,12
20,11,28079036,08,9
20,11,28079038,08,14
20,11,28079039,08,18
20,11,28079040,08,14
20,11,28079047,08,10
20,11,28079048,08,19
20,11,28079049,08,9
20,11,28079050,08,26
20,11,28079054,08,6
20,11,28079055,08,13
20,11,28079056,08,13
20,11,28079057,08,10
20,11,28079058,08,2
20,11,28079059,08,8
20,11,28079060,08,12
20,11,28079008,09,6
20,11,28079024,09,5
20,11,28079038,09,7
20,11,28079047,09,5
20,11,28079048,09,7
20,11,28079050,09,6
20,11,28079008,10,5
20,11,28079018,10,7
20,11,28079024,10,5
20,11,28079036,10,9
20,11,28079038,10,6
20,11,28079040,10,8
20,11,28079047,10,5
20,11,28079048,10,16
20,11,28079050,10,10
20,11,28079055,10,9
20,11,28079057,10,8
20,11,28079060,10,10
20,11,28079008,14,47
20,11,28079016,14,44
20,11,28079017,14,57
20,11,28079018,14,56
20,11,28079024,14,66
20,11,28079027,14,66
20,11,28079035,14,57
20,11,28079039,14,55
20,11,28079049,14,59
20,11,28079054,14,59
20,11,28079056,14,59
20,11,28079058,14,64
20,11,28079059,14,49
20,11,28079060,14,58
20,11,28079008,20,0.7
20,11,28079011,20,1.4
20,11,28079018,20,1.3
20,11,28079024,20,0.2
20,11,28079038,20,0.4
20,11,28079055,20,0.1
20,11,28079008,30,0.3
20,11,28079011,30,1.1
20,11,28079018,30,0.4
20,11,28079024,30,0.4
20,11,28079038,30,0.3
20,11,28079055,30,0.2
20,11,28079008,35,0.5
20,11,28079011,35,1
20,11,28079018,35,0.8
20,11,28079024,35,0.3
20,11,28079038,35,1
20,11,28079055,35,1
20,11,28079024,42,1.33
20,11,28079027,42,1.2
20,11,28079055,42,1.44
20,11,28079024,44,0.26
20,11,28079027,44,0.13
20,11,28079055,44,0.14
20,12,28079004,01,3
20,12,28079008,01,3
20,12,28079017,01,3
20,12,28079018,01,2
20,12,28079024,01,1
20,12,28079035,01,3
20,12,28079036,01,1
20,12,28079038,01,4
20,12,28079040,01,3
20,12,28079057,01,4
20,12,28079004,06,0.2
20,12,28079008,06,0.3
20,12,28079016,06,0.3
20,12,28079018,06,0.3
20,12,28079024,06,0.2
20,12,28079035,06,0.2
20,12,28079036,06,0.2
20,12,28079039,06,0.2
20,12,28079056,06,0.2
20,12,28079057,06,0.3
20,12,28079004,07,5
20,12,28079008,07,12
20,12,28079011,07,3
20,12,28079016,07,5
20,12,28079017,07,6
20,12,28079018,07,2
20,12,28079024,07,1
20,12,28079027,07,3
20,12,28079035,07,5
20,12,28079036,07,7
20,12,28079038,07,8
20,12,28079039,07,8
20,12,28079040,07,6
20,12,28079047,07,3
20,12,28079048,07,7
20,12,28079049,07,2
20,12,28079050,07,40
20,12,28079054,07,5
20,12,28079055,07,4
20,12,28079056,07,6
20,12,28079057,07,4
20,12,28079058,07,3
20,12,28079059,07,5
20,12,28079060,07,3
20,12,28079004,08,14
20,12,28079008,08,21
20,12,28079011,08,32
20,12,28079016,08,17
20,12,28079017,08,13
20,12,28079018,08,13
20,12,28079024,08,1
20,12,28079027,08,8
20,12,28079035,08,11
20,12,28079036,08,12
20,12,28079038,08,14
20,12,28079039,08,24
20,12,28079040,08,13
20,12,28079047,08,9
20,12,28079048,08,18
20,12,28079049,08,10
20,12,28079050,08,37
20,12,28079054,08,5
20,12,28079055,08,10
20,12,28079056,08,15
20,12,28079057,08,11
20,12,28079058,08,4
20,12,28079059,08,7
20,12,28079060,08,13
20,12,28079008,09,6
20,12,28079024,09,5
20,12,28079038,09,9
20,12,28079047,09,4
20,12,28079048,09,2
20,12,28079050,09,7
20,12,28079008,10,6
20,12,28079018,10,7
20,12,28079024,10,5
20,12,28079036,10,8
20,12,28079038,10,5
20,12,28079040,10,6
20,12,28079047,10,5
20,12,28079048,10,8
20,12,28079050,10,10
20,12,28079055,10,9
20,12,28079057,10,11
20,12,28079060,10,6
20,12,28079008,14,48
20,12,28079016,14,44
20,12,28079017,14,57
20,12,28079018,14,54
20,12,28079024,14,66
20,12,28079027,14,64
20,12,28079035,14,58
20,12,28079039,14,50
20,12,28079049,14,50
20,12,28079054,14,60
20,12,28079056,14,57
20,12,28079058,14,63
20,12,28079059,14,49
20,12,28079060,14,58
20,12,28079008,20,1.1
20,12,28079011,20,2
20,12,28079018,20,0.2
20,12,28079024,20,0.2
20,12,28079038,20,0.5
20,12,28079055,20,0.4
20,12,28079008,30,0.4
20,12,28079011,30,1.3
20,12,28079018,30,0.1
20,12,28079024,30,0.4
20,12,28079038,30,0.3
20,12,28079055,30,0.2
20,12,28079008,35,0.5
20,12,28079011,35,1
20,12,28079018,35,1
20,12,28079024,35,0.3
20,12,28079038,35,1
20,12,28079055,35,1
20,12,28079024,42,1.33
20,12,28079027,42,1.21
20,12,28079055,42,1.43
20,12,28079024,44,0.26
20,12,28079027,44,0.13
20,12,28079055,44,0.13
20,13,28079004,01,3
20,13,28079008,01,3
20,13,28079017,01,3
20,13,28079018,01,2
20,13,28079024,01,1
20,13,28079035,01,3
20,13,28079036,01,2
20,13,28079038,01,5
20,13,28079040,01,3
20,13,28079057,01,5
20,13,28079004,06,0.2
20,13,28079008,06,0.3
20,13,28079016,06,0.3
20,13,28079018,06,0.3
20,13,28079024,06,0.2
20,13,28079035,06,0.2
20,13,28079036,06,0.3
20,13,28079039,06,0.2
20,13,28079056,06,0.2
20,13,28079057,06,0.3
20,13,28079004,07,6
20,13,28079008,07,19
20,13,28079011,07,2
20,13,28079016,07,6
20,13,28079017,07,6
20,13,28079018,07,4
20,13,28079024,07,1
20,13,28079027,07,3
20,13,28079035,07,5
20,13,28079036,07,7
20,13,28079038,07,11
20,13,28079039,07,8
20,13,28079040,07,6
20,13,28079047,07,4
20,13,28079048,07,10
20,13,28079049,07,2
20,13,28079050,07,25
20,13,28079054,07,5
20,13,28079055,07,5
20,13,28079056,07,7
20,13,28079057,07,6
20,13,28079058,07,4
20,13,28079059,07,4
20,13,28079060,07,3
20,13,28079004,08,20
20,13,28079008,08,29
20,13,28079011,08,29
20,13,28079016,08,21
20,13,28079017,08,14
20,13,28079018,08,21
20,13,28079024,08,1
20,13,28079027,08,9
20,13,28079035,08,13
20,13,28079036,08,12
20,13,28079038,08,21
20,13,28079039,08,24
20,13,28079040,08,15
20,13,28079047,08,13
20,13,28079048,08,25
20,13,28079049,08,11
20,13,28079050,08,34
20,13,28079054,08,7
20,13,28079055,08,13
20,13,28079056,08,19
20,13,28079057,08,14
20,13,28079058,08,6
20,13,28079059,08,8
20,13,28079060,08,14
20,13,28079008,09,6
20,13,28079024,09,3
20,13,28079038,09,3
20,13,28079047,09,4
20,13,28079048,09,3
20,13,28079050,09,6
20,13,28079008,10,5
20,13,28079018,10,5
20,13,28079024,10,4
20,13,28079036,10,6
20,13,28079038,10,4
20,13,28079040,10,6
20,13,28079047,10,5
20,13,28079048,10,10
20,13,28079050,10,10
20,13,28079055,10,5
20,13,28079057,10,8
20,13,28079060,10,3
20,13,28079008,14,42
20,13,28079016,14,42
20,13,28079017,14,56
20,13,28079018,14,38
20,13,28079024,14,66
20,13,28079027,14,65
20,13,28079035,14,57
20,13,28079039,14,51
20,13,28079049,14,48
20,13,28079054,14,57
20,13,28079056,14,52
20,13,28079058,14,63
20,13,28079059,14,50
20,13,28079060,14,58
20,13,28079008,20,1.3
20,13,28079011,20,2.4
20,13,28079018,20,0.3
20,13,28079024,20,0.2
20,13,28079038,20,1
20,13,28079055,20,0.5
20,13,28079008,30,0.5
20,13,28079011,30,1.5
20,13,28079018,30,0.1
20,13,28079024,30,0.4
20,13,28079038,30,0.4
20,13,28079055,30,0.2
20,13,28079008,35,0.4
20,13,28079011,35,0.9
20,13,28079018,35,1
20,13,28079024,35,0.2
20,13,28079038,35,0.3
20,13,28079055,35,1
20,13,28079024,42,1.33
20,13,28079027,42,1.21
20,13,28079055,42,1.43
20,13,28079024,44,0.26
20,13,28079027,44,0.13
20,13,28079055,44,0.13
20,14,28079004,01,4
20,14,28079008,01,3
20,14,28079017,01,3
20,14,28079018,01,2
20,14,28079024,01,1
20,14,28079035,01,3
20,14,28079036,01,2
20,14,28079038,01,5
20,14,28079040,01,4
20,14,28079057,01,5
20,14,28079004,06,0.3
20,14,28079008,06,0.3
20,14,28079016,06,0.3
20,14,28079018,06,0.3
20,14,28079024,06,0.2
20,14,28079035,06,0.3
20,14,28079036,06,0.3
20,14,28079039,06,0.2
20,14,28079056,06,0.2
20,14,28079057,06,0.3
20,14,28079004,07,8
20,14,28079008,07,20
20,14,28079011,07,6
20,14,28079016,07,6
20,14,28079017,07,9
20,14,28079018,07,2
20,14,28079024,07,1
20,14,28079027,07,4
20,14,28079035,07,6
20,14,28079036,07,8
20,14,28079038,07,14
20,14,28079039,07,10
20,14,28079040,07,5
20,14,28079047,07,3
20,14,28079048,07,10
20,14,28079049,07,2
20,14,28079050,07,30
20,14,28079054,07,7
20,14,28079055,07,4
20,14,28079056,07,8
20,14,28079057,07,10
20,14,28079058,07,4
20,14,28079059,07,4
20,14,28079060,07,3
20,14,28079004,08,21
20,14,28079008,08,29
20,14,28079011,08,37
20,14,28079016,08,20
20,14,28079017,08,20
20,14,28079018,08,15
20,14,28079024,08,1
20,14,28079027,08,10
20,14,28079035,08,13
20,14,28079036,08,14
20,14,28079038,08,27
20,14,28079039,08,26
20,14,28079040,08,14
20,14,28079047,08,9
20,14,28079048,08,26
20,14,28079049,08,11
20,14,28079050,08,41
20,14,28079054,08,10
20,14,28079055,08,12
20,14,28079056,08,18
20,14,28079057,08,20
20,14,28079058,08,4
20,14,28079059,08,6
20,14,28079060,08,15
20,14,28079008,09,5
20,14,28079024,09,3
20,14,28079038,09,3
20,14,28079047,09,2
20,14,28079048,09,2
20,14,28079050,09,8
20,14,28079008,10,5
20,14,28079018,10,4
20,14,28079024,10,3
20,14,28079036,10,4
20,14,28079038,10,5
20,14,28079040,10,5
20,14,28079047,10,3
20,14,28079048,10,7
20,14,28079050,10,8
20,14,28079055,10,4
20,14,28079057,10,7
20,14,28079060,10,4
20,14,28079008,14,42
20,14,28079016,14,42
20,14,28079017,14,49
20,14,28079018,14,42
20,14,28079024,14,65
20,14,28079027,14,65
20,14,28079035,14,56
20,14,28079039,14,51
20,14,28079049,14,58
20,14,28079054,14,52
20,14,28079056,14,55
20,14,28079058,14,65
20,14,28079059,14,51
20,14,28079060,14,58
20,14,28079008,20,1.8
20,14,28079011,20,2.1
20,14,28079018,20,0.3
20,14,28079024,20,0.2
20,14,28079038,20,1.2
20,14,28079055,20,0.5
20,14,28079008,30,0.7
20,14,28079011,30,1.3
20,14,28079018,30,0.1
20,14,28079024,30,0.4
20,14,28079038,30,0.5
20,14,28079055,30,0.2
20,14,28079008,35,0.5
20,14,28079011,35,1
20,14,28079018,35,1
20,14,28079024,35,0.3
20,14,28079038,35,0.2
20,14,28079055,35,1
20,14,28079024,42,1.33
20,14,28079027,42,1.21
20,14,28079055,42,1.42
20,14,28079024,44,0.26
20,14,28079027,44,0.14
20,14,28079055,44,0.13
20,15,28079004,01,4
20,15,28079008,01,3
20,15,28079017,01,3
20,15,28079018,01,2
20,15,28079024,01,1
20,15,28079035,01,4
20,15,28079036,01,2
20,15,28079038,01,5
20,15,28079040,01,4
20,15,28079057,01,5
20,15,28079004,06,0.3
20,15,28079008,06,0.3
20,15,28079016,06,0.3
20,15,28079018,06,0.3
20,15,28079024,06,0.2
20,15,28079035,06,0.3
20,15,28079036,06,0.3
20,15,28079039,06,0.2
20,15,28079056,06,0.2
20,15,28079057,06,0.3
20,15,28079004,07,6
20,15,28079008,07,19
20,15,28079011,07,4
20,15,28079016,07,6
20,15,28079017,07,5
20,15,28079018,07,3
20,15,28079024,07,1
20,15,28079027,07,4
20,15,28079035,07,8
20,15,28079036,07,6
20,15,28079038,07,17
20,15,28079039,07,9
20,15,28079040,07,7
20,15,28079047,07,3
20,15,28079048,07,10
20,15,28079049,07,2
20,15,28079050,07,24
20,15,28079054,07,5
20,15,28079055,07,4
20,15,28079056,07,7
20,15,28079057,07,10
20,15,28079058,07,3
20,15,28079059,07,3
20,15,28079060,07,3
20,15,28079004,08,18
20,15,28079008,08,26
20,15,28079011,08,36
20,15,28079016,08,20
20,15,28079017,08,15
20,15,28079018,08,14
20,15,28079024,08,1
20,15,28079027,08,10
20,15,28079035,08,15
20,15,28079036,08,14
20,15,28079038,08,27
20,15,28079039,08,27
20,15,28079040,08,19
20,15,28079047,08,10
20,15,28079048,08,24
20,15,28079049,08,10
20,15,28079050,08,34
20,15,28079054,08,6
20,15,28079055,08,11
20,15,28079056,08,17
20,15,28079057,08,21
20,15,28079058,08,2
20,15,28079059,08,7
20,15,28079060,08,13
20,15,28079008,09,6
20,15,28079024,09,3
20,15,28079038,09,4
20,15,28079047,09,3
20,15,28079048,09,1
20,15,28079050,09,6
20,15,28079008,10,4
20,15,28079018,10,5
20,15,28079024,10,4
20,15,28079036,10,5
20,15,28079038,10,7
20,15,28079040,10,7
20,15,28079047,10,4
20,15,28079048,10,5
20,15,28079050,10,11
20,15,28079055,10,3
20,15,28079057,10,6
20,15,28079060,10,3
20,15,28079008,14,45
20,15,28079016,14,42
20,15,28079017,14,54
20,15,28079018,14,52
20,15,28079024,14,65
20,15,28079027,14,66
20,15,28079035,14,56
20,15,28079039,14,51
20,15,28079049,14,59
20,15,28079054,14,58
20,15,28079056,14,56
20,15,28079058,14,66
20,15,28079059,14,52
20,15,28079060,14,61
20,15,28079008,20,2
20,15,28079011,20,2.6
20,15,28079018,20,0.3
20,15,28079024,20,0.2
20,15,28079038,20,1.9
20,15,28079055,20,0.4
20,15,28079008,30,0.7
20,15,28079011,30,1.5
20,15,28079018,30,0.1
20,15,28079024,30,0.4
20,15,28079038,30,0.7
20,15,28079055,30,0.2
20,15,28079008,35,0.8
20,15,28079011,35,0.7
20,15,28079018,35,1
20,15,28079024,35,0.2
20,15,28079038,35,0.4
20,15,28079055,35,1
20,15,28079024,42,1.33
20,15,28079027,42,1.21
20,15,28079055,42,1.42
20,15,28079024,44,0.26
20,15,28079027,44,0.13
20,15,28079055,44,0.13
20,16,28079004,01,4
20,16,28079008,01,3
20,16,28079017,01,3
20,16,28079018,01,2
20,16,28079024,01,1
20,16,28079035,01,3
20,16,28079036,01,1
20,16,28079038,01,4
20,16,28079040,01,4
20,16,28079057,01,6
20,16,28079004,06,0.3
20,16,28079008,06,0.3
20,16,28079016,06,0.3
20,16,28079018,06,0.3
20,16,28079024,06,0.2
20,16,28079035,06,0.3
20,16,28079036,06,0.2
20,16,28079039,06,0.2
20,16,28079056,06,0.2
20,16,28079057,06,0.3
20,16,28079004,07,5
20,16,28079008,07,13
20,16,28079011,07,2
20,16,28079016,07,5
20,16,28079017,07,7
20,16,28079018,07,2
20,16,28079024,07,1
20,16,28079027,07,3
20,16,28079035,07,5
20,16,28079036,07,5
20,16,28079038,07,8
20,16,28079039,07,4
20,16,28079040,07,4
20,16,28079047,07,2
20,16,28079048,07,8
20,16,28079049,07,2
20,16,28079050,07,18
20,16,28079054,07,4
20,16,28079055,07,3
20,16,28079056,07,8
20,16,28079057,07,5
20,16,28079058,07,2
20,16,28079059,07,3
20,16,28079060,07,1
20,16,28079004,08,18
20,16,28079008,08,19
20,16,28079011,08,28
20,16,28079016,08,18
20,16,28079017,08,13
20,16,28079018,08,14
20,16,28079024,08,2
20,16,28079027,08,9
20,16,28079035,08,12
20,16,28079036,08,11
20,16,28079038,08,19
20,16,28079039,08,18
20,16,28079040,08,11
20,16,28079047,08,9
20,16,28079048,08,22
20,16,28079049,08,10
20,16,28079050,08,28
20,16,28079054,08,4
20,16,28079055,08,11
20,16,28079056,08,19
20,16,28079057,08,14
20,16,28079058,08,2
20,16,28079059,08,5
20,16,28079060,08,8
20,16,28079008,09,6
20,16,28079024,09,6
20,16,28079038,09,11
20,16,28079047,09,7
20,16,28079048,09,23
20,16,28079050,09,8
20,16,28079008,10,7
20,16,28079018,10,6
20,16,28079024,10,6
20,16,28079036,10,14
20,16,28079038,10,11
20,16,28079040,10,6
20,16,28079047,10,8
20,16,28079048,10,37
20,16,28079050,10,15
20,16,28079055,10,7
20,16,28079057,10,7
20,16,28079060,10,10
20,16,28079008,14,49
20,16,28079016,14,43
20,16,28079017,14,55
20,16,28079018,14,49
20,16,28079024,14,60
20,16,28079027,14,66
20,16,28079035,14,56
20,16,28079039,14,56
20,16,28079049,14,58
20,16,28079054,14,58
20,16,28079056,14,51
20,16,28079058,14,65
20,16,28079059,14,52
20,16,28079060,14,63
20,16,28079008,20,2.1
20,16,28079011,20,2.4
20,16,28079018,20,0.2
20,16,28079024,20,0.9
20,16,28079038,20,1.1
20,16,28079055,20,0.2
20,16,28079008,30,0.7
20,16,28079011,30,1.6
20,16,28079018,30,0.1
20,16,28079024,30,0.4
20,16,28079038,30,0.5
20,16,28079055,30,0.2
20,16,28079008,35,0.5
20,16,28079011,35,1
20,16,28079018,35,0.9
20,16,28079024,35,0.3
20,16,28079038,35,0.4
20,16,28079055,35,1
20,16,28079024,42,1.33
20,16,28079027,42,1.21
20,16,28079055,42,1.43
20,16,28079024,44,0.25
20,16,28079027,44,0.13
20,16,28079055,44,0.13
20,17,28079004,01,3
20,17,28079008,01,3
20,17,28079017,01,3
20,17,28079018,01,2
20,17,28079024,01,1
20,17,28079035,01,3
20,17,28079036,01,1
20,17,28079038,01,4
20,17,28079040,01,3
20,17,28079057,01,6
20,17,28079004,06,0.3
20,17,28079008,06,0.3
20,17,28079016,06,0.3
20,17,28079018,06,0.2
20,17,28079024,06,0.2
20,17,28079035,06,0.3
20,17,28079036,06,0.2
20,17,28079039,06,0.2
20,17,28079056,06,0.2
20,17,28079057,06,0.3
20,17,28079004,07,5
20,17,28079008,07,13
20,17,28079011,07,1
20,17,28079016,07,4
20,17,28079017,07,4
20,17,28079018,07,1
20,17,28079024,07,1
20,17,28079027,07,2
20,17,28079035,07,4
20,17,28079036,07,3
20,17,28079038,07,6
20,17,28079039,07,4
20,17,28079040,07,3
20,17,28079047,07,1
20,17,28079048,07,8
20,17,28079049,07,1
20,17,28079050,07,19
20,17,28079054,07,4
20,17,28079055,07,2
20,17,28079056,07,7
20,17,28079057,07,4
20,17,28079058,07,2
20,17,28079059,07,2
20,17,28079060,07,1
20,17,28079004,08,17
20,17,28079008,08,23
20,17,28079011,08,23
20,17,28079016,08,19
20,17,28079017,08,14
20,17,28079018,08,15
20,17,28079024,08,1
20,17,28079027,08,9
20,17,28079035,08,14
20,17,28079036,08,9
20,17,28079038,08,19
20,17,28079039,08,22
20,17,28079040,08,12
20,17,28079047,08,11
20,17,28079048,08,27
20,17,28079049,08,10
20,17,28079050,08,32
20,17,28079054,08,5
20,17,28079055,08,12
20,17,28079056,08,20
20,17,28079057,08,18
20,17,28079058,08,2
20,17,28079059,08,6
20,17,28079060,08,10
20,17,28079008,09,6
20,17,28079024,09,4
20,17,28079038,09,6
20,17,28079047,09,9
20,17,28079048,09,11
20,17,28079050,09,8
20,17,28079008,10,6
20,17,28079018,10,5
20,17,28079024,10,4
20,17,28079036,10,14
20,17,28079038,10,6
20,17,28079040,10,7
20,17,28079047,10,8
20,17,28079048,10,17
20,17,28079050,10,15
20,17,28079055,10,8
20,17,28079057,10,8
20,17,28079060,10,16
20,17,28079008,14,46
20,17,28079016,14,42
20,17,28079017,14,53
20,17,28079018,14,50
20,17,28079024,14,66
20,17,28079027,14,64
20,17,28079035,14,56
20,17,28079039,14,52
20,17,28079049,14,58
20,17,28079054,14,59
20,17,28079056,14,52
20,17,28079058,14,68
20,17,28079059,14,51
20,17,28079060,14,60
20,17,28079008,20,1.9
20,17,28079011,20,2.4
20,17,28079018,20,0.2
20,17,28079024,20,0.3
20,17,28079038,20,0.7
20,17,28079055,20,0.3
20,17,28079008,30,0.7
20,17,28079011,30,1.5
20,17,28079018,30,0.1
20,17,28079024,30,0.4
20,17,28079038,30,0.4
20,17,28079055,30,0.2
20,17,28079008,35,0.7
20,17,28079011,35,0.6
20,17,28079018,35,1
20,17,28079024,35,0.3
20,17,28079038,35,0.3
20,17,28079055,35,1
20,17,28079024,42,1.32
20,17,28079027,42,1.21
20,17,28079055,42,1.42
20,17,28079024,44,0.25
20,17,28079027,44,0.14
20,17,28079055,44,0.13
20,18,28079004,01,3
20,18,28079008,01,3
20,18,28079017,01,3
20,18,28079018,01,2
20,18,28079024,01,1
20,18,28079035,01,2
20,18,28079036,01,1
20,18,28079038,01,3
20,18,28079040,01,3
20,18,28079057,01,6
20,18,28079004,06,0.3
20,18,28079008,06,0.3
20,18,28079016,06,0.3
20,18,28079018,06,0.3
20,18,28079024,06,0.2
20,18,28079035,06,0.3
20,18,28079036,06,0.2
20,18,28079039,06,0.2
20,18,28079056,06,0.2
20,18,28079057,06,0.3
20,18,28079004,07,8
20,18,28079008,07,22
20,18,28079011,07,1
20,18,28079016,07,5
20,18,28079017,07,5
20,18,28079018,07,1
20,18,28079024,07,1
20,18,28079027,07,2
20,18,28079035,07,4
20,18,28079036,07,4
20,18,28079038,07,8
20,18,28079039,07,5
20,18,28079040,07,3
20,18,28079047,07,1
20,18,28079048,07,11
20,18,28079049,07,1
20,18,28079050,07,21
20,18,28079054,07,4
20,18,28079055,07,3
20,18,28079056,07,5
20,18,28079057,07,5
20,18,28079058,07,3
20,18,28079059,07,2
20,18,28079060,07,1
20,18,28079004,08,29
20,18,28079008,08,36
20,18,28079011,08,24
20,18,28079016,08,31
20,18,28079017,08,20
20,18,28079018,08,21
20,18,28079024,08,3
20,18,28079027,08,16
20,18,28079035,08,17
20,18,28079036,08,12
20,18,28079038,08,27
20,18,28079039,08,28
20,18,28079040,08,13
20,18,28079047,08,13
20,18,28079048,08,32
20,18,28079049,08,19
20,18,28079050,08,36
20,18,28079054,08,5
20,18,28079055,08,19
20,18,28079056,08,21
20,18,28079057,08,21
20,18,28079058,08,4
20,18,28079059,08,10
20,18,28079060,08,13
20,18,28079008,09,8
20,18,28079024,09,6
20,18,28079038,09,7
20,18,28079047,09,6
20,18,28079048,09,23
20,18,28079050,09,9
20,18,28079008,10,8
20,18,28079018,10,6
20,18,28079024,10,6
20,18,28079036,10,15
20,18,28079038,10,7
20,18,28079040,10,6
20,18,28079047,10,6
20,18,28079048,10,38
20,18,28079050,10,17
20,18,28079055,10,13
20,18,28079057,10,7
20,18,28079060,10,27
20,18,28079008,14,35
20,18,28079016,14,33
20,18,28079017,14,50
20,18,28079018,14,43
20,18,28079024,14,61
20,18,28079027,14,58
20,18,28079035,14,50
20,18,28079039,14,46
20,18,28079049,14,48
20,18,28079054,14,59
20,18,28079056,14,50
20,18,28079058,14,59
20,18,28079059,14,47
20,18,28079060,14,56
20,18,28079008,20,2.1
20,18,28079011,20,1.8
20,18,28079018,20,0.2
20,18,28079024,20,0.2
20,18,28079038,20,1
20,18,28079055,20,0.3
20,18,28079008,30,0.7
20,18,28079011,30,1.2
20,18,28079018,30,0.1
20,18,28079024,30,0.4
20,18,28079038,30,0.5
20,18,28079055,30,0.1
20,18,28079008,35,0.6
20,18,28079011,35,0.9
20,18,28079018,35,1
20,18,28079024,35,0.3
20,18,28079038,35,0.5
20,18,28079055,35,1
20,18,28079024,42,1.32
20,18,28079027,42,1.22
20,18,28079055,42,1.42
20,18,28079024,44,0.24
20,18,28079027,44,0.14
20,18,28079055,44,0.13
20,19,28079004,01,3
20,19,28079008,01,3
20,19,28079017,01,3
20,19,28079018,01,2
20,19,28079024,01,1
20,19,28079035,01,2
20,19,28079036,01,1
20,19,28079038,01,3
20,19,28079040,01,3
20,19,28079057,01,5
20,19,28079004,06,0.3
20,19,28079008,06,0.3
20,19,28079016,06,0.3
20,19,28079018,06,0.3
20,19,28079024,06,0.2
20,19,28079035,06,0.3
20,19,28079036,06,0.2
20,19,28079039,06,0.3
20,19,28079056,06,0.2
20,19,28079057,06,0.3
20,19,28079004,07,10
20,19,28079008,07,20
20,19,28079011,07,1
20,19,28079016,07,6
20,19,28079017,07,10
20,19,28079018,07,1
20,19,28079024,07,1
20,19,28079027,07,3
20,19,28079035,07,5
20,19,28079036,07,4
20,19,28079038,07,11
20,19,28079039,07,8
20,19,28079040,07,4
20,19,28079047,07,1
20,19,28079048,07,10
20,19,28079049,07,1
20,19,28079050,07,26
20,19,28079054,07,4
20,19,28079055,07,5
20,19,28079056,07,8
20,19,28079057,07,7
20,19,28079058,07,2
20,19,28079059,07,2
20,19,28079060,07,1
20,19,28079004,08,34
20,19,28079008,08,37
20,19,28079011,08,27
20,19,28079016,08,37
20,19,28079017,08,29
20,19,28079018,08,24
20,19,28079024,08,4
20,19,28079027,08,29
20,19,28079035,08,23
20,19,28079036,08,16
20,19,28079038,08,31
20,19,28079039,08,31
20,19,28079040,08,19
20,19,28079047,08,19
20,19,28079048,08,39
20,19,28079049,08,26
20,19,28079050,08,40
20,19,28079054,08,7
20,19,28079055,08,31
20,19,28079056,08,33
20,19,28079057,08,28
20,19,28079058,08,5
20,19,28079059,08,17
20,19,28079060,08,17
20,19,28079008,09,6
20,19,28079024,09,4
20,19,28079038,09,6
20,19,28079047,09,4
20,19,28079048,09,9
20,19,28079050,09,8
20,19,28079008,10,5
20,19,28079018,10,5
20,19,28079024,10,5
20,19,28079036,10,10
20,19,28079038,10,5
20,19,28079040,10,6
20,19,28079047,10,6
20,19,28079048,10,15
20,19,28079050,10,14
20,19,28079055,10,8
20,19,28079057,10,5
20,19,28079060,10,15
20,19,28079008,14,33
20,19,28079016,14,30
20,19,28079017,14,41
20,19,28079018,14,41
20,19,28079024,14,59
20,19,28079027,14,47
20,19,28079035,14,45
20,19,28079039,14,42
20,19,28079049,14,42
20,19,28079054,14,55
20,19,28079056,14,40
20,19,28079058,14,58
20,19,28079059,14,42
20,19,28079060,14,50
20,19,28079008,20,1.4
20,19,28079011,20,2.2
20,19,28079018,20,0.3
20,19,28079024,20,0.5
20,19,28079038,20,0.7
20,19,28079055,20,0.5
20,19,28079008,30,0.6
20,19,28079011,30,1.4
20,19,28079018,30,0.1
20,19,28079024,30,0.4
20,19,28079038,30,0.4
20,19,28079055,30,0.2
20,19,28079008,35,0.4
20,19,28079011,35,0.9
20,19,28079018,35,1
20,19,28079024,35,0.3
20,19,28079038,35,0.3
20,19,28079055,35,1
20,19,28079024,42,1.32
20,19,28079027,42,1.23
20,19,28079055,42,1.43
20,19,28079024,44,0.25
20,19,28079027,44,0.14
20,19,28079055,44,0.13
20,2,28079004,01,3
20,2,28079008,01,3
20,2,28079017,01,3
20,2,28079018,01,2
20,2,28079024,01,1
20,2,28079035,01,3
20,2,28079036,01,1
20,2,28079038,01,2
20,2,28079040,01,2
20,2,28079057,01,4
20,2,28079004,06,0.3
20,2,28079008,06,0.2
20,2,28079016,06,0.2
20,2,28079018,06,0.2
20,2,28079024,06,0.2
20,2,28079035,06,0.3
20,2,28079036,06,0.2
20,2,28079039,06,0.2
20,2,28079056,06,0.2
20,2,28079057,06,0.3
20,2,28079004,07,7
20,2,28079008,07,7
20,2,28079011,07,2
20,2,28079016,07,1
20,2,28079017,07,1
20,2,28079018,07,1
20,2,28079024,07,1
20,2,28079027,07,1
20,2,28079035,07,7
20,2,28079036,07,2
20,2,28079038,07,4
20,2,28079039,07,1
20,2,28079040,07,1
20,2,28079047,07,1
20,2,28079048,07,3
20,2,28079049,07,3
20,2,28079050,07,14
20,2,28079054,07,3
20,2,28079055,07,1
20,2,28079056,07,1
20,2,28079057,07,1
20,2,28079058,07,2
20,2,28079059,07,1
20,2,28079060,07,1
20,2,28079004,08,16
20,2,28079008,08,18
20,2,28079011,08,21
20,2,28079016,08,8
20,2,28079017,08,8
20,2,28079018,08,3
20,2,28079024,08,1
20,2,28079027,08,4
20,2,28079035,08,18
20,2,28079036,08,4
20,2,28079038,08,10
20,2,28079039,08,8
20,2,28079040,08,7
20,2,28079047,08,5
20,2,28079048,08,12
20,2,28079049,08,9
20,2,28079050,08,15
20,2,28079054,08,3
20,2,28079055,08,6
20,2,28079056,08,7
20,2,28079057,08,7
20,2,28079058,08,1
20,2,28079059,08,1
20,2,28079060,08,5
20,2,28079008,09,2
20,2,28079024,09,2
20,2,28079038,09,4
20,2,28079047,09,2
20,2,28079048,09,1
20,2,28079050,09,4
20,2,28079008,10,2
20,2,28079018,10,4
20,2,28079024,10,3
20,2,28079036,10,4
20,2,28079038,10,3
20,2,28079040,10,4
20,2,28079047,10,4
20,2,28079048,10,4
20,2,28079050,10,6
20,2,28079055,10,5
20,2,28079057,10,6
20,2,28079060,10,7
20,2,28079008,14,52
20,2,28079016,14,53
20,2,28079017,14,62
20,2,28079018,14,63
20,2,28079024,14,71
20,2,28079027,14,67
20,2,28079035,14,31
20,2,28079039,14,63
20,2,28079049,14,62
20,2,28079054,14,63
20,2,28079056,14,64
20,2,28079058,14,67
20,2,28079059,14,55
20,2,28079060,14,63
20,2,28079008,20,1.4
20,2,28079011,20,1.9
20,2,28079018,20,0.1
20,2,28079024,20,0.2
20,2,28079038,20,0.6
20,2,28079055,20,0.7
20,2,28079008,30,0.5
20,2,28079011,30,1.3
20,2,28079018,30,0.2
20,2,28079024,30,0.4
20,2,28079038,30,0.3
20,2,28079055,30,0.1
20,2,28079008,35,0.8
20,2,28079011,35,0.9
20,2,28079018,35,1
20,2,28079024,35,0.3
20,2,28079038,35,0.9
20,2,28079055,35,1
20,2,28079024,42,1.33
20,2,28079027,42,1.2
20,2,28079055,42,1.42
20,2,28079024,44,0.25
20,2,28079027,44,0.13
20,2,28079055,44,0.13
20,20,28079004,01,3
20,20,28079008,01,3
20,20,28079017,01,3
20,20,28079018,01,2
20,20,28079024,01,1
20,20,28079035,01,2
20,20,28079036,01,1
20,20,28079038,01,3
20,20,28079040,01,3
20,20,28079057,01,5
20,20,28079004,06,0.3
20,20,28079008,06,0.3
20,20,28079016,06,0.3
20,20,28079018,06,0.3
20,20,28079024,06,0.2
20,20,28079035,06,0.3
20,20,28079036,06,0.2
20,20,28079039,06,0.3
20,20,28079056,06,0.2
20,20,28079057,06,0.3
20,20,28079004,07,10
20,20,28079008,07,18
20,20,28079011,07,1
20,20,28079016,07,6
20,20,28079017,07,5
20,20,28079018,07,3
20,20,28079024,07,1
20,20,28079027,07,3
20,20,28079035,07,5
20,20,28079036,07,4
20,20,28079038,07,9
20,20,28079039,07,9
20,20,28079040,07,4
20,20,28079047,07,1
20,20,28079048,07,10
20,20,28079049,07,2
20,20,28079050,07,21
20,20,28079054,07,5
20,20,28079055,07,4
20,20,28079056,07,7
20,20,28079057,07,8
20,20,28079058,07,2
20,20,28079059,07,2
20,20,28079060,07,1
20,20,28079004,08,38
20,20,28079008,08,35
20,20,28079011,08,29
20,20,28079016,08,37
20,20,28079017,08,23
20,20,28079018,08,25
20,20,28079024,08,6
20,20,28079027,08,31
20,20,28079035,08,23
20,20,28079036,08,15
20,20,28079038,08,32
20,20,28079039,08,34
20,20,28079040,08,21
20,20,28079047,08,18
20,20,28079048,08,38
20,20,28079049,08,26
20,20,28079050,08,37
20,20,28079054,08,10
20,20,28079055,08,36
20,20,28079056,08,28
20,20,28079057,08,28
20,20,28079058,08,6
20,20,28079059,08,18
20,20,28079060,08,16
20,20,28079008,09,7
20,20,28079024,09,5
20,20,28079038,09,7
20,20,28079047,09,6
20,20,28079048,09,12
20,20,28079050,09,8
20,20,28079008,10,6
20,20,28079018,10,5
20,20,28079024,10,5
20,20,28079036,10,14
20,20,28079038,10,8
20,20,28079040,10,7
20,20,28079047,10,6
20,20,28079048,10,25
20,20,28079050,10,14
20,20,28079055,10,9
20,20,28079057,10,5
20,20,28079060,10,12
20,20,28079008,14,32
20,20,28079016,14,29
20,20,28079017,14,43
20,20,28079018,14,38
20,20,28079024,14,55
20,20,28079027,14,43
20,20,28079035,14,41
20,20,28079039,14,38
20,20,28079049,14,39
20,20,28079054,14,50
20,20,28079056,14,41
20,20,28079058,14,54
20,20,28079059,14,38
20,20,28079060,14,49
20,20,28079008,20,2
20,20,28079011,20,1.5
20,20,28079018,20,0.3
20,20,28079024,20,0.4
20,20,28079038,20,0.8
20,20,28079055,20,0.6
20,20,28079008,30,0.8
20,20,28079011,30,1.2
20,20,28079018,30,0.2
20,20,28079024,30,0.5
20,20,28079038,30,0.5
20,20,28079055,30,0.3
20,20,28079008,35,0.7
20,20,28079011,35,1
20,20,28079018,35,1
20,20,28079024,35,0.3
20,20,28079038,35,0.6
20,20,28079055,35,1
20,20,28079024,42,1.32
20,20,28079027,42,1.23
20,20,28079055,42,1.44
20,20,28079024,44,0.24
20,20,28079027,44,0.14
20,20,28079055,44,0.14
20,21,28079004,01,3
20,21,28079008,01,3
20,21,28079017,01,3
20,21,28079018,01,2
20,21,28079024,01,1
20,21,28079035,01,2
20,21,28079036,01,1
20,21,28079038,01,3
20,21,28079040,01,3
20,21,28079057,01,4
20,21,28079004,06,0.3
20,21,28079008,06,0.3
20,21,28079016,06,0.3
20,21,28079018,06,0.3
20,21,28079024,06,0.2
20,21,28079035,06,0.3
20,21,28079036,06,0.2
20,21,28079039,06,0.2
20,21,28079056,06,0.2
20,21,28079057,06,0.3
20,21,28079004,07,8
20,21,28079008,07,13
20,21,28079011,07,1
20,21,28079016,07,8
20,21,28079017,07,4
20,21,28079018,07,2
20,21,28079024,07,1
20,21,28079027,07,2
20,21,28079035,07,5
20,21,28079036,07,5
20,21,28079038,07,7
20,21,28079039,07,7
20,21,28079040,07,4
20,21,28079047,07,1
20,21,28079048,07,9
20,21,28079049,07,1
20,21,28079050,07,24
20,21,28079054,07,6
20,21,28079055,07,3
20,21,28079056,07,7
20,21,28079057,07,7
20,21,28079058,07,2
20,21,28079059,07,3
20,21,28079060,07,2
20,21,28079004,08,31
20,21,28079008,08,30
20,21,28079011,08,32
20,21,28079016,08,33
20,21,28079017,08,20
20,21,28079018,08,22
20,21,28079024,08,6
20,21,28079027,08,28
20,21,28079035,08,21
20,21,28079036,08,15
20,21,28079038,08,27
20,21,28079039,08,31
20,21,28079040,08,23
20,21,28079047,08,16
20,21,28079048,08,35
20,21,28079049,08,24
20,21,28079050,08,40
20,21,28079054,08,15
20,21,28079055,08,24
20,21,28079056,08,25
20,21,28079057,08,21
20,21,28079058,08,4
20,21,28079059,08,16
20,21,28079060,08,16
20,21,28079008,09,7
20,21,28079024,09,5
20,21,28079038,09,8
20,21,28079047,09,5
20,21,28079048,09,10
20,21,28079050,09,8
20,21,28079008,10,5
20,21,28079018,10,5
20,21,28079024,10,4
20,21,28079036,10,8
20,21,28079038,10,5
20,21,28079040,10,6
20,21,28079047,10,5
20,21,28079048,10,20
20,21,28079050,10,14
20,21,28079055,10,9
20,21,28079057,10,7
20,21,28079060,10,17
20,21,28079008,14,33
20,21,28079016,14,29
20,21,28079017,14,43
20,21,28079018,14,37
20,21,28079024,14,54
20,21,28079027,14,42
20,21,28079035,14,41
20,21,28079039,14,37
20,21,28079049,14,39
20,21,28079054,14,45
20,21,28079056,14,40
20,21,28079058,14,52
20,21,28079059,14,37
20,21,28079060,14,46
20,21,28079008,20,1.3
20,21,28079011,20,1.5
20,21,28079018,20,0.3
20,21,28079024,20,0.3
20,21,28079038,20,0.8
20,21,28079055,20,0.6
20,21,28079008,30,0.7
20,21,28079011,30,1.3
20,21,28079018,30,0.2
20,21,28079024,30,0.5
20,21,28079038,30,0.4
20,21,28079055,30,0.2
20,21,28079008,35,0.7
20,21,28079011,35,1
20,21,28079018,35,1
20,21,28079024,35,0.3
20,21,28079038,35,0.3
20,21,28079055,35,1
20,21,28079024,42,1.32
20,21,28079027,42,1.23
20,21,28079055,42,1.43
20,21,28079024,44,0.24
20,21,28079027,44,0.14
20,21,28079055,44,0.13
20,22,28079004,01,3
20,22,28079008,01,3
20,22,28079017,01,3
20,22,28079018,01,2
20,22,28079024,01,1
20,22,28079035,01,3
20,22,28079036,01,1
20,22,28079038,01,3
20,22,28079040,01,3
20,22,28079057,01,4
20,22,28079004,06,0.3
20,22,28079008,06,0.3
20,22,28079016,06,0.3
20,22,28079018,06,0.3
20,22,28079024,06,0.2
20,22,28079035,06,0.3
20,22,28079036,06,0.2
20,22,28079039,06,0.3
20,22,28079056,06,0.2
20,22,28079057,06,0.3
20,22,28079004,07,8
20,22,28079008,07,16
20,22,28079011,07,1
20,22,28079016,07,8
20,22,28079017,07,4
20,22,28079018,07,4
20,22,28079024,07,1
20,22,28079027,07,2
20,22,28079035,07,6
20,22,28079036,07,4
20,22,28079038,07,7
20,22,28079039,07,11
20,22,28079040,07,5
20,22,28079047,07,1
20,22,28079048,07,8
20,22,28079049,07,1
20,22,28079050,07,14
20,22,28079054,07,6
20,22,28079055,07,2
20,22,28079056,07,15
20,22,28079057,07,5
20,22,28079058,07,2
20,22,28079059,07,3
20,22,28079060,07,2
20,22,28079004,08,38
20,22,28079008,08,33
20,22,28079011,08,33
20,22,28079016,08,35
20,22,28079017,08,30
20,22,28079018,08,29
20,22,28079024,08,8
20,22,28079027,08,23
20,22,28079035,08,27
20,22,28079036,08,15
20,22,28079038,08,32
20,22,28079039,08,34
20,22,28079040,08,29
20,22,28079047,08,18
20,22,28079048,08,36
20,22,28079049,08,17
20,22,28079050,08,40
20,22,28079054,08,14
20,22,28079055,08,23
20,22,28079056,08,30
20,22,28079057,08,27
20,22,28079058,08,3
20,22,28079059,08,13
20,22,28079060,08,19
20,22,28079008,09,6
20,22,28079024,09,4
20,22,28079038,09,6
20,22,28079047,09,4
20,22,28079048,09,7
20,22,28079050,09,7
20,22,28079008,10,4
20,22,28079018,10,5
20,22,28079024,10,4
20,22,28079036,10,6
20,22,28079038,10,5
20,22,28079040,10,5
20,22,28079047,10,4
20,22,28079048,10,14
20,22,28079050,10,9
20,22,28079055,10,6
20,22,28079057,10,6
20,22,28079060,10,7
20,22,28079008,14,30
20,22,28079016,14,28
20,22,28079017,14,34
20,22,28079018,14,32
20,22,28079024,14,51
20,22,28079027,14,45
20,22,28079035,14,34
20,22,28079039,14,33
20,22,28079049,14,42
20,22,28079054,14,37
20,22,28079056,14,21
20,22,28079058,14,53
20,22,28079059,14,38
20,22,28079060,14,42
20,22,28079008,20,1.7
20,22,28079011,20,1.8
20,22,28079018,20,0.4
20,22,28079024,20,0.3
20,22,28079038,20,1.3
20,22,28079055,20,0.6
20,22,28079008,30,0.9
20,22,28079011,30,1.4
20,22,28079018,30,0.2
20,22,28079024,30,0.5
20,22,28079038,30,0.6
20,22,28079055,30,0.2
20,22,28079008,35,0.6
20,22,28079011,35,1
20,22,28079018,35,1
20,22,28079024,35,0.3
20,22,28079038,35,0.4
20,22,28079055,35,1
20,22,28079024,42,1.32
20,22,28079027,42,1.23
20,22,28079055,42,1.43
20,22,28079024,44,0.24
20,22,28079027,44,0.14
20,22,28079055,44,0.13
20,23,28079004,01,2
20,23,28079008,01,2
20,23,28079017,01,3
20,23,28079018,01,2
20,23,28079024,01,1
20,23,28079035,01,3
20,23,28079036,01,1
20,23,28079038,01,3
20,23,28079040,01,3
20,23,28079057,01,4
20,23,28079004,06,0.3
20,23,28079008,06,0.3
20,23,28079016,06,0.3
20,23,28079018,06,0.3
20,23,28079024,06,0.2
20,23,28079035,06,0.3
20,23,28079036,06,0.2
20,23,28079039,06,0.2
20,23,28079056,06,0.2
20,23,28079057,06,0.3
20,23,28079004,07,10
20,23,28079008,07,8
20,23,28079011,07,2
20,23,28079016,07,6
20,23,28079017,07,4
20,23,28079018,07,3
20,23,28079024,07,1
20,23,28079027,07,1
20,23,28079035,07,4
20,23,28079036,07,4
20,23,28079038,07,5
20,23,28079039,07,3
20,23,28079040,07,2
20,23,28079047,07,1
20,23,28079048,07,5
20,23,28079049,07,1
20,23,28079050,07,11
20,23,28079054,07,5
20,23,28079055,07,2
20,23,28079056,07,17
20,23,28079057,07,1
20,23,28079058,07,2
20,23,28079059,07,3
20,23,28079060,07,1
20,23,28079004,08,30
20,23,28079008,08,23
20,23,28079011,08,37
20,23,28079016,08,37
20,23,28079017,08,23
20,23,28079018,08,24
20,23,28079024,08,12
20,23,28079027,08,24
20,23,28079035,08,22
20,23,28079036,08,15
20,23,28079038,08,31
20,23,28079039,08,29
20,23,28079040,08,27
20,23,28079047,08,20
20,23,28079048,08,31
20,23,28079049,08,20
20,23,28079050,08,33
20,23,28079054,08,10
20,23,28079055,08,33
20,23,28079056,08,37
20,23,28079057,08,23
20,23,28079058,08,3
20,23,28079059,08,15
20,23,28079060,08,18
20,23,28079008,09,5
20,23,28079024,09,3
20,23,28079038,09,5
20,23,28079047,09,3
20,23,28079048,09,4
20,23,28079050,09,6
20,23,28079008,10,3
20,23,28079018,10,4
20,23,28079024,10,3
20,23,28079036,10,3
20,23,28079038,10,4
20,23,28079040,10,5
20,23,28079047,10,4
20,23,28079048,10,9
20,23,28079050,10,6
20,23,28079055,10,5
20,23,28079057,10,4
20,23,28079060,10,7
20,23,28079008,14,35
20,23,28079016,14,25
20,23,28079017,14,35
20,23,28079018,14,35
20,23,28079024,14,49
20,23,28079027,14,43
20,23,28079035,14,38
20,23,28079039,14,36
20,23,28079049,14,38
20,23,28079054,14,43
20,23,28079056,14,29
20,23,28079058,14,51
20,23,28079059,14,35
20,23,28079060,14,44
20,23,28079008,20,1.9
20,23,28079011,20,3
20,23,28079018,20,0.4
20,23,28079024,20,0.3
20,23,28079038,20,1.4
20,23,28079055,20,0.7
20,23,28079008,30,0.7
20,23,28079011,30,1.8
20,23,28079018,30,0.2
20,23,28079024,30,0.5
20,23,28079038,30,0.6
20,23,28079055,30,0.3
20,23,28079008,35,0.5
20,23,28079011,35,0.7
20,23,28079018,35,1
20,23,28079024,35,0.3
20,23,28079038,35,0.2
20,23,28079055,35,1
20,23,28079024,42,1.33
20,23,28079027,42,1.23
20,23,28079055,42,1.45
20,23,28079024,44,0.24
20,23,28079027,44,0.14
20,23,28079055,44,0.14
20,24,28079004,01,2
20,24,28079008,01,3
20,24,28079017,01,3
20,24,28079018,01,2
20,24,28079024,01,1
20,24,28079035,01,2
20,24,28079036,01,1
20,24,28079038,01,2
20,24,28079040,01,3
20,24,28079057,01,4
20,24,28079004,06,0.3
20,24,28079008,06,0.3
20,24,28079016,06,0.3
20,24,28079018,06,0.3
20,24,28079024,06,0.2
20,24,28079035,06,0.3
20,24,28079036,06,0.2
20,24,28079039,06,0.2
20,24,28079056,06,0.2
20,24,28079057,06,0.3
20,24,28079004,07,6
20,24,28079008,07,12
20,24,28079011,07,1
20,24,28079016,07,7
20,24,28079017,07,3
20,24,28079018,07,1
20,24,28079024,07,1
20,24,28079027,07,1
20,24,28079035,07,4
20,24,28079036,07,3
20,24,28079038,07,4
20,24,28079039,07,2
20,24,28079040,07,2
20,24,28079047,07,1
20,24,28079048,07,4
20,24,28079049,07,1
20,24,28079050,07,11
20,24,28079054,07,6
20,24,28079055,07,3
20,24,28079056,07,7
20,24,28079057,07,1
20,24,28079058,07,1
20,24,28079059,07,3
20,24,28079060,07,1
20,24,28079004,08,26
20,24,28079008,08,30
20,24,28079011,08,22
20,24,28079016,08,41
20,24,28079017,08,25
20,24,28079018,08,19
20,24,28079024,08,4
20,24,28079027,08,26
20,24,28079035,08,19
20,24,28079036,08,16
20,24,28079038,08,18
20,24,28079039,08,19
20,24,28079040,08,27
20,24,28079047,08,22
20,24,28079048,08,24
20,24,28079049,08,21
20,24,28079050,08,23
20,24,28079054,08,10
20,24,28079055,08,38
20,24,28079056,08,24
20,24,28079057,08,15
20,24,28079058,08,3
20,24,28079059,08,18
20,24,28079060,08,10
20,24,28079008,09,6
20,24,28079024,09,3
20,24,28079038,09,3
20,24,28079047,09,4
20,24,28079048,09,3
20,24,28079050,09,4
20,24,28079008,10,4
20,24,28079018,10,3
20,24,28079024,10,2
20,24,28079036,10,4
20,24,28079038,10,2
20,24,28079040,10,5
20,24,28079047,10,4
20,24,28079048,10,5
20,24,28079050,10,5
20,24,28079055,10,6
20,24,28079057,10,3
20,24,28079060,10,4
20,24,28079008,14,30
20,24,28079016,14,21
20,24,28079017,14,30
20,24,28079018,14,38
20,24,28079024,14,54
20,24,28079027,14,38
20,24,28079035,14,41
20,24,28079039,14,45
20,24,28079049,14,37
20,24,28079054,14,40
20,24,28079056,14,38
20,24,28079058,14,52
20,24,28079059,14,31
20,24,28079060,14,51
20,24,28079008,20,1.4
20,24,28079011,20,2.5
20,24,28079018,20,0.6
20,24,28079024,20,0.3
20,24,28079038,20,1.1
20,24,28079055,20,0.7
20,24,28079008,30,0.6
20,24,28079011,30,1.5
20,24,28079018,30,0.2
20,24,28079024,30,0.5
20,24,28079038,30,0.5
20,24,28079055,30,0.3
20,24,28079008,35,0.6
20,24,28079011,35,1
20,24,28079018,35,1
20,24,28079024,35,0.3
20,24,28079038,35,0.3
20,24,28079055,35,1
20,24,28079024,42,1.32
20,24,28079027,42,1.27
20,24,28079055,42,1.54
20,24,28079024,44,0.24
20,24,28079027,44,0.15
20,24,28079055,44,0.15
20,3,28079004,01,3
20,3,28079008,01,3
20,3,28079017,01,3
20,3,28079018,01,2
20,3,28079024,01,1
20,3,28079035,01,3
20,3,28079036,01,1
20,3,28079038,01,2
20,3,28079040,01,2
20,3,28079057,01,3
20,3,28079004,06,0.3
20,3,28079008,06,0.3
20,3,28079016,06,0.2
20,3,28079018,06,0.2
20,3,28079024,06,0.2
20,3,28079035,06,0.3
20,3,28079036,06,0.2
20,3,28079039,06,0.2
20,3,28079056,06,0.2
20,3,28079057,06,0.3
20,3,28079004,07,4
20,3,28079008,07,8
20,3,28079011,07,1
20,3,28079016,07,1
20,3,28079017,07,1
20,3,28079018,07,1
20,3,28079024,07,1
20,3,28079027,07,1
20,3,28079035,07,4
20,3,28079036,07,1
20,3,28079038,07,4
20,3,28079039,07,1
20,3,28079040,07,1
20,3,28079047,07,1
20,3,28079048,07,2
20,3,28079049,07,1
20,3,28079050,07,7
20,3,28079054,07,3
20,3,28079055,07,1
20,3,28079056,07,2
20,3,28079057,07,1
20,3,28079058,07,1
20,3,28079059,07,1
20,3,28079060,07,1
20,3,28079004,08,13
20,3,28079008,08,21
20,3,28079011,08,19
20,3,28079016,08,5
20,3,28079017,08,6
20,3,28079018,08,4
20,3,28079024,08,1
20,3,28079027,08,2
20,3,28079035,08,14
20,3,28079036,08,2
20,3,28079038,08,9
20,3,28079039,08,5
20,3,28079040,08,5
20,3,28079047,08,5
20,3,28079048,08,9
20,3,28079049,08,9
20,3,28079050,08,11
20,3,28079054,08,1
20,3,28079055,08,3
20,3,28079056,08,10
20,3,28079057,08,4
20,3,28079058,08,1
20,3,28079059,08,1
20,3,28079060,08,4
20,3,28079008,09,4
20,3,28079024,09,3
20,3,28079038,09,6
20,3,28079047,09,4
20,3,28079048,09,4
20,3,28079050,09,6
20,3,28079008,10,4
20,3,28079018,10,6
20,3,28079024,10,5
20,3,28079036,10,5
20,3,28079038,10,5
20,3,28079040,10,5
20,3,28079047,10,5
20,3,28079048,10,7
20,3,28079050,10,8
20,3,28079055,10,4
20,3,28079057,10,9
20,3,28079060,10,5
20,3,28079008,14,49
20,3,28079016,14,54
20,3,28079017,14,62
20,3,28079018,14,60
20,3,28079024,14,42
20,3,28079027,14,70
20,3,28079035,14,57
20,3,28079039,14,65
20,3,28079049,14,61
20,3,28079054,14,64
20,3,28079056,14,61
20,3,28079058,14,67
20,3,28079059,14,54
20,3,28079060,14,64
20,3,28079008,20,1
20,3,28079011,20,1.1
20,3,28079018,20,0.1
20,3,28079024,20,0.2
20,3,28079038,20,0.4
20,3,28079055,20,1
20,3,28079008,30,0.4
20,3,28079011,30,1.1
20,3,28079018,30,0.2
20,3,28079024,30,0.4
20,3,28079038,30,0.3
20,3,28079055,30,0.2
20,3,28079008,35,0.6
20,3,28079011,35,1
20,3,28079018,35,1
20,3,28079024,35,0.3
20,3,28079038,35,1
20,3,28079055,35,1
20,3,28079024,42,1.33
20,3,28079027,42,1.2
20,3,28079055,42,1.42
20,3,28079024,44,0.26
20,3,28079027,44,0.13
20,3,28079055,44,0.13
20,4,28079004,01,3
20,4,28079008,01,2
20,4,28079017,01,3
20,4,28079018,01,2
20,4,28079024,01,1
20,4,28079035,01,2
20,4,28079036,01,1
20,4,28079038,01,2
20,4,28079040,01,2
20,4,28079057,01,3
20,4,28079004,06,0.3
20,4,28079008,06,0.3
20,4,28079016,06,0.2
20,4,28079018,06,0.2
20,4,28079024,06,0.2
20,4,28079035,06,0.3
20,4,28079036,06,0.2
20,4,28079039,06,0.2
20,4,28079056,06,0.2
20,4,28079057,06,0.3
20,4,28079004,07,6
20,4,28079008,07,8
20,4,28079011,07,2
20,4,28079016,07,1
20,4,28079017,07,2
20,4,28079018,07,1
20,4,28079024,07,1
20,4,28079027,07,1
20,4,28079035,07,8
20,4,28079036,07,2
20,4,28079038,07,4
20,4,28079039,07,1
20,4,28079040,07,1
20,4,28079047,07,1
20,4,28079048,07,3
20,4,28079049,07,1
20,4,28079050,07,7
20,4,28079054,07,3
20,4,28079055,07,1
20,4,28079056,07,1
20,4,28079057,07,1
20,4,28079058,07,2
20,4,28079059,07,1
20,4,28079060,07,1
20,4,28079004,08,17
20,4,28079008,08,22
20,4,28079011,08,24
20,4,28079016,08,6
20,4,28079017,08,7
20,4,28079018,08,3
20,4,28079024,08,1
20,4,28079027,08,3
20,4,28079035,08,20
20,4,28079036,08,3
20,4,28079038,08,9
20,4,28079039,08,5
20,4,28079040,08,6
20,4,28079047,08,6
20,4,28079048,08,10
20,4,28079049,08,9
20,4,28079050,08,10
20,4,28079054,08,3
20,4,28079055,08,4
20,4,28079056,08,7
20,4,28079057,08,5
20,4,28079058,08,1
20,4,28079059,08,1
20,4,28079060,08,5
20,4,28079008,09,6
20,4,28079024,09,5
20,4,28079038,09,11
20,4,28079047,09,5
20,4,28079048,09,13
20,4,28079050,09,7
20,4,28079008,10,6
20,4,28079018,10,8
20,4,28079024,10,7
20,4,28079036,10,11
20,4,28079038,10,7
20,4,28079040,10,7
20,4,28079047,10,6
20,4,28079048,10,14
20,4,28079050,10,10
20,4,28079055,10,13
20,4,28079057,10,12
20,4,28079060,10,6
20,4,28079008,14,45
20,4,28079016,14,50
20,4,28079017,14,61
20,4,28079018,14,60
20,4,28079024,14,67
20,4,28079027,14,67
20,4,28079035,14,49
20,4,28079039,14,62
20,4,28079049,14,58
20,4,28079054,14,61
20,4,28079056,14,62
20,4,28079058,14,64
20,4,28079059,14,54
20,4,28079060,14,61
20,4,28079008,20,0.8
20,4,28079011,20,1.1
20,4,28079018,20,0.1
20,4,28079024,20,0.2
20,4,28079038,20,0.4
20,4,28079055,20,0.9
20,4,28079008,30,0.4
20,4,28079011,30,1.2
20,4,28079018,30,0.2
20,4,28079024,30,0.5
20,4,28079038,30,0.3
20,4,28079055,30,0.2
20,4,28079008,35,0.7
20,4,28079011,35,1
20,4,28079018,35,1
20,4,28079024,35,0.4
20,4,28079038,35,1
20,4,28079055,35,1
20,4,28079024,42,1.34
20,4,28079027,42,1.21
20,4,28079055,42,1.43
20,4,28079024,44,0.26
20,4,28079027,44,0.13
20,4,28079055,44,0.13
20,5,28079004,01,3
20,5,28079008,01,2
20,5,28079017,01,3
20,5,28079018,01,2
20,5,28079024,01,1
20,5,28079035,01,2
20,5,28079036,01,1
20,5,28079038,01,2
20,5,28079040,01,2
20,5,28079057,01,3
20,5,28079004,06,0.3
20,5,28079008,06,0.3
20,5,28079016,06,0.3
20,5,28079018,06,0.2
20,5,28079024,06,0.2
20,5,28079035,06,0.3
20,5,28079036,06,0.2
20,5,28079039,06,0.2
20,5,28079056,06,0.2
20,5,28079057,06,0.3
20,5,28079004,07,5
20,5,28079008,07,5
20,5,28079011,07,1
20,5,28079016,07,1
20,5,28079017,07,1
20,5,28079018,07,1
20,5,28079024,07,1
20,5,28079027,07,1
20,5,28079035,07,6
20,5,28079036,07,1
20,5,28079038,07,5
20,5,28079039,07,1
20,5,28079040,07,1
20,5,28079047,07,1
20,5,28079048,07,2
20,5,28079049,07,1
20,5,28079050,07,6
20,5,28079054,07,3
20,5,28079055,07,1
20,5,28079056,07,1
20,5,28079057,07,1
20,5,28079058,07,1
20,5,28079059,07,1
20,5,28079060,07,1
20,5,28079004,08,14
20,5,28079008,08,18
20,5,28079011,08,25
20,5,28079016,08,7
20,5,28079017,08,5
20,5,28079018,08,3
20,5,28079024,08,1
20,5,28079027,08,3
20,5,28079035,08,17
20,5,28079036,08,3
20,5,28079038,08,9
20,5,28079039,08,7
20,5,28079040,08,7
20,5,28079047,08,5
20,5,28079048,08,9
20,5,28079049,08,9
20,5,28079050,08,9
20,5,28079054,08,3
20,5,28079055,08,5
20,5,28079056,08,6
20,5,28079057,08,4
20,5,28079058,08,1
20,5,28079059,08,1
20,5,28079060,08,5
20,5,28079008,09,5
20,5,28079024,09,3
20,5,28079038,09,7
20,5,28079047,09,4
20,5,28079048,09,5
20,5,28079050,09,6
20,5,28079008,10,4
20,5,28079018,10,5
20,5,28079024,10,5
20,5,28079036,10,5
20,5,28079038,10,5
20,5,28079040,10,5
20,5,28079047,10,5
20,5,28079048,10,5
20,5,28079050,10,8
20,5,28079055,10,7
20,5,28079057,10,8
20,5,28079060,10,3
20,5,28079008,14,45
20,5,28079016,14,48
20,5,28079017,14,59
20,5,28079018,14,57
20,5,28079024,14,65
20,5,28079027,14,63
20,5,28079035,14,49
20,5,28079039,14,59
20,5,28079049,14,55
20,5,28079054,14,58
20,5,28079056,14,60
20,5,28079058,14,62
20,5,28079059,14,53
20,5,28079060,14,58
20,5,28079008,20,0.8
20,5,28079011,20,1.3
20,5,28079018,20,0.1
20,5,28079024,20,0.3
20,5,28079038,20,0.4
20,5,28079055,20,1
20,5,28079008,30,0.4
20,5,28079011,30,1.3
20,5,28079018,30,0.1
20,5,28079024,30,0.5
20,5,28079038,30,0.3
20,5,28079055,30,0.2
20,5,28079008,35,0.4
20,5,28079011,35,1
20,5,28079018,35,1
20,5,28079024,35,0.4
20,5,28079038,35,1
20,5,28079055,35,1
20,5,28079024,42,1.35
20,5,28079027,42,1.22
20,5,28079055,42,1.43
20,5,28079024,44,0.26
20,5,28079027,44,0.15
20,5,28079055,44,0.13
20,6,28079004,01,2
20,6,28079008,01,2
20,6,28079017,01,3
20,6,28079018,01,2
20,6,28079024,01,1
20,6,28079035,01,2
20,6,28079036,01,1
20,6,28079038,01,2
20,6,28079040,01,2
20,6,28079057,01,3
20,6,28079004,06,0.3
20,6,28079008,06,0.3
20,6,28079016,06,0.3
20,6,28079018,06,0.2
20,6,28079024,06,0.2
20,6,28079035,06,0.3
20,6,28079036,06,0.2
20,6,28079039,06,0.2
20,6,28079056,06,0.2
20,6,28079057,06,0.3
20,6,28079004,07,3
20,6,28079008,07,5
20,6,28079011,07,1
20,6,28079016,07,1
20,6,28079017,07,1
20,6,28079018,07,1
20,6,28079024,07,1
20,6,28079027,07,1
20,6,28079035,07,8
20,6,28079036,07,1
20,6,28079038,07,3
20,6,28079039,07,1
20,6,28079040,07,1
20,6,28079047,07,1
20,6,28079048,07,2
20,6,28079049,07,1
20,6,28079050,07,12
20,6,28079054,07,3
20,6,28079055,07,1
20,6,28079056,07,3
20,6,28079057,07,1
20,6,28079058,07,1
20,6,28079059,07,1
20,6,28079060,07,1
20,6,28079004,08,12
20,6,28079008,08,17
20,6,28079011,08,22
20,6,28079016,08,5
20,6,28079017,08,4
20,6,28079018,08,4
20,6,28079024,08,1
20,6,28079027,08,6
20,6,28079035,08,17
20,6,28079036,08,2
20,6,28079038,08,7
20,6,28079039,08,5
20,6,28079040,08,7
20,6,28079047,08,6
20,6,28079048,08,8
20,6,28079049,08,8
20,6,28079050,08,11
20,6,28079054,08,4
20,6,28079055,08,4
20,6,28079056,08,14
20,6,28079057,08,4
20,6,28079058,08,1
20,6,28079059,08,1
20,6,28079060,08,5
20,6,28079008,09,4
20,6,28079024,09,3
20,6,28079038,09,4
20,6,28079047,09,3
20,6,28079048,09,2
20,6,28079050,09,5
20,6,28079008,10,3
20,6,28079018,10,5
20,6,28079024,10,4
20,6,28079036,10,4
20,6,28079038,10,3
20,6,28079040,10,3
20,6,28079047,10,3
20,6,28079048,10,5
20,6,28079050,10,7
20,6,28079055,10,6
20,6,28079057,10,7
20,6,28079060,10,3
20,6,28079008,14,46
20,6,28079016,14,48
20,6,28079017,14,58
20,6,28079018,14,55
20,6,28079024,14,64
20,6,28079027,14,58
20,6,28079035,14,49
20,6,28079039,14,59
20,6,28079049,14,55
20,6,28079054,14,56
20,6,28079056,14,53
20,6,28079058,14,63
20,6,28079059,14,55
20,6,28079060,14,58
20,6,28079008,20,0.8
20,6,28079011,20,1.1
20,6,28079018,20,0.1
20,6,28079024,20,0.3
20,6,28079038,20,0.4
20,6,28079055,20,0.3
20,6,28079008,30,0.4
20,6,28079011,30,1.2
20,6,28079018,30,0.1
20,6,28079024,30,0.5
20,6,28079038,30,0.3
20,6,28079055,30,0.2
20,6,28079008,35,0.6
20,6,28079011,35,1
20,6,28079018,35,1
20,6,28079024,35,0.3
20,6,28079038,35,1
20,6,28079055,35,1
20,6,28079024,42,1.35
20,6,28079027,42,1.23
20,6,28079055,42,1.44
20,6,28079024,44,0.27
20,6,28079027,44,0.14
20,6,28079055,44,0.13
20,7,28079004,01,3
20,7,28079008,01,2
20,7,28079017,01,3
20,7,28079018,01,2
20,7,28079024,01,1
20,7,28079035,01,2
20,7,28079036,01,1
20,7,28079038,01,2
20,7,28079040,01,2
20,7,28079057,01,3
20,7,28079004,06,0.3
20,7,28079008,06,0.2
20,7,28079016,06,0.2
20,7,28079018,06,0.2
20,7,28079024,06,0.2
20,7,28079035,06,0.3
20,7,28079036,06,0.2
20,7,28079039,06,0.2
20,7,28079056,06,0.2
20,7,28079057,06,0.3
20,7,28079004,07,4
20,7,28079008,07,5
20,7,28079011,07,1
20,7,28079016,07,1
20,7,28079017,07,1
20,7,28079018,07,1
20,7,28079024,07,1
20,7,28079027,07,1
20,7,28079035,07,7
20,7,28079036,07,1
20,7,28079038,07,3
20,7,28079039,07,1
20,7,28079040,07,1
20,7,28079047,07,1
20,7,28079048,07,2
20,7,28079049,07,1
20,7,28079050,07,8
20,7,28079054,07,3
20,7,28079055,07,1
20,7,28079056,07,1
20,7,28079057,07,1
20,7,28079058,07,2
20,7,28079059,07,1
20,7,28079060,07,1
20,7,28079004,08,14
20,7,28079008,08,16
20,7,28079011,08,22
20,7,28079016,08,8
20,7,28079017,08,4
20,7,28079018,08,4
20,7,28079024,08,1
20,7,28079027,08,7
20,7,28079035,08,15
20,7,28079036,08,2
20,7,28079038,08,8
20,7,28079039,08,7
20,7,28079040,08,8
20,7,28079047,08,5
20,7,28079048,08,7
20,7,28079049,08,7
20,7,28079050,08,12
20,7,28079054,08,4
20,7,28079055,08,6
20,7,28079056,08,7
20,7,28079057,08,6
20,7,28079058,08,1
20,7,28079059,08,3
20,7,28079060,08,6
20,7,28079008,09,4
20,7,28079024,09,4
20,7,28079038,09,7
20,7,28079047,09,4
20,7,28079048,09,4
20,7,28079050,09,5
20,7,28079008,10,3
20,7,28079018,10,4
20,7,28079024,10,5
20,7,28079036,10,4
20,7,28079038,10,5
20,7,28079040,10,5
20,7,28079047,10,5
20,7,28079048,10,6
20,7,28079050,10,7
20,7,28079055,10,5
20,7,28079057,10,6
20,7,28079060,10,4
20,7,28079008,14,50
20,7,28079016,14,47
20,7,28079017,14,61
20,7,28079018,14,60
20,7,28079024,14,68
20,7,28079027,14,60
20,7,28079035,14,54
20,7,28079039,14,60
20,7,28079049,14,60
20,7,28079054,14,58
20,7,28079056,14,62
20,7,28079058,14,65
20,7,28079059,14,53
20,7,28079060,14,60
20,7,28079008,20,0.8
20,7,28079011,20,1.1
20,7,28079018,20,0.2
20,7,28079024,20,0.3
20,7,28079038,20,0.3
20,7,28079055,20,0.6
20,7,28079008,30,0.4
20,7,28079011,30,1.2
20,7,28079018,30,0.1
20,7,28079024,30,0.5
20,7,28079038,30,0.3
20,7,28079055,30,0.2
20,7,28079008,35,0.6
20,7,28079011,35,1
20,7,28079018,35,1
20,7,28079024,35,0.3
20,7,28079038,35,1
20,7,28079055,35,1
20,7,28079024,42,1.34
20,7,28079027,42,1.22
20,7,28079055,42,1.44
20,7,28079024,44,0.27
20,7,28079027,44,0.14
20,7,28079055,44,0.13
20,8,28079004,01,3
20,8,28079008,01,2
20,8,28079017,01,3
20,8,28079018,01,2
20,8,28079024,01,1
20,8,28079035,01,3
20,8,28079036,01,1
20,8,28079038,01,2
20,8,28079040,01,2
20,8,28079057,01,3
20,8,28079004,06,0.2
20,8,28079008,06,0.2
20,8,28079016,06,0.3
20,8,28079018,06,0.2
20,8,28079024,06,0.2
20,8,28079035,06,0.3
20,8,28079036,06,0.2
20,8,28079039,06,0.2
20,8,28079056,06,0.2
20,8,28079057,06,0.3
20,8,28079004,07,2
20,8,28079008,07,4
20,8,28079011,07,1
20,8,28079016,07,1
20,8,28079017,07,1
20,8,28079018,07,1
20,8,28079024,07,1
20,8,28079027,07,2
20,8,28079035,07,9
20,8,28079036,07,1
20,8,28079038,07,2
20,8,28079039,07,1
20,8,28079040,07,1
20,8,28079047,07,1
20,8,28079048,07,1
20,8,28079049,07,1
20,8,28079050,07,9
20,8,28079054,07,3
20,8,28079055,07,1
20,8,28079056,07,1
20,8,28079057,07,1
20,8,28079058,07,2
20,8,28079059,07,2
20,8,28079060,07,1
20,8,28079004,08,11
20,8,28079008,08,18
20,8,28079011,08,17
20,8,28079016,08,10
20,8,28079017,08,4
20,8,28079018,08,4
20,8,28079024,08,1
20,8,28079027,08,13
20,8,28079035,08,23
20,8,28079036,08,3
20,8,28079038,08,8
20,8,28079039,08,9
20,8,28079040,08,7
20,8,28079047,08,6
20,8,28079048,08,9
20,8,28079049,08,8
20,8,28079050,08,15
20,8,28079054,08,4
20,8,28079055,08,10
20,8,28079056,08,10
20,8,28079057,08,8
20,8,28079058,08,1
20,8,28079059,08,7
20,8,28079060,08,9
20,8,28079008,09,5
20,8,28079024,09,4
20,8,28079038,09,7
20,8,28079047,09,4
20,8,28079048,09,6
20,8,28079050,09,5
20,8,28079008,10,4
20,8,28079018,10,5
20,8,28079024,10,5
20,8,28079036,10,6
20,8,28079038,10,5
20,8,28079040,10,5
20,8,28079047,10,5
20,8,28079048,10,8
20,8,28079050,10,7
20,8,28079055,10,8
20,8,28079057,10,8
20,8,28079060,10,12
20,8,28079008,14,49
20,8,28079016,14,48
20,8,28079017,14,64
20,8,28079018,14,60
20,8,28079024,14,68
20,8,28079027,14,55
20,8,28079035,14,48
20,8,28079039,14,51
20,8,28079049,14,60
20,8,28079054,14,61
20,8,28079056,14,62
20,8,28079058,14,66
20,8,28079059,14,51
20,8,28079060,14,59
20,8,28079008,20,0.8
20,8,28079011,20,0.9
20,8,28079018,20,0.4
20,8,28079024,20,0.2
20,8,28079038,20,0.3
20,8,28079055,20,0.3
20,8,28079008,30,0.3
20,8,28079011,30,1
20,8,28079018,30,0.2
20,8,28079024,30,0.4
20,8,28079038,30,0.2
20,8,28079055,30,0.2
20,8,28079008,35,0.6
20,8,28079011,35,1
20,8,28079018,35,1
20,8,28079024,35,0.4
20,8,28079038,35,1
20,8,28079055,35,1
20,8,28079024,42,1.33
20,8,28079027,42,1.22
20,8,28079055,42,1.43
20,8,28079024,44,0.26
20,8,28079027,44,0.14
20,8,28079055,44,0.13
20,9,28079004,01,3
20,9,28079008,01,2
20,9,28079017,01,3
20,9,28079018,01,2
20,9,28079024,01,1
20,9,28079035,01,3
20,9,28079036,01,1
20,9,28079038,01,2
20,9,28079040,01,2
20,9,28079057,01,3
20,9,28079004,06,0.3
20,9,28079008,06,0.3
20,9,28079016,06,0.3
20,9,28079018,06,0.2
20,9,28079024,06,0.2
20,9,28079035,06,0.2
20,9,28079036,06,0.2
20,9,28079039,06,0.2
20,9,28079056,06,0.2
20,9,28079057,06,0.3
20,9,28079004,07,3
20,9,28079008,07,6
20,9,28079011,07,1
20,9,28079016,07,2
20,9,28079017,07,4
20,9,28079018,07,2
20,9,28079024,07,1
20,9,28079027,07,1
20,9,28079035,07,6
20,9,28079036,07,2
20,9,28079038,07,2
20,9,28079039,07,1
20,9,28079040,07,1
20,9,28079047,07,1
20,9,28079048,07,2
20,9,28079049,07,1
20,9,28079050,07,9
20,9,28079054,07,3
20,9,28079055,07,2
20,9,28079056,07,2
20,9,28079057,07,2
20,9,28079058,07,2
20,9,28079059,07,2
20,9,28079060,07,1
20,9,28079004,08,18
20,9,28079008,08,17
20,9,28079011,08,19
20,9,28079016,08,14
20,9,28079017,08,9
20,9,28079018,08,12
20,9,28079024,08,2
20,9,28079027,08,8
20,9,28079035,08,18
20,9,28079036,08,6
20,9,28079038,08,13
20,9,28079039,08,11
20,9,28079040,08,12
20,9,28079047,08,8
20,9,28079048,08,15
20,9,28079049,08,10
20,9,28079050,08,19
20,9,28079054,08,6
20,9,28079055,08,11
20,9,28079056,08,14
20,9,28079057,08,9
20,9,28079058,08,1
20,9,28079059,08,7
20,9,28079060,08,8
20,9,28079008,09,5
20,9,28079024,09,4
20,9,28079038,09,9
20,9,28079047,09,5
20,9,28079048,09,6
20,9,28079050,09,6
20,9,28079008,10,4
20,9,28079018,10,7
20,9,28079024,10,5
20,9,28079036,10,6
20,9,28079038,10,5
20,9,28079040,10,5
20,9,28079047,10,5
20,9,28079048,10,11
20,9,28079050,10,8
20,9,28079055,10,8
20,9,28079057,10,9
20,9,28079060,10,3
20,9,28079008,14,51
20,9,28079016,14,46
20,9,28079017,14,58
20,9,28079018,14,53
20,9,28079024,14,65
20,9,28079027,14,63
20,9,28079035,14,53
20,9,28079039,14,61
20,9,28079049,14,60
20,9,28079054,14,59
20,9,28079056,14,57
20,9,28079058,14,67
20,9,28079059,14,51
20,9,28079060,14,61
20,9,28079008,20,0.7
20,9,28079011,20,1.2
20,9,28079018,20,0.1
20,9,28079024,20,0.2
20,9,28079038,20,0.5
20,9,28079055,20,0.6
20,9,28079008,30,0.3
20,9,28079011,30,1.1
20,9,28079018,30,0.2
20,9,28079024,30,0.4
20,9,28079038,30,0.2
20,9,28079055,30,0.2
20,9,28079008,35,0.3
20,9,28079011,35,1
20,9,28079018,35,1
20,9,28079024,35,0.2
20,9,28079038,35,1
20,9,28079055,35,1
20,9,28079024,42,1.33
20,9,28079027,42,1.21
20,9,28079055,42,1.43
20,9,28079024,44,0.26
20,9,28079027,44,0.13
20,9,28079055,44,0.13
21,1,28079004,01,2
21,1,28079008,01,2
21,1,28079017,01,3
21,1,28079018,01,2
21,1,28079024,01,1
21,1,28079035,01,2
21,1,28079036,01,1
21,1,28079038,01,2
21,1,28079040,01,3
21,1,28079057,01,4
21,1,28079004,06,0.2
21,1,28079008,06,0.3
21,1,28079016,06,0.3
21,1,28079018,06,0.2
21,1,28079024,06,0.2
21,1,28079035,06,0.2
21,1,28079036,06,0.2
21,1,28079039,06,0.2
21,1,28079056,06,0.2
21,1,28079057,06,0.2
21,1,28079004,07,3
21,1,28079008,07,6
21,1,28079011,07,1
21,1,28079016,07,3
21,1,28079017,07,1
21,1,28079018,07,1
21,1,28079024,07,1
21,1,28079027,07,1
21,1,28079035,07,3
21,1,28079036,07,2
21,1,28079038,07,3
21,1,28079039,07,1
21,1,28079040,07,2
21,1,28079047,07,1
21,1,28079048,07,2
21,1,28079049,07,1
21,1,28079050,07,8
21,1,28079054,07,5
21,1,28079055,07,2
21,1,28079056,07,3
21,1,28079057,07,1
21,1,28079058,07,1
21,1,28079059,07,2
21,1,28079060,07,1
21,1,28079004,08,14
21,1,28079008,08,21
21,1,28079011,08,15
21,1,28079016,08,25
21,1,28079017,08,10
21,1,28079018,08,11
21,1,28079024,08,2
21,1,28079027,08,28
21,1,28079035,08,12
21,1,28079036,08,14
21,1,28079038,08,13
21,1,28079039,08,12
21,1,28079040,08,26
21,1,28079047,08,15
21,1,28079048,08,16
21,1,28079049,08,14
21,1,28079050,08,18
21,1,28079054,08,10
21,1,28079055,08,29
21,1,28079056,08,18
21,1,28079057,08,11
21,1,28079058,08,2
21,1,28079059,08,10
21,1,28079060,08,8
21,1,28079008,09,4
21,1,28079024,09,2
21,1,28079038,09,3
21,1,28079047,09,4
21,1,28079048,09,3
21,1,28079050,09,5
21,1,28079008,10,3
21,1,28079018,10,2
21,1,28079024,10,2
21,1,28079036,10,6
21,1,28079038,10,3
21,1,28079040,10,5
21,1,28079047,10,3
21,1,28079048,10,7
21,1,28079050,10,4
21,1,28079055,10,5
21,1,28079057,10,3
21,1,28079060,10,3
21,1,28079008,14,36
21,1,28079016,14,30
21,1,28079017,14,48
21,1,28079018,14,42
21,1,28079024,14,52
21,1,28079027,14,32
21,1,28079035,14,28
21,1,28079039,14,46
21,1,28079049,14,42
21,1,28079054,14,43
21,1,28079056,14,42
21,1,28079058,14,48
21,1,28079059,14,40
21,1,28079060,14,49
21,1,28079008,20,1.5
21,1,28079011,20,1.5
21,1,28079018,20,0.3
21,1,28079024,20,0.3
21,1,28079038,20,0.7
21,1,28079055,20,0.6
21,1,28079008,30,0.6
21,1,28079011,30,1.1
21,1,28079018,30,0.1
21,1,28079024,30,0.4
21,1,28079038,30,0.3
21,1,28079055,30,0.2
21,1,28079008,35,0.5
21,1,28079011,35,1
21,1,28079018,35,1
21,1,28079024,35,0.3
21,1,28079038,35,0.7
21,1,28079055,35,1
21,1,28079024,42,1.32
21,1,28079027,42,1.52
21,1,28079055,42,1.85
21,1,28079024,44,0.23
21,1,28079027,44,0.16
21,1,28079055,44,0.17
21,10,28079004,01,5
21,10,28079017,01,4
21,10,28079018,01,2
21,10,28079024,01,1
21,10,28079035,01,5
21,10,28079036,01,2
21,10,28079038,01,5
21,10,28079040,01,4
21,10,28079057,01,4
21,10,28079004,06,0.5
21,10,28079016,06,0.4
21,10,28079018,06,0.3
21,10,28079024,06,0.2
21,10,28079035,06,0.4
21,10,28079036,06,0.4
21,10,28079039,06,0.3
21,10,28079056,06,0.3
21,10,28079057,06,0.3
21,10,28079004,07,30
21,10,28079011,07,51
21,10,28079016,07,16
21,10,28079017,07,46
21,10,28079018,07,5
21,10,28079024,07,2
21,10,28079027,07,5
21,10,28079035,07,29
21,10,28079036,07,34
21,10,28079038,07,43
21,10,28079039,07,19
21,10,28079040,07,17
21,10,28079047,07,10
21,10,28079048,07,26
21,10,28079049,07,9
21,10,28079050,07,51
21,10,28079054,07,12
21,10,28079055,07,8
21,10,28079056,07,19
21,10,28079057,07,9
21,10,28079058,07,4
21,10,28079059,07,7
21,10,28079060,07,7
21,10,28079004,08,68
21,10,28079011,08,84
21,10,28079016,08,43
21,10,28079017,08,55
21,10,28079018,08,29
21,10,28079024,08,15
21,10,28079027,08,22
21,10,28079035,08,60
21,10,28079036,08,50
21,10,28079038,08,59
21,10,28079039,08,42
21,10,28079040,08,48
21,10,28079047,08,40
21,10,28079048,08,48
21,10,28079049,08,45
21,10,28079050,08,55
21,10,28079054,08,36
21,10,28079055,08,30
21,10,28079056,08,47
21,10,28079057,08,29
21,10,28079058,08,5
21,10,28079059,08,18
21,10,28079060,08,31
21,10,28079024,09,4
21,10,28079038,09,12
21,10,28079047,09,6
21,10,28079048,09,2
21,10,28079050,09,10
21,10,28079018,10,13
21,10,28079024,10,6
21,10,28079036,10,8
21,10,28079038,10,10
21,10,28079040,10,11
21,10,28079047,10,10
21,10,28079048,10,4
21,10,28079050,10,24
21,10,28079055,10,9
21,10,28079057,10,10
21,10,28079060,10,7
21,10,28079016,14,31
21,10,28079017,14,28
21,10,28079018,14,39
21,10,28079024,14,54
21,10,28079027,14,53
21,10,28079035,14,18
21,10,28079039,14,40
21,10,28079049,14,29
21,10,28079054,14,34
21,10,28079056,14,35
21,10,28079058,14,62
21,10,28079059,14,41
21,10,28079060,14,44
21,10,28079011,20,6.8
21,10,28079018,20,1
21,10,28079024,20,0.4
21,10,28079038,20,4.8
21,10,28079055,20,0.9
21,10,28079011,30,3.6
21,10,28079018,30,0.3
21,10,28079024,30,0.5
21,10,28079038,30,1.6
21,10,28079055,30,0.4
21,10,28079011,35,1.1
21,10,28079018,35,0.7
21,10,28079024,35,0.4
21,10,28079038,35,1
21,10,28079055,35,1
21,10,28079024,42,1.33
21,10,28079027,42,1.21
21,10,28079055,42,1.44
21,10,28079024,44,0.26
21,10,28079027,44,0.13
21,10,28079055,44,0.14
21,11,28079004,01,7
21,11,28079017,01,3
21,11,28079018,01,2
21,11,28079024,01,1
21,11,28079035,01,5
21,11,28079036,01,2
21,11,28079038,01,3
21,11,28079040,01,3
21,11,28079057,01,4
21,11,28079004,06,0.5
21,11,28079016,06,0.3
21,11,28079018,06,0.2
21,11,28079024,06,0.2
21,11,28079035,06,0.3
21,11,28079036,06,0.3
21,11,28079039,06,0.2
21,11,28079056,06,0.2
21,11,28079057,06,0.3
21,11,28079004,07,22
21,11,28079011,07,19
21,11,28079016,07,9
21,11,28079017,07,30
21,11,28079018,07,4
21,11,28079024,07,1
21,11,28079027,07,4
21,11,28079035,07,19
21,11,28079036,07,12
21,11,28079038,07,24
21,11,28079039,07,12
21,11,28079040,07,9
21,11,28079047,07,5
21,11,28079048,07,16
21,11,28079049,07,4
21,11,28079050,07,43
21,11,28079054,07,8
21,11,28079055,07,5
21,11,28079056,07,12
21,11,28079057,07,9
21,11,28079058,07,5
21,11,28079059,07,6
21,11,28079060,07,5
21,11,28079004,08,41
21,11,28079011,08,58
21,11,28079016,08,25
21,11,28079017,08,31
21,11,28079018,08,16
21,11,28079024,08,5
21,11,28079027,08,11
21,11,28079035,08,38
21,11,28079036,08,22
21,11,28079038,08,33
21,11,28079039,08,25
21,11,28079040,08,26
21,11,28079047,08,19
21,11,28079048,08,28
21,11,28079049,08,22
21,11,28079050,08,42
21,11,28079054,08,16
21,11,28079055,08,17
21,11,28079056,08,32
21,11,28079057,08,20
21,11,28079058,08,5
21,11,28079059,08,10
21,11,28079060,08,19
21,11,28079024,09,4
21,11,28079038,09,6
21,11,28079047,09,5
21,11,28079048,09,3
21,11,28079050,09,9
21,11,28079018,10,10
21,11,28079024,10,5
21,11,28079036,10,4
21,11,28079038,10,9
21,11,28079040,10,9
21,11,28079047,10,7
21,11,28079048,10,7
21,11,28079050,10,19
21,11,28079055,10,9
21,11,28079057,10,11
21,11,28079060,10,4
21,11,28079016,14,42
21,11,28079017,14,46
21,11,28079018,14,51
21,11,28079024,14,64
21,11,28079027,14,63
21,11,28079035,14,38
21,11,28079039,14,53
21,11,28079049,14,43
21,11,28079054,14,53
21,11,28079056,14,45
21,11,28079058,14,63
21,11,28079059,14,47
21,11,28079060,14,55
21,11,28079011,20,6.7
21,11,28079018,20,0.5
21,11,28079024,20,0.4
21,11,28079038,20,2.5
21,11,28079055,20,1
21,11,28079011,30,2.8
21,11,28079018,30,0.2
21,11,28079024,30,0.5
21,11,28079038,30,0.7
21,11,28079055,30,0.2
21,11,28079011,35,0.9
21,11,28079018,35,1
21,11,28079024,35,0.4
21,11,28079038,35,0.5
21,11,28079055,35,1
21,11,28079024,42,1.33
21,11,28079027,42,1.21
21,11,28079055,42,1.43
21,11,28079024,44,0.25
21,11,28079027,44,0.13
21,11,28079055,44,0.13
21,12,28079004,01,8
21,12,28079017,01,4
21,12,28079018,01,2
21,12,28079024,01,1
21,12,28079035,01,5
21,12,28079036,01,2
21,12,28079038,01,4
21,12,28079040,01,4
21,12,28079057,01,4
21,12,28079004,06,0.4
21,12,28079016,06,0.3
21,12,28079018,06,0.3
21,12,28079024,06,0.2
21,12,28079035,06,0.3
21,12,28079036,06,0.3
21,12,28079039,06,0.2
21,12,28079056,06,0.3
21,12,28079057,06,0.3
21,12,28079004,07,28
21,12,28079011,07,21
21,12,28079016,07,10
21,12,28079017,07,33
21,12,28079018,07,3
21,12,28079024,07,1
21,12,28079027,07,4
21,12,28079035,07,18
21,12,28079036,07,9
21,12,28079038,07,26
21,12,28079039,07,12
21,12,28079040,07,10
21,12,28079047,07,5
21,12,28079048,07,17
21,12,28079049,07,4
21,12,28079050,07,39
21,12,28079054,07,7
21,12,28079055,07,5
21,12,28079056,07,13
21,12,28079057,07,8
21,12,28079058,07,7
21,12,28079059,07,6
21,12,28079060,07,4
21,12,28079004,08,43
21,12,28079011,08,60
21,12,28079016,08,22
21,12,28079017,08,31
21,12,28079018,08,15
21,12,28079024,08,4
21,12,28079027,08,9
21,12,28079035,08,36
21,12,28079036,08,17
21,12,28079038,08,31
21,12,28079039,08,25
21,12,28079040,08,23
21,12,28079047,08,16
21,12,28079048,08,28
21,12,28079049,08,18
21,12,28079050,08,40
21,12,28079054,08,12
21,12,28079055,08,13
21,12,28079056,08,28
21,12,28079057,08,17
21,12,28079058,08,6
21,12,28079059,08,9
21,12,28079060,08,15
21,12,28079024,09,4
21,12,28079038,09,9
21,12,28079047,09,5
21,12,28079048,09,4
21,12,28079050,09,7
21,12,28079018,10,9
21,12,28079024,10,5
21,12,28079036,10,5
21,12,28079038,10,18
21,12,28079040,10,7
21,12,28079047,10,6
21,12,28079048,10,8
21,12,28079050,10,13
21,12,28079055,10,9
21,12,28079057,10,12
21,12,28079060,10,4
21,12,28079016,14,44
21,12,28079017,14,47
21,12,28079018,14,44
21,12,28079024,14,67
21,12,28079027,14,66
21,12,28079035,14,41
21,12,28079039,14,52
21,12,28079049,14,47
21,12,28079054,14,56
21,12,28079056,14,51
21,12,28079058,14,63
21,12,28079059,14,50
21,12,28079060,14,58
21,12,28079011,20,4.9
21,12,28079018,20,0.3
21,12,28079024,20,0.3
21,12,28079038,20,2.6
21,12,28079055,20,1
21,12,28079011,30,2.3
21,12,28079018,30,0.1
21,12,28079024,30,0.5
21,12,28079038,30,0.8
21,12,28079055,30,0.3
21,12,28079011,35,0.4
21,12,28079018,35,1
21,12,28079024,35,0.3
21,12,28079038,35,0.5
21,12,28079055,35,1
21,12,28079024,42,1.33
21,12,28079027,42,1.21
21,12,28079055,42,1.43
21,12,28079024,44,0.26
21,12,28079027,44,0.13
21,12,28079055,44,0.13
21,13,28079004,01,9
21,13,28079017,01,4
21,13,28079018,01,2
21,13,28079024,01,1
21,13,28079035,01,5
21,13,28079036,01,2
21,13,28079038,01,4
21,13,28079040,01,4
21,13,28079057,01,5
21,13,28079004,06,0.4
21,13,28079016,06,0.3
21,13,28079018,06,0.2
21,13,28079024,06,0.2
21,13,28079035,06,0.3
21,13,28079036,06,0.3
21,13,28079039,06,0.2
21,13,28079056,06,0.2
21,13,28079057,06,0.3
21,13,28079004,07,27
21,13,28079011,07,19
21,13,28079016,07,9
21,13,28079017,07,23
21,13,28079018,07,4
21,13,28079024,07,1
21,13,28079027,07,5
21,13,28079035,07,18
21,13,28079036,07,10
21,13,28079038,07,22
21,13,28079039,07,17
21,13,28079040,07,8
21,13,28079047,07,6
21,13,28079048,07,18
21,13,28079049,07,4
21,13,28079050,07,42
21,13,28079054,07,6
21,13,28079055,07,5
21,13,28079056,07,13
21,13,28079057,07,9
21,13,28079058,07,4
21,13,28079059,07,6
21,13,28079060,07,3
21,13,28079004,08,45
21,13,28079011,08,58
21,13,28079016,08,20
21,13,28079017,08,25
21,13,28079018,08,15
21,13,28079024,08,3
21,13,28079027,08,10
21,13,28079035,08,32
21,13,28079036,08,16
21,13,28079038,08,28
21,13,28079039,08,26
21,13,28079040,08,17
21,13,28079047,08,15
21,13,28079048,08,26
21,13,28079049,08,15
21,13,28079050,08,41
21,13,28079054,08,9
21,13,28079055,08,10
21,13,28079056,08,25
21,13,28079057,08,17
21,13,28079058,08,3
21,13,28079059,08,8
21,13,28079060,08,13
21,13,28079024,09,3
21,13,28079038,09,5
21,13,28079047,09,3
21,13,28079048,09,2
21,13,28079050,09,5
21,13,28079018,10,7
21,13,28079024,10,4
21,13,28079036,10,3
21,13,28079038,10,7
21,13,28079040,10,6
21,13,28079047,10,8
21,13,28079048,10,8
21,13,28079050,10,8
21,13,28079055,10,5
21,13,28079057,10,9
21,13,28079060,10,3
21,13,28079016,14,44
21,13,28079017,14,51
21,13,28079018,14,44
21,13,28079024,14,67
21,13,28079027,14,65
21,13,28079035,14,44
21,13,28079039,14,52
21,13,28079049,14,58
21,13,28079054,14,59
21,13,28079056,14,53
21,13,28079058,14,65
21,13,28079059,14,49
21,13,28079060,14,60
21,13,28079011,20,6.1
21,13,28079018,20,0.7
21,13,28079024,20,0.3
21,13,28079055,20,0.6
21,13,28079011,30,2.7
21,13,28079018,30,0.2
21,13,28079024,30,0.4
21,13,28079055,30,0.2
21,13,28079011,35,0.6
21,13,28079018,35,1
21,13,28079024,35,0.3
21,13,28079055,35,0.9
21,13,28079024,42,1.33
21,13,28079027,42,1.21
21,13,28079055,42,1.43
21,13,28079024,44,0.26
21,13,28079027,44,0.13
21,13,28079055,44,0.14
21,14,28079004,01,9
21,14,28079017,01,3
21,14,28079018,01,2
21,14,28079024,01,1
21,14,28079035,01,5
21,14,28079036,01,2
21,14,28079038,01,3
21,14,28079040,01,5
21,14,28079057,01,6
21,14,28079004,06,0.4
21,14,28079016,06,0.3
21,14,28079018,06,0.2
21,14,28079024,06,0.2
21,14,28079035,06,0.3
21,14,28079036,06,0.3
21,14,28079039,06,0.2
21,14,28079056,06,0.2
21,14,28079057,06,0.3
21,14,28079004,07,23
21,14,28079011,07,18
21,14,28079016,07,9
21,14,28079017,07,7
21,14,28079018,07,4
21,14,28079024,07,1
21,14,28079027,07,4
21,14,28079035,07,16
21,14,28079036,07,10
21,14,28079038,07,20
21,14,28079039,07,19
21,14,28079040,07,8
21,14,28079047,07,5
21,14,28079048,07,22
21,14,28079049,07,3
21,14,28079050,07,44
21,14,28079054,07,6
21,14,28079055,07,5
21,14,28079056,07,11
21,14,28079057,07,7
21,14,28079058,07,4
21,14,28079059,07,6
21,14,28079060,07,4
21,14,28079004,08,41
21,14,28079011,08,54
21,14,28079016,08,20
21,14,28079017,08,16
21,14,28079018,08,13
21,14,28079024,08,1
21,14,28079027,08,8
21,14,28079035,08,29
21,14,28079036,08,16
21,14,28079038,08,27
21,14,28079039,08,27
21,14,28079040,08,18
21,14,28079047,08,12
21,14,28079048,08,31
21,14,28079049,08,14
21,14,28079050,08,41
21,14,28079054,08,10
21,14,28079055,08,10
21,14,28079056,08,23
21,14,28079057,08,15
21,14,28079058,08,4
21,14,28079059,08,8
21,14,28079060,08,14
21,14,28079024,09,2
21,14,28079038,09,2
21,14,28079047,09,3
21,14,28079048,09,1
21,14,28079050,09,8
21,14,28079018,10,6
21,14,28079024,10,3
21,14,28079036,10,5
21,14,28079038,10,8
21,14,28079040,10,7
21,14,28079047,10,5
21,14,28079048,10,6
21,14,28079050,10,9
21,14,28079055,10,4
21,14,28079057,10,6
21,14,28079060,10,4
21,14,28079016,14,45
21,14,28079017,14,58
21,14,28079018,14,55
21,14,28079024,14,69
21,14,28079027,14,68
21,14,28079035,14,47
21,14,28079039,14,53
21,14,28079049,14,60
21,14,28079054,14,58
21,14,28079056,14,54
21,14,28079058,14,66
21,14,28079059,14,51
21,14,28079060,14,61
21,14,28079011,20,6.1
21,14,28079018,20,0.7
21,14,28079024,20,0.3
21,14,28079055,20,0.6
21,14,28079011,30,2.6
21,14,28079018,30,0.2
21,14,28079024,30,0.4
21,14,28079055,30,0.2
21,14,28079011,35,0.7
21,14,28079018,35,1
21,14,28079024,35,0.3
21,14,28079055,35,1
21,14,28079024,42,1.33
21,14,28079027,42,1.21
21,14,28079055,42,1.43
21,14,28079024,44,0.26
21,14,28079027,44,0.13
21,14,28079055,44,0.14
21,15,28079004,01,7
21,15,28079017,01,4
21,15,28079018,01,2
21,15,28079024,01,1
21,15,28079035,01,6
21,15,28079036,01,2
21,15,28079038,01,4
21,15,28079040,01,5
21,15,28079057,01,5
21,15,28079004,06,0.3
21,15,28079016,06,0.3
21,15,28079018,06,0.3
21,15,28079024,06,0.2
21,15,28079035,06,0.3
21,15,28079036,06,0.3
21,15,28079039,06,0.2
21,15,28079056,06,0.2
21,15,28079057,06,0.3
21,15,28079004,07,16
21,15,28079011,07,19
21,15,28079016,07,11
21,15,28079017,07,28
21,15,28079018,07,3
21,15,28079024,07,1
21,15,28079027,07,5
21,15,28079035,07,13
21,15,28079036,07,10
21,15,28079038,07,19
21,15,28079039,07,11
21,15,28079040,07,9
21,15,28079047,07,4
21,15,28079048,07,18
21,15,28079049,07,3
21,15,28079050,07,40
21,15,28079054,07,5
21,15,28079055,07,5
21,15,28079056,07,10
21,15,28079057,07,8
21,15,28079058,07,6
21,15,28079059,07,5
21,15,28079060,07,3
21,15,28079004,08,32
21,15,28079011,08,60
21,15,28079016,08,24
21,15,28079017,08,27
21,15,28079018,08,13
21,15,28079024,08,1
21,15,28079027,08,9
21,15,28079035,08,27
21,15,28079036,08,17
21,15,28079038,08,28
21,15,28079039,08,23
21,15,28079040,08,20
21,15,28079047,08,14
21,15,28079048,08,29
21,15,28079049,08,13
21,15,28079050,08,43
21,15,28079054,08,7
21,15,28079055,08,10
21,15,28079056,08,22
21,15,28079057,08,17
21,15,28079058,08,7
21,15,28079059,08,9
21,15,28079060,08,14
21,15,28079024,09,3
21,15,28079038,09,5
21,15,28079047,09,2
21,15,28079048,09,3
21,15,28079050,09,6
21,15,28079018,10,8
21,15,28079024,10,4
21,15,28079036,10,3
21,15,28079038,10,16
21,15,28079040,10,6
21,15,28079047,10,5
21,15,28079048,10,6
21,15,28079050,10,7
21,15,28079055,10,4
21,15,28079057,10,7
21,15,28079060,10,4
21,15,28079016,14,43
21,15,28079017,14,53
21,15,28079018,14,57
21,15,28079024,14,71
21,15,28079027,14,69
21,15,28079035,14,50
21,15,28079039,14,56
21,15,28079049,14,62
21,15,28079054,14,62
21,15,28079056,14,57
21,15,28079058,14,65
21,15,28079059,14,53
21,15,28079060,14,62
21,15,28079011,20,5.7
21,15,28079018,20,0.4
21,15,28079024,20,0.3
21,15,28079038,20,2.7
21,15,28079055,20,0.6
21,15,28079011,30,2.5
21,15,28079018,30,0.1
21,15,28079024,30,0.4
21,15,28079038,30,0.7
21,15,28079055,30,0.2
21,15,28079011,35,0.6
21,15,28079018,35,1
21,15,28079024,35,0.3
21,15,28079038,35,0.6
21,15,28079055,35,1
21,15,28079024,42,1.33
21,15,28079027,42,1.21
21,15,28079055,42,1.43
21,15,28079024,44,0.26
21,15,28079027,44,0.13
21,15,28079055,44,0.14
21,16,28079004,01,9
21,16,28079017,01,3
21,16,28079018,01,2
21,16,28079024,01,1
21,16,28079035,01,6
21,16,28079036,01,2
21,16,28079038,01,5
21,16,28079040,01,4
21,16,28079057,01,5
21,16,28079004,06,0.4
21,16,28079016,06,0.3
21,16,28079018,06,0.3
21,16,28079024,06,0.2
21,16,28079035,06,0.3
21,16,28079036,06,0.3
21,16,28079039,06,0.2
21,16,28079056,06,0.3
21,16,28079057,06,0.3
21,16,28079004,07,19
21,16,28079011,07,13
21,16,28079016,07,8
21,16,28079017,07,15
21,16,28079018,07,2
21,16,28079024,07,1
21,16,28079027,07,4
21,16,28079035,07,13
21,16,28079036,07,15
21,16,28079038,07,21
21,16,28079039,07,12
21,16,28079040,07,7
21,16,28079047,07,5
21,16,28079048,07,14
21,16,28079049,07,3
21,16,28079050,07,44
21,16,28079054,07,7
21,16,28079055,07,4
21,16,28079056,07,12
21,16,28079057,07,9
21,16,28079058,07,4
21,16,28079059,07,4
21,16,28079060,07,2
21,16,28079004,08,46
21,16,28079011,08,55
21,16,28079016,08,23
21,16,28079017,08,21
21,16,28079018,08,14
21,16,28079024,08,1
21,16,28079027,08,10
21,16,28079035,08,32
21,16,28079036,08,22
21,16,28079038,08,33
21,16,28079039,08,25
21,16,28079040,08,19
21,16,28079047,08,14
21,16,28079048,08,31
21,16,28079049,08,16
21,16,28079050,08,47
21,16,28079054,08,10
21,16,28079055,08,11
21,16,28079056,08,26
21,16,28079057,08,21
21,16,28079058,08,5
21,16,28079059,08,9
21,16,28079060,08,14
21,16,28079024,09,3
21,16,28079038,09,4
21,16,28079047,09,3
21,16,28079048,09,3
21,16,28079050,09,8
21,16,28079018,10,8
21,16,28079024,10,4
21,16,28079036,10,3
21,16,28079038,10,6
21,16,28079040,10,6
21,16,28079047,10,5
21,16,28079048,10,4
21,16,28079050,10,9
21,16,28079055,10,6
21,16,28079057,10,7
21,16,28079060,10,4
21,16,28079016,14,45
21,16,28079017,14,57
21,16,28079018,14,56
21,16,28079024,14,72
21,16,28079027,14,69
21,16,28079035,14,45
21,16,28079039,14,55
21,16,28079049,14,59
21,16,28079054,14,60
21,16,28079056,14,55
21,16,28079058,14,67
21,16,28079059,14,52
21,16,28079060,14,63
21,16,28079011,20,5.7
21,16,28079018,20,0.3
21,16,28079024,20,0.2
21,16,28079038,20,2.6
21,16,28079055,20,0.5
21,16,28079011,30,2.8
21,16,28079018,30,0.1
21,16,28079024,30,0.4
21,16,28079038,30,0.7
21,16,28079055,30,0.2
21,16,28079011,35,0.7
21,16,28079018,35,1
21,16,28079024,35,0.3
21,16,28079038,35,0.6
21,16,28079055,35,1
21,16,28079024,42,1.33
21,16,28079027,42,1.21
21,16,28079055,42,1.43
21,16,28079024,44,0.26
21,16,28079027,44,0.13
21,16,28079055,44,0.13
21,17,28079004,01,6
21,17,28079017,01,3
21,17,28079018,01,2
21,17,28079024,01,1
21,17,28079035,01,5
21,17,28079036,01,2
21,17,28079038,01,4
21,17,28079040,01,5
21,17,28079057,01,5
21,17,28079004,06,0.3
21,17,28079016,06,0.3
21,17,28079018,06,0.2
21,17,28079024,06,0.2
21,17,28079035,06,0.3
21,17,28079036,06,0.3
21,17,28079039,06,0.2
21,17,28079056,06,0.3
21,17,28079057,06,0.3
21,17,28079004,07,10
21,17,28079011,07,22
21,17,28079016,07,10
21,17,28079017,07,7
21,17,28079018,07,2
21,17,28079024,07,1
21,17,28079027,07,4
21,17,28079035,07,10
21,17,28079036,07,12
21,17,28079038,07,24
21,17,28079039,07,13
21,17,28079040,07,8
21,17,28079047,07,3
21,17,28079048,07,14
21,17,28079049,07,2
21,17,28079050,07,46
21,17,28079054,07,4
21,17,28079055,07,4
21,17,28079056,07,10
21,17,28079057,07,8
21,17,28079058,07,4
21,17,28079059,07,5
21,17,28079060,07,3
21,17,28079004,08,29
21,17,28079011,08,67
21,17,28079016,08,27
21,17,28079017,08,22
21,17,28079018,08,14
21,17,28079024,08,2
21,17,28079027,08,13
21,17,28079035,08,28
21,17,28079036,08,24
21,17,28079038,08,35
21,17,28079039,08,31
21,17,28079040,08,21
21,17,28079047,08,14
21,17,28079048,08,29
21,17,28079049,08,15
21,17,28079050,08,50
21,17,28079054,08,11
21,17,28079055,08,15
21,17,28079056,08,29
21,17,28079057,08,21
21,17,28079058,08,6
21,17,28079059,08,13
21,17,28079060,08,20
21,17,28079024,09,2
21,17,28079038,09,4
21,17,28079047,09,4
21,17,28079048,09,1
21,17,28079050,09,9
21,17,28079018,10,6
21,17,28079024,10,4
21,17,28079036,10,5
21,17,28079038,10,7
21,17,28079040,10,6
21,17,28079047,10,6
21,17,28079048,10,4
21,17,28079050,10,11
21,17,28079055,10,5
21,17,28079057,10,6
21,17,28079060,10,5
21,17,28079016,14,42
21,17,28079017,14,55
21,17,28079018,14,57
21,17,28079024,14,72
21,17,28079027,14,66
21,17,28079035,14,49
21,17,28079039,14,51
21,17,28079049,14,61
21,17,28079054,14,60
21,17,28079056,14,54
21,17,28079058,14,67
21,17,28079059,14,50
21,17,28079060,14,58
21,17,28079011,20,5.3
21,17,28079018,20,0.3
21,17,28079024,20,0.2
21,17,28079038,20,2.5
21,17,28079055,20,0.5
21,17,28079011,30,2.5
21,17,28079018,30,0.1
21,17,28079024,30,0.4
21,17,28079038,30,0.6
21,17,28079055,30,0.2
21,17,28079011,35,0.6
21,17,28079018,35,1
21,17,28079024,35,0.2
21,17,28079038,35,0.5
21,17,28079055,35,1
21,17,28079024,42,1.33
21,17,28079027,42,1.21
21,17,28079055,42,1.43
21,17,28079024,44,0.26
21,17,28079027,44,0.13
21,17,28079055,44,0.13
21,18,28079004,01,5
21,18,28079017,01,4
21,18,28079018,01,2
21,18,28079024,01,1
21,18,28079035,01,4
21,18,28079036,01,2
21,18,28079038,01,6
21,18,28079040,01,6
21,18,28079057,01,6
21,18,28079004,06,0.3
21,18,28079016,06,0.3
21,18,28079018,06,0.3
21,18,28079024,06,0.2
21,18,28079035,06,0.3
21,18,28079036,06,0.3
21,18,28079039,06,0.3
21,18,28079056,06,0.3
21,18,28079057,06,0.3
21,18,28079004,07,12
21,18,28079011,07,27
21,18,28079016,07,12
21,18,28079017,07,20
21,18,28079018,07,3
21,18,28079024,07,1
21,18,28079027,07,3
21,18,28079035,07,8
21,18,28079036,07,14
21,18,28079038,07,26
21,18,28079039,07,23
21,18,28079040,07,8
21,18,28079047,07,3
21,18,28079048,07,18
21,18,28079049,07,2
21,18,28079050,07,57
21,18,28079054,07,4
21,18,28079055,07,3
21,18,28079056,07,11
21,18,28079057,07,11
21,18,28079058,07,4
21,18,28079059,07,4
21,18,28079060,07,5
21,18,28079004,08,40
21,18,28079011,08,73
21,18,28079016,08,38
21,18,28079017,08,39
21,18,28079018,08,24
21,18,28079024,08,5
21,18,28079027,08,15
21,18,28079035,08,32
21,18,28079036,08,32
21,18,28079038,08,47
21,18,28079039,08,45
21,18,28079040,08,29
21,18,28079047,08,21
21,18,28079048,08,45
21,18,28079049,08,22
21,18,28079050,08,67
21,18,28079054,08,15
21,18,28079055,08,17
21,18,28079056,08,37
21,18,28079057,08,35
21,18,28079058,08,6
21,18,28079059,08,19
21,18,28079060,08,29
21,18,28079024,09,3
21,18,28079038,09,8
21,18,28079047,09,7
21,18,28079048,09,10
21,18,28079050,09,10
21,18,28079018,10,7
21,18,28079024,10,4
21,18,28079036,10,7
21,18,28079038,10,10
21,18,28079040,10,7
21,18,28079047,10,6
21,18,28079048,10,19
21,18,28079050,10,19
21,18,28079055,10,5
21,18,28079057,10,9
21,18,28079060,10,6
21,18,28079016,14,35
21,18,28079017,14,43
21,18,28079018,14,49
21,18,28079024,14,67
21,18,28079027,14,64
21,18,28079035,14,42
21,18,28079039,14,41
21,18,28079049,14,53
21,18,28079054,14,56
21,18,28079056,14,46
21,18,28079058,14,65
21,18,28079059,14,44
21,18,28079060,14,50
21,18,28079011,20,6.7
21,18,28079018,20,0.4
21,18,28079024,20,0.3
21,18,28079038,20,4.7
21,18,28079055,20,0.5
21,18,28079011,30,3
21,18,28079018,30,0.1
21,18,28079024,30,0.4
21,18,28079038,30,0.6
21,18,28079055,30,0.2
21,18,28079011,35,1.3
21,18,28079018,35,1
21,18,28079024,35,0.5
21,18,28079038,35,0.4
21,18,28079055,35,1
21,18,28079024,42,1.33
21,18,28079027,42,1.21
21,18,28079055,42,1.43
21,18,28079024,44,0.26
21,18,28079027,44,0.13
21,18,28079055,44,0.14
21,19,28079004,01,5
21,19,28079017,01,3
21,19,28079018,01,2
21,19,28079024,01,1
21,19,28079035,01,5
21,19,28079036,01,3
21,19,28079038,01,5
21,19,28079040,01,6
21,19,28079057,01,6
21,19,28079004,06,0.4
21,19,28079016,06,0.4
21,19,28079018,06,0.4
21,19,28079024,06,0.2
21,19,28079035,06,0.4
21,19,28079036,06,0.4
21,19,28079039,06,0.4
21,19,28079056,06,0.4
21,19,28079057,06,0.4
21,19,28079004,07,14
21,19,28079011,07,45
21,19,28079016,07,10
21,19,28079017,07,13
21,19,28079018,07,5
21,19,28079024,07,1
21,19,28079027,07,6
21,19,28079035,07,13
21,19,28079036,07,19
21,19,28079038,07,38
21,19,28079039,07,32
21,19,28079040,07,13
21,19,28079047,07,3
21,19,28079048,07,23
21,19,28079049,07,2
21,19,28079050,07,91
21,19,28079054,07,4
21,19,28079055,07,7
21,19,28079056,07,24
21,19,28079057,07,19
21,19,28079058,07,6
21,19,28079059,07,5
21,19,28079060,07,6
21,19,28079004,08,57
21,19,28079011,08,85
21,19,28079016,08,47
21,19,28079017,08,49
21,19,28079018,08,40
21,19,28079024,08,12
21,19,28079027,08,39
21,19,28079035,08,49
21,19,28079036,08,41
21,19,28079038,08,70
21,19,28079039,08,65
21,19,28079040,08,46
21,19,28079047,08,36
21,19,28079048,08,59
21,19,28079049,08,36
21,19,28079050,08,89
21,19,28079054,08,26
21,19,28079055,08,40
21,19,28079056,08,61
21,19,28079057,08,58
21,19,28079058,08,21
21,19,28079059,08,38
21,19,28079060,08,50
21,19,28079024,09,5
21,19,28079038,09,9
21,19,28079047,09,6
21,19,28079048,09,11
21,19,28079050,09,13
21,19,28079018,10,9
21,19,28079024,10,6
21,19,28079036,10,13
21,19,28079038,10,12
21,19,28079040,10,10
21,19,28079047,10,9
21,19,28079048,10,20
21,19,28079050,10,25
21,19,28079055,10,10
21,19,28079057,10,11
21,19,28079060,10,15
21,19,28079016,14,29
21,19,28079017,14,31
21,19,28079018,14,33
21,19,28079024,14,59
21,19,28079027,14,42
21,19,28079035,14,26
21,19,28079039,14,25
21,19,28079049,14,38
21,19,28079054,14,45
21,19,28079056,14,27
21,19,28079058,14,47
21,19,28079059,14,29
21,19,28079060,14,29
21,19,28079011,20,6.8
21,19,28079018,20,0.5
21,19,28079024,20,0.3
21,19,28079038,20,2.5
21,19,28079055,20,0.6
21,19,28079011,30,3.3
21,19,28079018,30,0.1
21,19,28079024,30,0.4
21,19,28079038,30,0.7
21,19,28079055,30,0.2
21,19,28079011,35,1.3
21,19,28079018,35,1
21,19,28079024,35,0.2
21,19,28079038,35,0.5
21,19,28079055,35,1
21,19,28079024,42,1.33
21,19,28079027,42,1.22
21,19,28079055,42,1.44
21,19,28079024,44,0.26
21,19,28079027,44,0.14
21,19,28079055,44,0.14
21,2,28079004,01,2
21,2,28079008,01,2
21,2,28079017,01,3
21,2,28079018,01,2
21,2,28079024,01,1
21,2,28079035,01,2
21,2,28079036,01,1
21,2,28079038,01,2
21,2,28079040,01,3
21,2,28079057,01,4
21,2,28079004,06,0.2
21,2,28079008,06,0.3
21,2,28079016,06,0.2
21,2,28079018,06,0.2
21,2,28079024,06,0.2
21,2,28079035,06,0.2
21,2,28079036,06,0.2
21,2,28079039,06,0.2
21,2,28079056,06,0.1
21,2,28079057,06,0.2
21,2,28079004,07,2
21,2,28079008,07,9
21,2,28079011,07,1
21,2,28079016,07,1
21,2,28079017,07,1
21,2,28079018,07,1
21,2,28079024,07,1
21,2,28079027,07,1
21,2,28079035,07,3
21,2,28079036,07,1
21,2,28079038,07,1
21,2,28079039,07,1
21,2,28079040,07,1
21,2,28079047,07,1
21,2,28079048,07,2
21,2,28079049,07,1
21,2,28079050,07,4
21,2,28079054,07,4
21,2,28079055,07,1
21,2,28079056,07,1
21,2,28079057,07,1
21,2,28079058,07,1
21,2,28079059,07,2
21,2,28079060,07,1
21,2,28079004,08,8
21,2,28079008,08,21
21,2,28079011,08,12
21,2,28079016,08,9
21,2,28079017,08,6
21,2,28079018,08,8
21,2,28079024,08,1
21,2,28079027,08,17
21,2,28079035,08,9
21,2,28079036,08,8
21,2,28079038,08,10
21,2,28079039,08,13
21,2,28079040,08,9
21,2,28079047,08,9
21,2,28079048,08,10
21,2,28079049,08,9
21,2,28079050,08,12
21,2,28079054,08,6
21,2,28079055,08,16
21,2,28079056,08,12
21,2,28079057,08,11
21,2,28079058,08,1
21,2,28079059,08,4
21,2,28079060,08,6
21,2,28079008,09,3
21,2,28079024,09,2
21,2,28079038,09,2
21,2,28079047,09,2
21,2,28079048,09,1
21,2,28079050,09,2
21,2,28079008,10,2
21,2,28079018,10,2
21,2,28079024,10,2
21,2,28079036,10,4
21,2,28079038,10,1
21,2,28079040,10,1
21,2,28079047,10,2
21,2,28079048,10,4
21,2,28079050,10,2
21,2,28079055,10,5
21,2,28079057,10,2
21,2,28079060,10,4
21,2,28079008,14,35
21,2,28079016,14,40
21,2,28079017,14,49
21,2,28079018,14,42
21,2,28079024,14,31
21,2,28079027,14,44
21,2,28079035,14,47
21,2,28079039,14,42
21,2,28079049,14,46
21,2,28079054,14,47
21,2,28079056,14,45
21,2,28079058,14,46
21,2,28079059,14,47
21,2,28079060,14,49
21,2,28079008,20,2.1
21,2,28079011,20,1.3
21,2,28079018,20,0.2
21,2,28079024,20,0.2
21,2,28079038,20,0.6
21,2,28079055,20,0.6
21,2,28079008,30,0.8
21,2,28079011,30,1
21,2,28079018,30,0.1
21,2,28079024,30,0.5
21,2,28079038,30,0.3
21,2,28079055,30,0.1
21,2,28079008,35,0.7
21,2,28079011,35,1
21,2,28079018,35,1
21,2,28079024,35,0.3
21,2,28079038,35,0.6
21,2,28079055,35,1
21,2,28079024,42,1.32
21,2,28079027,42,1.24
21,2,28079055,42,1.44
21,2,28079024,44,0.24
21,2,28079027,44,0.14
21,2,28079055,44,0.14
21,20,28079004,01,7
21,20,28079017,01,4
21,20,28079018,01,2
21,20,28079024,01,1
21,20,28079035,01,6
21,20,28079036,01,4
21,20,28079038,01,8
21,20,28079040,01,8
21,20,28079057,01,6
21,20,28079004,06,0.5
21,20,28079016,06,0.4
21,20,28079018,06,0.4
21,20,28079024,06,0.2
21,20,28079035,06,0.5
21,20,28079036,06,0.4
21,20,28079039,06,0.4
21,20,28079056,06,0.5
21,20,28079057,06,0.4
21,20,28079004,07,21
21,20,28079011,07,38
21,20,28079016,07,15
21,20,28079017,07,41
21,20,28079018,07,7
21,20,28079024,07,1
21,20,28079027,07,8
21,20,28079035,07,20
21,20,28079036,07,21
21,20,28079038,07,30
21,20,28079039,07,35
21,20,28079040,07,21
21,20,28079047,07,7
21,20,28079048,07,32
21,20,28079049,07,3
21,20,28079050,07,100
21,20,28079054,07,5
21,20,28079055,07,6
21,20,28079056,07,21
21,20,28079057,07,35
21,20,28079058,07,8
21,20,28079059,07,7
21,20,28079060,07,34
21,20,28079004,08,74
21,20,28079011,08,84
21,20,28079016,08,62
21,20,28079017,08,81
21,20,28079018,08,56
21,20,28079024,08,22
21,20,28079027,08,59
21,20,28079035,08,65
21,20,28079036,08,51
21,20,28079038,08,75
21,20,28079039,08,79
21,20,28079040,08,69
21,20,28079047,08,54
21,20,28079048,08,70
21,20,28079049,08,48
21,20,28079050,08,100
21,20,28079054,08,46
21,20,28079055,08,53
21,20,28079056,08,73
21,20,28079057,08,81
21,20,28079058,08,38
21,20,28079059,08,45
21,20,28079060,08,83
21,20,28079024,09,5
21,20,28079038,09,9
21,20,28079047,09,6
21,20,28079048,09,10
21,20,28079050,09,15
21,20,28079018,10,11
21,20,28079024,10,7
21,20,28079036,10,14
21,20,28079038,10,11
21,20,28079040,10,11
21,20,28079047,10,9
21,20,28079048,10,17
21,20,28079050,10,28
21,20,28079055,10,10
21,20,28079057,10,16
21,20,28079060,10,16
21,20,28079016,14,20
21,20,28079017,14,9
21,20,28079018,14,22
21,20,28079024,14,47
21,20,28079027,14,24
21,20,28079035,14,10
21,20,28079039,14,14
21,20,28079049,14,27
21,20,28079054,14,28
21,20,28079056,14,18
21,20,28079058,14,25
21,20,28079059,14,23
21,20,28079060,14,7
21,20,28079011,20,6.9
21,20,28079018,20,2.3
21,20,28079024,20,0.4
21,20,28079038,20,3.3
21,20,28079055,20,1
21,20,28079011,30,3.2
21,20,28079018,30,0.5
21,20,28079024,30,0.4
21,20,28079038,30,1
21,20,28079055,30,0.5
21,20,28079011,35,1.2
21,20,28079018,35,0.5
21,20,28079024,35,0.3
21,20,28079038,35,0.7
21,20,28079055,35,1
21,20,28079024,42,1.34
21,20,28079027,42,1.24
21,20,28079055,42,1.46
21,20,28079024,44,0.26
21,20,28079027,44,0.15
21,20,28079055,44,0.16
21,21,28079004,01,6
21,21,28079017,01,3
21,21,28079018,01,3
21,21,28079024,01,1
21,21,28079035,01,6
21,21,28079036,01,3
21,21,28079038,01,8
21,21,28079040,01,7
21,21,28079057,01,6
21,21,28079004,06,0.4
21,21,28079016,06,0.5
21,21,28079018,06,0.4
21,21,28079024,06,0.2
21,21,28079035,06,0.5
21,21,28079036,06,0.4
21,21,28079039,06,0.5
21,21,28079056,06,0.4
21,21,28079057,06,0.5
21,21,28079004,07,20
21,21,28079011,07,42
21,21,28079016,07,20
21,21,28079017,07,25
21,21,28079018,07,6
21,21,28079024,07,1
21,21,28079027,07,19
21,21,28079035,07,20
21,21,28079036,07,20
21,21,28079038,07,39
21,21,28079039,07,57
21,21,28079040,07,17
21,21,28079047,07,6
21,21,28079048,07,32
21,21,28079049,07,2
21,21,28079050,07,90
21,21,28079054,07,6
21,21,28079055,07,23
21,21,28079056,07,26
21,21,28079057,07,37
21,21,28079058,07,13
21,21,28079059,07,8
21,21,28079060,07,31
21,21,28079004,08,70
21,21,28079011,08,86
21,21,28079016,08,72
21,21,28079017,08,73
21,21,28079018,08,57
21,21,28079024,08,20
21,21,28079027,08,73
21,21,28079035,08,64
21,21,28079036,08,50
21,21,28079038,08,82
21,21,28079039,08,95
21,21,28079040,08,69
21,21,28079047,08,52
21,21,28079048,08,70
21,21,28079049,08,42
21,21,28079050,08,101
21,21,28079054,08,50
21,21,28079055,08,76
21,21,28079056,08,72
21,21,28079057,08,86
21,21,28079058,08,49
21,21,28079059,08,51
21,21,28079060,08,78
21,21,28079024,09,5
21,21,28079038,09,9
21,21,28079047,09,6
21,21,28079048,09,8
21,21,28079050,09,15
21,21,28079018,10,11
21,21,28079024,10,7
21,21,28079036,10,8
21,21,28079038,10,12
21,21,28079040,10,12
21,21,28079047,10,9
21,21,28079048,10,13
21,21,28079050,10,29
21,21,28079055,10,12
21,21,28079057,10,16
21,21,28079060,10,11
21,21,28079016,14,13
21,21,28079017,14,14
21,21,28079018,14,20
21,21,28079024,14,48
21,21,28079027,14,14
21,21,28079035,14,10
21,21,28079039,14,7
21,21,28079049,14,30
21,21,28079054,14,20
21,21,28079056,14,12
21,21,28079058,14,11
21,21,28079059,14,17
21,21,28079060,14,8
21,21,28079011,20,6.5
21,21,28079018,20,0.7
21,21,28079024,20,0.5
21,21,28079038,20,2.9
21,21,28079055,20,1.6
21,21,28079011,30,3.1
21,21,28079018,30,0.3
21,21,28079024,30,0.5
21,21,28079038,30,0.9
21,21,28079055,30,0.6
21,21,28079011,35,0.8
21,21,28079018,35,1
21,21,28079024,35,0.4
21,21,28079038,35,0.6
21,21,28079055,35,1
21,21,28079024,42,1.34
21,21,28079027,42,1.25
21,21,28079055,42,1.5
21,21,28079024,44,0.26
21,21,28079027,44,0.16
21,21,28079055,44,0.18
21,22,28079004,01,5
21,22,28079017,01,3
21,22,28079018,01,2
21,22,28079024,01,1
21,22,28079035,01,4
21,22,28079036,01,3
21,22,28079038,01,5
21,22,28079040,01,6
21,22,28079057,01,6
21,22,28079004,06,0.4
21,22,28079016,06,0.4
21,22,28079018,06,0.4
21,22,28079024,06,0.2
21,22,28079035,06,0.4
21,22,28079036,06,0.3
21,22,28079039,06,0.5
21,22,28079056,06,0.4
21,22,28079057,06,0.4
21,22,28079004,07,12
21,22,28079011,07,22
21,22,28079016,07,11
21,22,28079017,07,19
21,22,28079018,07,8
21,22,28079024,07,1
21,22,28079027,07,14
21,22,28079035,07,12
21,22,28079036,07,16
21,22,28079038,07,18
21,22,28079039,07,43
21,22,28079040,07,9
21,22,28079047,07,4
21,22,28079048,07,17
21,22,28079049,07,2
21,22,28079050,07,44
21,22,28079054,07,5
21,22,28079055,07,9
21,22,28079056,07,30
21,22,28079057,07,15
21,22,28079058,07,13
21,22,28079059,07,4
21,22,28079060,07,18
21,22,28079004,08,54
21,22,28079011,08,72
21,22,28079016,08,57
21,22,28079017,08,71
21,22,28079018,08,60
21,22,28079024,08,18
21,22,28079027,08,60
21,22,28079035,08,49
21,22,28079036,08,42
21,22,28079038,08,51
21,22,28079039,08,81
21,22,28079040,08,53
21,22,28079047,08,43
21,22,28079048,08,54
21,22,28079049,08,34
21,22,28079050,08,66
21,22,28079054,08,35
21,22,28079055,08,60
21,22,28079056,08,74
21,22,28079057,08,57
21,22,28079058,08,38
21,22,28079059,08,31
21,22,28079060,08,61
21,22,28079024,09,5
21,22,28079038,09,7
21,22,28079047,09,6
21,22,28079048,09,9
21,22,28079050,09,12
21,22,28079018,10,10
21,22,28079024,10,6
21,22,28079036,10,13
21,22,28079038,10,9
21,22,28079040,10,10
21,22,28079047,10,9
21,22,28079048,10,18
21,22,28079050,10,22
21,22,28079055,10,11
21,22,28079057,10,11
21,22,28079060,10,9
21,22,28079016,14,21
21,22,28079017,14,12
21,22,28079018,14,17
21,22,28079024,14,51
21,22,28079027,14,24
21,22,28079035,14,23
21,22,28079039,14,12
21,22,28079049,14,37
21,22,28079054,14,31
21,22,28079056,14,17
21,22,28079058,14,14
21,22,28079059,14,32
21,22,28079060,14,20
21,22,28079011,20,6
21,22,28079018,20,0.8
21,22,28079024,20,0.4
21,22,28079038,20,2.9
21,22,28079055,20,2.9
21,22,28079011,30,2.9
21,22,28079018,30,0.2
21,22,28079024,30,0.5
21,22,28079038,30,0.8
21,22,28079055,30,0.9
21,22,28079011,35,0.7
21,22,28079018,35,1
21,22,28079024,35,0.5
21,22,28079038,35,0.6
21,22,28079055,35,0.5
21,22,28079024,42,1.34
21,22,28079027,42,1.26
21,22,28079055,42,1.5
21,22,28079024,44,0.26
21,22,28079027,44,0.16
21,22,28079055,44,0.18
21,23,28079004,01,5
21,23,28079017,01,3
21,23,28079018,01,2
21,23,28079024,01,1
21,23,28079035,01,5
21,23,28079036,01,2
21,23,28079038,01,6
21,23,28079040,01,5
21,23,28079057,01,5
21,23,28079004,06,0.4
21,23,28079016,06,0.3
21,23,28079018,06,0.3
21,23,28079024,06,0.2
21,23,28079035,06,0.4
21,23,28079036,06,0.3
21,23,28079039,06,0.3
21,23,28079056,06,0.4
21,23,28079057,06,0.3
21,23,28079004,07,9
21,23,28079011,07,2
21,23,28079016,07,4
21,23,28079017,07,12
21,23,28079018,07,3
21,23,28079024,07,1
21,23,28079027,07,2
21,23,28079035,07,11
21,23,28079036,07,3
21,23,28079038,07,9
21,23,28079039,07,10
21,23,28079040,07,7
21,23,28079047,07,2
21,23,28079048,07,10
21,23,28079049,07,1
21,23,28079050,07,24
21,23,28079054,07,4
21,23,28079055,07,2
21,23,28079056,07,42
21,23,28079057,07,5
21,23,28079058,07,3
21,23,28079059,07,2
21,23,28079060,07,3
21,23,28079004,08,54
21,23,28079011,08,47
21,23,28079016,08,35
21,23,28079017,08,58
21,23,28079018,08,41
21,23,28079024,08,11
21,23,28079027,08,27
21,23,28079035,08,52
21,23,28079036,08,22
21,23,28079038,08,42
21,23,28079039,08,55
21,23,28079040,08,47
21,23,28079047,08,36
21,23,28079048,08,47
21,23,28079049,08,28
21,23,28079050,08,51
21,23,28079054,08,34
21,23,28079055,08,30
21,23,28079056,08,73
21,23,28079057,08,30
21,23,28079058,08,23
21,23,28079059,08,19
21,23,28079060,08,33
21,23,28079024,09,5
21,23,28079038,09,6
21,23,28079047,09,6
21,23,28079048,09,7
21,23,28079050,09,9
21,23,28079018,10,9
21,23,28079024,10,6
21,23,28079036,10,8
21,23,28079038,10,8
21,23,28079040,10,9
21,23,28079047,10,8
21,23,28079048,10,13
21,23,28079050,10,17
21,23,28079055,10,8
21,23,28079057,10,8
21,23,28079060,10,11
21,23,28079016,14,33
21,23,28079017,14,19
21,23,28079018,14,29
21,23,28079024,14,56
21,23,28079027,14,47
21,23,28079035,14,18
21,23,28079039,14,24
21,23,28079049,14,40
21,23,28079054,14,34
21,23,28079056,14,15
21,23,28079058,14,38
21,23,28079059,14,41
21,23,28079060,14,38
21,23,28079011,20,4.5
21,23,28079018,20,0.9
21,23,28079024,20,0.5
21,23,28079038,20,2.7
21,23,28079055,20,1.6
21,23,28079011,30,2.1
21,23,28079018,30,0.3
21,23,28079024,30,0.5
21,23,28079038,30,0.9
21,23,28079055,30,0.4
21,23,28079011,35,0.3
21,23,28079018,35,1
21,23,28079024,35,0.3
21,23,28079038,35,0.5
21,23,28079055,35,0.6
21,23,28079024,42,1.34
21,23,28079027,42,1.23
21,23,28079055,42,1.46
21,23,28079024,44,0.26
21,23,28079027,44,0.14
21,23,28079055,44,0.15
21,24,28079004,01,5
21,24,28079017,01,3
21,24,28079018,01,2
21,24,28079024,01,1
21,24,28079035,01,4
21,24,28079036,01,1
21,24,28079038,01,3
21,24,28079040,01,4
21,24,28079057,01,4
21,24,28079004,06,0.4
21,24,28079016,06,0.3
21,24,28079018,06,0.3
21,24,28079024,06,0.2
21,24,28079035,06,0.4
21,24,28079036,06,0.2
21,24,28079039,06,0.2
21,24,28079056,06,0.3
21,24,28079057,06,0.3
21,24,28079004,07,20
21,24,28079011,07,1
21,24,28079016,07,2
21,24,28079017,07,7
21,24,28079018,07,2
21,24,28079024,07,1
21,24,28079027,07,1
21,24,28079035,07,5
21,24,28079036,07,2
21,24,28079038,07,4
21,24,28079039,07,4
21,24,28079040,07,3
21,24,28079047,07,2
21,24,28079048,07,3
21,24,28079049,07,1
21,24,28079050,07,17
21,24,28079054,07,4
21,24,28079055,07,1
21,24,28079056,07,13
21,24,28079057,07,1
21,24,28079058,07,2
21,24,28079059,07,2
21,24,28079060,07,1
21,24,28079004,08,60
21,24,28079011,08,32
21,24,28079016,08,24
21,24,28079017,08,49
21,24,28079018,08,30
21,24,28079024,08,6
21,24,28079027,08,19
21,24,28079035,08,38
21,24,28079036,08,13
21,24,28079038,08,23
21,24,28079039,08,35
21,24,28079040,08,36
21,24,28079047,08,27
21,24,28079048,08,28
21,24,28079049,08,23
21,24,28079050,08,36
21,24,28079054,08,42
21,24,28079055,08,19
21,24,28079056,08,52
21,24,28079057,08,23
21,24,28079058,08,12
21,24,28079059,08,11
21,24,28079060,08,22
21,24,28079024,09,4
21,24,28079038,09,5
21,24,28079047,09,5
21,24,28079048,09,5
21,24,28079050,09,7
21,24,28079018,10,7
21,24,28079024,10,5
21,24,28079036,10,5
21,24,28079038,10,6
21,24,28079040,10,7
21,24,28079047,10,7
21,24,28079048,10,10
21,24,28079050,10,13
21,24,28079055,10,8
21,24,28079057,10,7
21,24,28079060,10,8
21,24,28079016,14,39
21,24,28079017,14,20
21,24,28079018,14,35
21,24,28079024,14,58
21,24,28079027,14,52
21,24,28079035,14,14
21,24,28079039,14,39
21,24,28079049,14,43
21,24,28079054,14,25
21,24,28079056,14,25
21,24,28079058,14,48
21,24,28079059,14,46
21,24,28079060,14,45
21,24,28079011,20,4.6
21,24,28079018,20,0.6
21,24,28079024,20,0.4
21,24,28079038,20,1.5
21,24,28079055,20,0.6
21,24,28079011,30,2
21,24,28079018,30,0.2
21,24,28079024,30,0.5
21,24,28079038,30,0.5
21,24,28079055,30,0.2
21,24,28079011,35,0.4
21,24,28079018,35,1
21,24,28079024,35,0.3
21,24,28079038,35,0.3
21,24,28079055,35,1
21,24,28079024,42,1.34
21,24,28079027,42,1.23
21,24,28079055,42,1.45
21,24,28079024,44,0.26
21,24,28079027,44,0.14
21,24,28079055,44,0.14
21,3,28079004,01,2
21,3,28079008,01,2
21,3,28079017,01,3
21,3,28079018,01,2
21,3,28079024,01,1
21,3,28079035,01,2
21,3,28079036,01,1
21,3,28079038,01,3
21,3,28079040,01,3
21,3,28079057,01,4
21,3,28079004,06,0.2
21,3,28079008,06,0.2
21,3,28079016,06,0.2
21,3,28079018,06,0.2
21,3,28079024,06,0.2
21,3,28079035,06,0.2
21,3,28079036,06,0.2
21,3,28079039,06,0.2
21,3,28079056,06,0.2
21,3,28079057,06,0.2
21,3,28079004,07,3
21,3,28079008,07,4
21,3,28079011,07,1
21,3,28079016,07,1
21,3,28079017,07,1
21,3,28079018,07,1
21,3,28079024,07,1
21,3,28079027,07,1
21,3,28079035,07,5
21,3,28079036,07,1
21,3,28079038,07,2
21,3,28079039,07,1
21,3,28079040,07,1
21,3,28079047,07,2
21,3,28079048,07,1
21,3,28079049,07,1
21,3,28079050,07,3
21,3,28079054,07,4
21,3,28079055,07,1
21,3,28079056,07,1
21,3,28079057,07,1
21,3,28079058,07,1
21,3,28079059,07,2
21,3,28079060,07,1
21,3,28079004,08,10
21,3,28079008,08,16
21,3,28079011,08,11
21,3,28079016,08,8
21,3,28079017,08,6
21,3,28079018,08,7
21,3,28079024,08,1
21,3,28079027,08,5
21,3,28079035,08,10
21,3,28079036,08,6
21,3,28079038,08,11
21,3,28079039,08,10
21,3,28079040,08,10
21,3,28079047,08,11
21,3,28079048,08,9
21,3,28079049,08,9
21,3,28079050,08,12
21,3,28079054,08,6
21,3,28079055,08,6
21,3,28079056,08,11
21,3,28079057,08,11
21,3,28079058,08,1
21,3,28079059,08,3
21,3,28079060,08,6
21,3,28079008,09,3
21,3,28079024,09,2
21,3,28079038,09,2
21,3,28079047,09,2
21,3,28079048,09,1
21,3,28079050,09,3
21,3,28079008,10,1
21,3,28079018,10,3
21,3,28079024,10,2
21,3,28079036,10,3
21,3,28079038,10,1
21,3,28079040,10,3
21,3,28079047,10,2
21,3,28079048,10,4
21,3,28079050,10,3
21,3,28079055,10,3
21,3,28079057,10,4
21,3,28079060,10,4
21,3,28079008,14,37
21,3,28079016,14,41
21,3,28079017,14,46
21,3,28079018,14,42
21,3,28079024,14,45
21,3,28079027,14,59
21,3,28079035,14,42
21,3,28079039,14,48
21,3,28079049,14,44
21,3,28079054,14,46
21,3,28079056,14,45
21,3,28079058,14,47
21,3,28079059,14,48
21,3,28079060,14,53
21,3,28079008,20,0.7
21,3,28079011,20,1.1
21,3,28079018,20,0.2
21,3,28079024,20,0.2
21,3,28079038,20,0.3
21,3,28079055,20,0.3
21,3,28079008,30,0.3
21,3,28079011,30,1
21,3,28079018,30,0.1
21,3,28079024,30,0.4
21,3,28079038,30,0.2
21,3,28079055,30,0.1
21,3,28079008,35,0.5
21,3,28079011,35,1
21,3,28079018,35,1
21,3,28079024,35,0.3
21,3,28079038,35,1
21,3,28079055,35,1
21,3,28079024,42,1.32
21,3,28079027,42,1.2
21,3,28079055,42,1.42
21,3,28079024,44,0.24
21,3,28079027,44,0.12
21,3,28079055,44,0.12
21,4,28079004,01,2
21,4,28079008,01,2
21,4,28079017,01,3
21,4,28079018,01,2
21,4,28079024,01,1
21,4,28079035,01,2
21,4,28079036,01,1
21,4,28079038,01,3
21,4,28079040,01,3
21,4,28079057,01,4
21,4,28079004,06,0.2
21,4,28079008,06,0.2
21,4,28079016,06,0.2
21,4,28079018,06,0.2
21,4,28079024,06,0.2
21,4,28079035,06,0.2
21,4,28079036,06,0.2
21,4,28079039,06,0.1
21,4,28079056,06,0.1
21,4,28079057,06,0.2
21,4,28079004,07,1
21,4,28079008,07,10
21,4,28079011,07,1
21,4,28079016,07,1
21,4,28079017,07,1
21,4,28079018,07,1
21,4,28079024,07,1
21,4,28079027,07,1
21,4,28079035,07,4
21,4,28079036,07,1
21,4,28079038,07,1
21,4,28079039,07,1
21,4,28079040,07,1
21,4,28079047,07,1
21,4,28079048,07,1
21,4,28079049,07,1
21,4,28079050,07,3
21,4,28079054,07,4
21,4,28079055,07,1
21,4,28079056,07,1
21,4,28079057,07,1
21,4,28079058,07,1
21,4,28079059,07,2
21,4,28079060,07,1
21,4,28079004,08,7
21,4,28079008,08,18
21,4,28079011,08,11
21,4,28079016,08,9
21,4,28079017,08,3
21,4,28079018,08,5
21,4,28079024,08,1
21,4,28079027,08,5
21,4,28079035,08,9
21,4,28079036,08,2
21,4,28079038,08,8
21,4,28079039,08,7
21,4,28079040,08,8
21,4,28079047,08,6
21,4,28079048,08,8
21,4,28079049,08,9
21,4,28079050,08,8
21,4,28079054,08,6
21,4,28079055,08,7
21,4,28079056,08,7
21,4,28079057,08,10
21,4,28079058,08,1
21,4,28079059,08,2
21,4,28079060,08,5
21,4,28079008,09,4
21,4,28079024,09,4
21,4,28079038,09,4
21,4,28079047,09,4
21,4,28079048,09,3
21,4,28079050,09,4
21,4,28079008,10,3
21,4,28079018,10,4
21,4,28079024,10,4
21,4,28079036,10,5
21,4,28079038,10,3
21,4,28079040,10,3
21,4,28079047,10,4
21,4,28079048,10,5
21,4,28079050,10,5
21,4,28079055,10,5
21,4,28079057,10,5
21,4,28079060,10,8
21,4,28079008,14,34
21,4,28079016,14,39
21,4,28079017,14,48
21,4,28079018,14,42
21,4,28079024,14,53
21,4,28079027,14,59
21,4,28079035,14,44
21,4,28079039,14,49
21,4,28079049,14,43
21,4,28079054,14,45
21,4,28079056,14,46
21,4,28079058,14,52
21,4,28079059,14,48
21,4,28079060,14,53
21,4,28079008,20,0.7
21,4,28079011,20,1.1
21,4,28079018,20,0.2
21,4,28079024,20,0.2
21,4,28079038,20,0.3
21,4,28079055,20,0.2
21,4,28079008,30,0.3
21,4,28079011,30,0.9
21,4,28079018,30,0.1
21,4,28079024,30,0.4
21,4,28079038,30,0.2
21,4,28079055,30,0.1
21,4,28079008,35,0.3
21,4,28079011,35,1
21,4,28079018,35,1
21,4,28079024,35,0.3
21,4,28079038,35,1
21,4,28079055,35,1
21,4,28079024,42,1.32
21,4,28079027,42,1.2
21,4,28079055,42,1.42
21,4,28079024,44,0.24
21,4,28079027,44,0.12
21,4,28079055,44,0.12
21,5,28079004,01,2
21,5,28079008,01,2
21,5,28079017,01,3
21,5,28079018,01,2
21,5,28079024,01,1
21,5,28079035,01,2
21,5,28079036,01,1
21,5,28079038,01,3
21,5,28079040,01,3
21,5,28079057,01,4
21,5,28079004,06,0.2
21,5,28079008,06,0.2
21,5,28079016,06,0.2
21,5,28079018,06,0.2
21,5,28079024,06,0.2
21,5,28079035,06,0.2
21,5,28079036,06,0.2
21,5,28079039,06,0.2
21,5,28079056,06,0.1
21,5,28079057,06,0.2
21,5,28079004,07,1
21,5,28079008,07,6
21,5,28079011,07,1
21,5,28079016,07,1
21,5,28079017,07,1
21,5,28079018,07,1
21,5,28079024,07,1
21,5,28079027,07,1
21,5,28079035,07,3
21,5,28079036,07,1
21,5,28079038,07,1
21,5,28079039,07,1
21,5,28079040,07,1
21,5,28079047,07,1
21,5,28079048,07,1
21,5,28079049,07,1
21,5,28079050,07,3
21,5,28079054,07,4
21,5,28079055,07,1
21,5,28079056,07,1
21,5,28079057,07,1
21,5,28079058,07,1
21,5,28079059,07,1
21,5,28079060,07,1
21,5,28079004,08,5
21,5,28079008,08,12
21,5,28079011,08,9
21,5,28079016,08,6
21,5,28079017,08,3
21,5,28079018,08,4
21,5,28079024,08,1
21,5,28079027,08,3
21,5,28079035,08,7
21,5,28079036,08,1
21,5,28079038,08,8
21,5,28079039,08,9
21,5,28079040,08,7
21,5,28079047,08,4
21,5,28079048,08,6
21,5,28079049,08,5
21,5,28079050,08,10
21,5,28079054,08,6
21,5,28079055,08,6
21,5,28079056,08,7
21,5,28079057,08,8
21,5,28079058,08,1
21,5,28079059,08,1
21,5,28079060,08,5
21,5,28079008,09,3
21,5,28079024,09,1
21,5,28079038,09,2
21,5,28079047,09,2
21,5,28079048,09,1
21,5,28079050,09,3
21,5,28079008,10,4
21,5,28079018,10,2
21,5,28079024,10,2
21,5,28079036,10,5
21,5,28079038,10,2
21,5,28079040,10,3
21,5,28079047,10,3
21,5,28079048,10,4
21,5,28079050,10,3
21,5,28079055,10,3
21,5,28079057,10,5
21,5,28079060,10,7
21,5,28079008,14,50
21,5,28079016,14,46
21,5,28079017,14,53
21,5,28079018,14,54
21,5,28079024,14,64
21,5,28079027,14,64
21,5,28079035,14,57
21,5,28079039,14,49
21,5,28079049,14,57
21,5,28079054,14,50
21,5,28079056,14,53
21,5,28079058,14,62
21,5,28079059,14,58
21,5,28079060,14,56
21,5,28079008,20,0.6
21,5,28079011,20,1
21,5,28079018,20,0.2
21,5,28079024,20,0.2
21,5,28079038,20,0.3
21,5,28079055,20,0.2
21,5,28079008,30,0.3
21,5,28079011,30,0.9
21,5,28079018,30,0.1
21,5,28079024,30,0.5
21,5,28079038,30,0.3
21,5,28079055,30,0.1
21,5,28079008,35,0.4
21,5,28079011,35,1
21,5,28079018,35,1
21,5,28079024,35,0.3
21,5,28079038,35,1
21,5,28079055,35,1
21,5,28079024,42,1.32
21,5,28079027,42,1.2
21,5,28079055,42,1.42
21,5,28079024,44,0.24
21,5,28079027,44,0.12
21,5,28079055,44,0.13
21,6,28079004,01,2
21,6,28079008,01,2
21,6,28079017,01,3
21,6,28079018,01,2
21,6,28079024,01,1
21,6,28079035,01,2
21,6,28079036,01,1
21,6,28079038,01,4
21,6,28079040,01,3
21,6,28079057,01,4
21,6,28079004,06,0.2
21,6,28079008,06,0.2
21,6,28079016,06,0.2
21,6,28079018,06,0.2
21,6,28079024,06,0.2
21,6,28079035,06,0.2
21,6,28079036,06,0.2
21,6,28079039,06,0.1
21,6,28079056,06,0.1
21,6,28079057,06,0.2
21,6,28079004,07,1
21,6,28079008,07,4
21,6,28079011,07,1
21,6,28079016,07,1
21,6,28079017,07,1
21,6,28079018,07,1
21,6,28079024,07,1
21,6,28079027,07,1
21,6,28079035,07,3
21,6,28079036,07,1
21,6,28079038,07,2
21,6,28079039,07,1
21,6,28079040,07,1
21,6,28079047,07,1
21,6,28079048,07,2
21,6,28079049,07,1
21,6,28079050,07,6
21,6,28079054,07,3
21,6,28079055,07,1
21,6,28079056,07,3
21,6,28079057,07,1
21,6,28079058,07,1
21,6,28079059,07,1
21,6,28079060,07,1
21,6,28079004,08,7
21,6,28079008,08,16
21,6,28079011,08,11
21,6,28079016,08,9
21,6,28079017,08,6
21,6,28079018,08,5
21,6,28079024,08,1
21,6,28079027,08,4
21,6,28079035,08,9
21,6,28079036,08,1
21,6,28079038,08,12
21,6,28079039,08,7
21,6,28079040,08,7
21,6,28079047,08,5
21,6,28079048,08,11
21,6,28079049,08,7
21,6,28079050,08,15
21,6,28079054,08,7
21,6,28079055,08,6
21,6,28079056,08,13
21,6,28079057,08,6
21,6,28079058,08,1
21,6,28079059,08,3
21,6,28079060,08,6
21,6,28079008,09,4
21,6,28079024,09,2
21,6,28079038,09,1
21,6,28079047,09,1
21,6,28079048,09,1
21,6,28079050,09,2
21,6,28079008,10,2
21,6,28079018,10,3
21,6,28079024,10,3
21,6,28079036,10,4
21,6,28079038,10,3
21,6,28079040,10,2
21,6,28079047,10,2
21,6,28079048,10,4
21,6,28079050,10,4
21,6,28079055,10,3
21,6,28079057,10,4
21,6,28079060,10,4
21,6,28079008,14,53
21,6,28079016,14,49
21,6,28079017,14,64
21,6,28079018,14,60
21,6,28079024,14,68
21,6,28079027,14,70
21,6,28079035,14,62
21,6,28079039,14,66
21,6,28079049,14,63
21,6,28079054,14,60
21,6,28079056,14,59
21,6,28079058,14,65
21,6,28079059,14,58
21,6,28079060,14,66
21,6,28079008,20,0.5
21,6,28079011,20,0.8
21,6,28079018,20,0.2
21,6,28079024,20,0.2
21,6,28079038,20,0.2
21,6,28079055,20,1
21,6,28079008,30,0.2
21,6,28079011,30,0.8
21,6,28079018,30,0.2
21,6,28079024,30,0.4
21,6,28079038,30,0.3
21,6,28079055,30,0.2
21,6,28079008,35,0.3
21,6,28079011,35,1
21,6,28079018,35,1
21,6,28079024,35,0.3
21,6,28079038,35,1
21,6,28079055,35,1
21,6,28079024,42,1.32
21,6,28079027,42,1.2
21,6,28079055,42,1.42
21,6,28079024,44,0.25
21,6,28079027,44,0.13
21,6,28079055,44,0.13
21,7,28079004,01,2
21,7,28079008,01,3
21,7,28079017,01,3
21,7,28079018,01,2
21,7,28079024,01,1
21,7,28079035,01,2
21,7,28079036,01,1
21,7,28079038,01,4
21,7,28079040,01,3
21,7,28079057,01,4
21,7,28079004,06,0.2
21,7,28079008,06,0.3
21,7,28079016,06,0.2
21,7,28079018,06,0.2
21,7,28079024,06,0.2
21,7,28079035,06,0.2
21,7,28079036,06,0.2
21,7,28079039,06,0.2
21,7,28079056,06,0.2
21,7,28079057,06,0.2
21,7,28079004,07,1
21,7,28079008,07,11
21,7,28079011,07,1
21,7,28079016,07,4
21,7,28079017,07,4
21,7,28079018,07,1
21,7,28079024,07,1
21,7,28079027,07,3
21,7,28079035,07,5
21,7,28079036,07,2
21,7,28079038,07,2
21,7,28079039,07,2
21,7,28079040,07,3
21,7,28079047,07,1
21,7,28079048,07,3
21,7,28079049,07,1
21,7,28079050,07,33
21,7,28079054,07,3
21,7,28079055,07,1
21,7,28079056,07,4
21,7,28079057,07,1
21,7,28079058,07,3
21,7,28079059,07,2
21,7,28079060,07,1
21,7,28079004,08,12
21,7,28079008,08,31
21,7,28079011,08,18
21,7,28079016,08,19
21,7,28079017,08,22
21,7,28079018,08,8
21,7,28079024,08,1
21,7,28079027,08,16
21,7,28079035,08,16
21,7,28079036,08,6
21,7,28079038,08,16
21,7,28079039,08,20
21,7,28079040,08,17
21,7,28079047,08,12
21,7,28079048,08,19
21,7,28079049,08,9
21,7,28079050,08,40
21,7,28079054,08,13
21,7,28079055,08,13
21,7,28079056,08,20
21,7,28079057,08,12
21,7,28079058,08,2
21,7,28079059,08,9
21,7,28079060,08,13
21,7,28079008,09,5
21,7,28079024,09,3
21,7,28079038,09,5
21,7,28079047,09,4
21,7,28079048,09,3
21,7,28079050,09,6
21,7,28079008,10,2
21,7,28079018,10,5
21,7,28079024,10,4
21,7,28079036,10,4
21,7,28079038,10,4
21,7,28079040,10,4
21,7,28079047,10,5
21,7,28079048,10,4
21,7,28079050,10,7
21,7,28079055,10,6
21,7,28079057,10,5
21,7,28079060,10,4
21,7,28079008,14,42
21,7,28079016,14,44
21,7,28079017,14,50
21,7,28079018,14,59
21,7,28079024,14,70
21,7,28079027,14,61
21,7,28079035,14,57
21,7,28079039,14,48
21,7,28079049,14,63
21,7,28079054,14,56
21,7,28079056,14,56
21,7,28079058,14,67
21,7,28079059,14,54
21,7,28079060,14,59
21,7,28079008,20,0.7
21,7,28079011,20,1.8
21,7,28079018,20,0.2
21,7,28079024,20,0.2
21,7,28079038,20,0.3
21,7,28079055,20,1
21,7,28079008,30,0.3
21,7,28079011,30,1.6
21,7,28079018,30,0.2
21,7,28079024,30,0.4
21,7,28079038,30,0.3
21,7,28079055,30,0.2
21,7,28079008,35,0.4
21,7,28079011,35,1
21,7,28079018,35,1
21,7,28079024,35,0.3
21,7,28079038,35,1
21,7,28079055,35,1
21,7,28079024,42,1.32
21,7,28079027,42,1.21
21,7,28079055,42,1.42
21,7,28079024,44,0.25
21,7,28079027,44,0.13
21,7,28079055,44,0.13
21,8,28079004,01,3
21,8,28079008,01,5
21,8,28079017,01,3
21,8,28079018,01,2
21,8,28079024,01,1
21,8,28079035,01,3
21,8,28079036,01,1
21,8,28079038,01,5
21,8,28079040,01,3
21,8,28079057,01,4
21,8,28079004,06,0.3
21,8,28079008,06,0.4
21,8,28079016,06,0.4
21,8,28079018,06,0.3
21,8,28079024,06,0.2
21,8,28079035,06,0.3
21,8,28079036,06,0.3
21,8,28079039,06,0.3
21,8,28079056,06,0.4
21,8,28079057,06,0.3
21,8,28079004,07,7
21,8,28079008,07,45
21,8,28079011,07,26
21,8,28079016,07,15
21,8,28079017,07,9
21,8,28079018,07,1
21,8,28079024,07,1
21,8,28079027,07,4
21,8,28079035,07,13
21,8,28079036,07,14
21,8,28079038,07,29
21,8,28079039,07,12
21,8,28079040,07,11
21,8,28079047,07,4
21,8,28079048,07,20
21,8,28079049,07,2
21,8,28079050,07,76
21,8,28079054,07,5
21,8,28079055,07,6
21,8,28079056,07,12
21,8,28079057,07,4
21,8,28079058,07,4
21,8,28079059,07,5
21,8,28079060,07,3
21,8,28079004,08,42
21,8,28079008,08,67
21,8,28079011,08,69
21,8,28079016,08,50
21,8,28079017,08,36
21,8,28079018,08,27
21,8,28079024,08,8
21,8,28079027,08,23
21,8,28079035,08,47
21,8,28079036,08,33
21,8,28079038,08,57
21,8,28079039,08,42
21,8,28079040,08,47
21,8,28079047,08,37
21,8,28079048,08,49
21,8,28079049,08,34
21,8,28079050,08,71
21,8,28079054,08,36
21,8,28079055,08,30
21,8,28079056,08,39
21,8,28079057,08,23
21,8,28079058,08,6
21,8,28079059,08,20
21,8,28079060,08,23
21,8,28079008,09,10
21,8,28079024,09,4
21,8,28079038,09,11
21,8,28079047,09,7
21,8,28079048,09,8
21,8,28079050,09,9
21,8,28079008,10,7
21,8,28079018,10,8
21,8,28079024,10,6
21,8,28079036,10,10
21,8,28079038,10,8
21,8,28079040,10,9
21,8,28079047,10,9
21,8,28079048,10,11
21,8,28079050,10,17
21,8,28079055,10,8
21,8,28079057,10,9
21,8,28079060,10,5
21,8,28079008,14,14
21,8,28079016,14,26
21,8,28079017,14,39
21,8,28079018,14,41
21,8,28079024,14,60
21,8,28079027,14,53
21,8,28079035,14,26
21,8,28079039,14,38
21,8,28079049,14,37
21,8,28079054,14,34
21,8,28079056,14,39
21,8,28079058,14,61
21,8,28079059,14,40
21,8,28079060,14,48
21,8,28079008,20,1.7
21,8,28079011,20,1.2
21,8,28079018,20,0.2
21,8,28079024,20,0.2
21,8,28079038,20,1
21,8,28079055,20,0.4
21,8,28079008,30,0.6
21,8,28079011,30,0.8
21,8,28079018,30,0.1
21,8,28079024,30,0.4
21,8,28079038,30,0.5
21,8,28079055,30,0.2
21,8,28079008,35,0.6
21,8,28079011,35,1
21,8,28079018,35,1
21,8,28079024,35,0.3
21,8,28079038,35,0.6
21,8,28079055,35,1
21,8,28079024,42,1.33
21,8,28079027,42,1.21
21,8,28079055,42,1.44
21,8,28079024,44,0.26
21,8,28079027,44,0.13
21,8,28079055,44,0.14
21,9,28079004,01,4
21,9,28079008,01,8
21,9,28079017,01,4
21,9,28079018,01,2
21,9,28079024,01,1
21,9,28079035,01,5
21,9,28079036,01,3
21,9,28079038,01,7
21,9,28079040,01,5
21,9,28079057,01,4
21,9,28079004,06,0.5
21,9,28079008,06,0.6
21,9,28079016,06,0.4
21,9,28079018,06,0.4
21,9,28079024,06,0.2
21,9,28079035,06,0.4
21,9,28079036,06,0.5
21,9,28079039,06,0.3
21,9,28079056,06,0.4
21,9,28079057,06,0.3
21,9,28079004,07,25
21,9,28079008,07,104
21,9,28079011,07,75
21,9,28079016,07,20
21,9,28079017,07,52
21,9,28079018,07,11
21,9,28079024,07,1
21,9,28079027,07,7
21,9,28079035,07,30
21,9,28079036,07,50
21,9,28079038,07,82
21,9,28079039,07,23
21,9,28079040,07,24
21,9,28079047,07,9
21,9,28079048,07,45
21,9,28079049,07,7
21,9,28079050,07,98
21,9,28079054,07,11
21,9,28079055,07,10
21,9,28079056,07,28
21,9,28079057,07,8
21,9,28079058,07,4
21,9,28079059,07,7
21,9,28079060,07,7
21,9,28079004,08,72
21,9,28079008,08,90
21,9,28079011,08,99
21,9,28079016,08,57
21,9,28079017,08,63
21,9,28079018,08,49
21,9,28079024,08,15
21,9,28079027,08,41
21,9,28079035,08,69
21,9,28079036,08,63
21,9,28079038,08,97
21,9,28079039,08,54
21,9,28079040,08,70
21,9,28079047,08,56
21,9,28079048,08,76
21,9,28079049,08,57
21,9,28079050,08,89
21,9,28079054,08,54
21,9,28079055,08,43
21,9,28079056,08,70
21,9,28079057,08,36
21,9,28079058,08,7
21,9,28079059,08,27
21,9,28079060,08,35
21,9,28079008,09,14
21,9,28079024,09,3
21,9,28079038,09,13
21,9,28079047,09,7
21,9,28079048,09,8
21,9,28079050,09,11
21,9,28079008,10,11
21,9,28079018,10,9
21,9,28079024,10,5
21,9,28079036,10,8
21,9,28079038,10,13
21,9,28079040,10,12
21,9,28079047,10,9
21,9,28079048,10,10
21,9,28079050,10,26
21,9,28079055,10,9
21,9,28079057,10,9
21,9,28079060,10,3
21,9,28079008,14,6
21,9,28079016,14,21
21,9,28079017,14,18
21,9,28079018,14,22
21,9,28079024,14,52
21,9,28079027,14,38
21,9,28079035,14,9
21,9,28079039,14,29
21,9,28079049,14,16
21,9,28079054,14,18
21,9,28079056,14,20
21,9,28079058,14,59
21,9,28079059,14,32
21,9,28079060,14,27
21,9,28079008,20,4.6
21,9,28079011,20,3.4
21,9,28079018,20,1.2
21,9,28079024,20,0.2
21,9,28079038,20,5
21,9,28079055,20,0.7
21,9,28079008,30,1.8
21,9,28079011,30,1.8
21,9,28079018,30,0.4
21,9,28079024,30,0.4
21,9,28079038,30,1.7
21,9,28079055,30,0.4
21,9,28079008,35,1.3
21,9,28079011,35,0.6
21,9,28079018,35,0.4
21,9,28079024,35,0.4
21,9,28079038,35,0.9
21,9,28079055,35,1
21,9,28079024,42,1.33
21,9,28079027,42,1.21
21,9,28079055,42,1.44
21,9,28079024,44,0.25
21,9,28079027,44,0.13
21,9,28079055,44,0.14
22,1,28079004,01,3
22,1,28079017,01,3
22,1,28079018,01,2
22,1,28079024,01,1
22,1,28079035,01,3
22,1,28079036,01,1
22,1,28079038,01,3
22,1,28079040,01,4
22,1,28079057,01,4
22,1,28079004,06,0.3
22,1,28079016,06,0.3
22,1,28079018,06,0.3
22,1,28079024,06,0.2
22,1,28079035,06,0.3
22,1,28079036,06,0.2
22,1,28079039,06,0.2
22,1,28079056,06,0.3
22,1,28079057,06,0.3
22,1,28079004,07,4
22,1,28079011,07,1
22,1,28079016,07,1
22,1,28079017,07,3
22,1,28079018,07,1
22,1,28079024,07,1
22,1,28079027,07,1
22,1,28079035,07,3
22,1,28079036,07,1
22,1,28079038,07,4
22,1,28079039,07,1
22,1,28079040,07,8
22,1,28079047,07,2
22,1,28079048,07,1
22,1,28079049,07,1
22,1,28079050,07,7
22,1,28079054,07,7
22,1,28079055,07,1
22,1,28079056,07,18
22,1,28079057,07,1
22,1,28079058,07,2
22,1,28079059,07,1
22,1,28079060,07,1
22,1,28079004,08,37
22,1,28079011,08,22
22,1,28079016,08,20
22,1,28079017,08,41
22,1,28079018,08,18
22,1,28079024,08,8
22,1,28079027,08,11
22,1,28079035,08,17
22,1,28079036,08,16
22,1,28079038,08,19
22,1,28079039,08,15
22,1,28079040,08,44
22,1,28079047,08,30
22,1,28079048,08,22
22,1,28079049,08,15
22,1,28079050,08,20
22,1,28079054,08,44
22,1,28079055,08,12
22,1,28079056,08,57
22,1,28079057,08,16
22,1,28079058,08,9
22,1,28079059,08,7
22,1,28079060,08,14
22,1,28079024,09,4
22,1,28079038,09,3
22,1,28079047,09,4
22,1,28079048,09,2
22,1,28079050,09,5
22,1,28079018,10,6
22,1,28079024,10,6
22,1,28079036,10,5
22,1,28079038,10,6
22,1,28079040,10,9
22,1,28079047,10,7
22,1,28079048,10,4
22,1,28079050,10,8
22,1,28079055,10,5
22,1,28079057,10,5
22,1,28079060,10,3
22,1,28079016,14,40
22,1,28079017,14,23
22,1,28079018,14,43
22,1,28079024,14,48
22,1,28079027,14,58
22,1,28079035,14,46
22,1,28079039,14,53
22,1,28079049,14,47
22,1,28079054,14,18
22,1,28079056,14,17
22,1,28079058,14,43
22,1,28079059,14,50
22,1,28079060,14,51
22,1,28079011,20,2.8
22,1,28079018,20,0.5
22,1,28079024,20,0.3
22,1,28079038,20,1.7
22,1,28079055,20,0.5
22,1,28079011,30,1.3
22,1,28079018,30,0.1
22,1,28079024,30,0.5
22,1,28079038,30,0.6
22,1,28079055,30,0.2
22,1,28079011,35,0.9
22,1,28079018,35,1
22,1,28079024,35,0.2
22,1,28079038,35,0.3
22,1,28079055,35,1
22,1,28079024,42,1.34
22,1,28079027,42,1.22
22,1,28079055,42,1.44
22,1,28079024,44,0.26
22,1,28079027,44,0.13
22,1,28079055,44,0.14
22,10,28079004,01,3
22,10,28079017,01,3
22,10,28079018,01,2
22,10,28079024,01,1
22,10,28079035,01,3
22,10,28079036,01,1
22,10,28079038,01,3
22,10,28079040,01,3
22,10,28079057,01,4
22,10,28079004,06,0.4
22,10,28079016,06,0.5
22,10,28079018,06,0.5
22,10,28079024,06,0.2
22,10,28079035,06,0.3
22,10,28079036,06,0.4
22,10,28079039,06,0.3
22,10,28079056,06,0.3
22,10,28079057,06,0.4
22,10,28079004,07,25
22,10,28079011,07,41
22,10,28079016,07,43
22,10,28079017,07,34
22,10,28079018,07,12
22,10,28079024,07,2
22,10,28079027,07,24
22,10,28079035,07,14
22,10,28079036,07,40
22,10,28079038,07,40
22,10,28079039,07,23
22,10,28079040,07,34
22,10,28079047,07,7
22,10,28079048,07,41
22,10,28079049,07,10
22,10,28079050,07,129
22,10,28079054,07,22
22,10,28079055,07,34
22,10,28079056,07,18
22,10,28079057,07,25
22,10,28079058,07,5
22,10,28079059,07,25
22,10,28079060,07,14
22,10,28079004,08,67
22,10,28079011,08,79
22,10,28079016,08,75
22,10,28079017,08,60
22,10,28079018,08,50
22,10,28079024,08,25
22,10,28079027,08,67
22,10,28079035,08,45
22,10,28079036,08,52
22,10,28079038,08,65
22,10,28079039,08,62
22,10,28079040,08,67
22,10,28079047,08,43
22,10,28079048,08,63
22,10,28079049,08,48
22,10,28079050,08,94
22,10,28079054,08,48
22,10,28079055,08,69
22,10,28079056,08,48
22,10,28079057,08,64
22,10,28079058,08,25
22,10,28079059,08,40
22,10,28079060,08,53
22,10,28079024,09,4
22,10,28079038,09,6
22,10,28079047,09,1
22,10,28079048,09,8
22,10,28079050,09,14
22,10,28079018,10,11
22,10,28079024,10,5
22,10,28079036,10,14
22,10,28079038,10,9
22,10,28079040,10,11
22,10,28079047,10,8
22,10,28079048,10,18
22,10,28079050,10,18
22,10,28079055,10,13
22,10,28079057,10,9
22,10,28079060,10,7
22,10,28079016,14,8
22,10,28079017,14,15
22,10,28079018,14,17
22,10,28079024,14,36
22,10,28079027,14,10
22,10,28079035,14,21
22,10,28079039,14,15
22,10,28079049,14,14
22,10,28079054,14,14
22,10,28079056,14,24
22,10,28079058,14,35
22,10,28079059,14,9
22,10,28079060,14,19
22,10,28079011,20,6.1
22,10,28079018,20,1.2
22,10,28079024,20,0.8
22,10,28079038,20,3.1
22,10,28079055,20,1.7
22,10,28079011,30,3.4
22,10,28079018,30,0.3
22,10,28079024,30,0.5
22,10,28079038,30,1.1
22,10,28079055,30,0.7
22,10,28079011,35,1
22,10,28079018,35,0.9
22,10,28079024,35,0.3
22,10,28079038,35,0.6
22,10,28079055,35,0.4
22,10,28079024,42,1.35
22,10,28079027,42,1.45
22,10,28079055,42,1.72
22,10,28079024,44,0.25
22,10,28079027,44,0.18
22,10,28079055,44,0.19
22,11,28079004,01,3
22,11,28079017,01,3
22,11,28079018,01,2
22,11,28079024,01,1
22,11,28079035,01,3
22,11,28079036,01,1
22,11,28079038,01,4
22,11,28079040,01,3
22,11,28079057,01,4
22,11,28079004,06,0.4
22,11,28079016,06,0.5
22,11,28079018,06,0.3
22,11,28079024,06,0.2
22,11,28079035,06,0.4
22,11,28079036,06,0.4
22,11,28079039,06,0.4
22,11,28079056,06,0.2
22,11,28079057,06,0.4
22,11,28079004,07,41
22,11,28079011,07,30
22,11,28079016,07,47
22,11,28079017,07,25
22,11,28079018,07,12
22,11,28079024,07,6
22,11,28079027,07,46
22,11,28079035,07,21
22,11,28079036,07,36
22,11,28079038,07,47
22,11,28079039,07,26
22,11,28079040,07,30
22,11,28079047,07,11
22,11,28079048,07,42
22,11,28079049,07,9
22,11,28079050,07,97
22,11,28079054,07,34
22,11,28079055,07,53
22,11,28079056,07,20
22,11,28079057,07,25
22,11,28079058,07,14
22,11,28079059,07,30
22,11,28079060,07,13
22,11,28079004,08,74
22,11,28079011,08,75
22,11,28079016,08,75
22,11,28079017,08,50
22,11,28079018,08,47
22,11,28079024,08,40
22,11,28079027,08,73
22,11,28079035,08,52
22,11,28079036,08,49
22,11,28079038,08,73
22,11,28079039,08,64
22,11,28079040,08,67
22,11,28079047,08,47
22,11,28079048,08,63
22,11,28079049,08,48
22,11,28079050,08,91
22,11,28079054,08,50
22,11,28079055,08,73
22,11,28079056,08,50
22,11,28079057,08,68
22,11,28079058,08,48
22,11,28079059,08,36
22,11,28079060,08,50
22,11,28079024,09,7
22,11,28079038,09,11
22,11,28079047,09,1
22,11,28079048,09,11
22,11,28079050,09,16
22,11,28079018,10,32
22,11,28079024,10,7
22,11,28079036,10,13
22,11,28079038,10,10
22,11,28079040,10,11
22,11,28079047,10,8
22,11,28079048,10,24
22,11,28079050,10,24
22,11,28079055,10,12
22,11,28079057,10,8
22,11,28079060,10,12
22,11,28079016,14,7
22,11,28079017,14,20
22,11,28079018,14,14
22,11,28079024,14,24
22,11,28079027,14,8
22,11,28079035,14,15
22,11,28079039,14,13
22,11,28079049,14,11
22,11,28079054,14,12
22,11,28079056,14,20
22,11,28079058,14,21
22,11,28079059,14,11
22,11,28079060,14,21
22,11,28079011,20,6.1
22,11,28079018,20,1.2
22,11,28079038,20,2.7
22,11,28079055,20,2
22,11,28079011,30,3.1
22,11,28079018,30,0.3
22,11,28079038,30,0.9
22,11,28079055,30,0.6
22,11,28079011,35,0.6
22,11,28079018,35,0.9
22,11,28079038,35,0.5
22,11,28079055,35,0.9
22,11,28079024,42,1.35
22,11,28079027,42,1.42
22,11,28079055,42,1.7
22,11,28079024,44,0.26
22,11,28079027,44,0.2
22,11,28079055,44,0.21
22,12,28079004,01,3
22,12,28079017,01,3
22,12,28079018,01,1
22,12,28079024,01,1
22,12,28079035,01,3
22,12,28079036,01,1
22,12,28079038,01,3
22,12,28079040,01,2
22,12,28079057,01,4
22,12,28079004,06,0.3
22,12,28079016,06,0.4
22,12,28079018,06,0.3
22,12,28079024,06,0.2
22,12,28079035,06,0.3
22,12,28079036,06,0.3
22,12,28079039,06,0.3
22,12,28079056,06,0.3
22,12,28079057,06,0.3
22,12,28079004,07,24
22,12,28079011,07,17
22,12,28079016,07,27
22,12,28079017,07,19
22,12,28079018,07,4
22,12,28079024,07,1
22,12,28079027,07,20
22,12,28079035,07,13
22,12,28079036,07,16
22,12,28079038,07,25
22,12,28079039,07,24
22,12,28079040,07,9
22,12,28079047,07,5
22,12,28079048,07,33
22,12,28079049,07,6
22,12,28079050,07,63
22,12,28079054,07,9
22,12,28079055,07,19
22,12,28079056,07,11
22,12,28079057,07,17
22,12,28079058,07,7
22,12,28079059,07,10
22,12,28079060,07,9
22,12,28079004,08,53
22,12,28079011,08,61
22,12,28079016,08,56
22,12,28079017,08,38
22,12,28079018,08,31
22,12,28079024,08,15
22,12,28079027,08,50
22,12,28079035,08,33
22,12,28079036,08,31
22,12,28079038,08,51
22,12,28079039,08,51
22,12,28079040,08,33
22,12,28079047,08,27
22,12,28079048,08,57
22,12,28079049,08,37
22,12,28079050,08,68
22,12,28079054,08,25
22,12,28079055,08,48
22,12,28079056,08,34
22,12,28079057,08,52
22,12,28079058,08,24
22,12,28079059,08,24
22,12,28079060,08,38
22,12,28079024,09,5
22,12,28079038,09,8
22,12,28079047,09,1
22,12,28079048,09,9
22,12,28079050,09,13
22,12,28079018,10,6
22,12,28079024,10,4
22,12,28079036,10,7
22,12,28079038,10,14
22,12,28079040,10,5
22,12,28079047,10,5
22,12,28079048,10,20
22,12,28079050,10,18
22,12,28079055,10,10
22,12,28079057,10,8
22,12,28079060,10,12
22,12,28079016,14,17
22,12,28079017,14,30
22,12,28079018,14,25
22,12,28079024,14,45
22,12,28079027,14,23
22,12,28079035,14,31
22,12,28079039,14,22
22,12,28079049,14,26
22,12,28079054,14,35
22,12,28079056,14,32
22,12,28079058,14,36
22,12,28079059,14,26
22,12,28079060,14,27
22,12,28079011,20,6.2
22,12,28079038,20,2.2
22,12,28079055,20,2.1
22,12,28079011,30,2.8
22,12,28079038,30,0.7
22,12,28079055,30,0.6
22,12,28079011,35,0.6
22,12,28079038,35,0.5
22,12,28079055,35,0.7
22,12,28079024,42,1.34
22,12,28079027,42,1.33
22,12,28079055,42,1.58
22,12,28079024,44,0.25
22,12,28079027,44,0.17
22,12,28079055,44,0.18
22,13,28079004,01,3
22,13,28079017,01,3
22,13,28079018,01,2
22,13,28079024,01,1
22,13,28079035,01,3
22,13,28079036,01,1
22,13,28079038,01,4
22,13,28079040,01,3
22,13,28079057,01,4
22,13,28079004,06,0.3
22,13,28079016,06,0.4
22,13,28079018,06,0.3
22,13,28079024,06,0.2
22,13,28079035,06,0.3
22,13,28079036,06,0.3
22,13,28079039,06,0.3
22,13,28079056,06,0.2
22,13,28079057,06,0.3
22,13,28079004,07,21
22,13,28079011,07,19
22,13,28079016,07,23
22,13,28079017,07,15
22,13,28079018,07,7
22,13,28079024,07,1
22,13,28079027,07,8
22,13,28079035,07,12
22,13,28079036,07,13
22,13,28079038,07,25
22,13,28079039,07,21
22,13,28079040,07,11
22,13,28079047,07,4
22,13,28079048,07,36
22,13,28079049,07,4
22,13,28079050,07,76
22,13,28079054,07,7
22,13,28079055,07,9
22,13,28079056,07,15
22,13,28079057,07,22
22,13,28079058,07,7
22,13,28079059,07,10
22,13,28079060,07,9
22,13,28079004,08,46
22,13,28079011,08,61
22,13,28079016,08,52
22,13,28079017,08,31
22,13,28079018,08,31
22,13,28079024,08,10
22,13,28079027,08,35
22,13,28079035,08,32
22,13,28079036,08,31
22,13,28079038,08,49
22,13,28079039,08,46
22,13,28079040,08,34
22,13,28079047,08,24
22,13,28079048,08,54
22,13,28079049,08,32
22,13,28079050,08,71
22,13,28079054,08,19
22,13,28079055,08,36
22,13,28079056,08,38
22,13,28079057,08,47
22,13,28079058,08,20
22,13,28079059,08,23
22,13,28079060,08,35
22,13,28079024,09,3
22,13,28079038,09,4
22,13,28079047,09,1
22,13,28079048,09,5
22,13,28079050,09,9
22,13,28079018,10,2
22,13,28079024,10,2
22,13,28079036,10,5
22,13,28079038,10,5
22,13,28079040,10,4
22,13,28079047,10,4
22,13,28079048,10,11
22,13,28079050,10,11
22,13,28079055,10,3
22,13,28079057,10,5
22,13,28079060,10,5
22,13,28079016,14,20
22,13,28079017,14,39
22,13,28079018,14,32
22,13,28079024,14,49
22,13,28079027,14,34
22,13,28079035,14,31
22,13,28079039,14,20
22,13,28079049,14,32
22,13,28079054,14,43
22,13,28079056,14,33
22,13,28079058,14,31
22,13,28079059,14,27
22,13,28079060,14,23
22,13,28079011,20,5.7
22,13,28079018,20,1.3
22,13,28079038,20,1.6
22,13,28079055,20,1.8
22,13,28079011,30,2.5
22,13,28079018,30,0.2
22,13,28079038,30,0.6
22,13,28079055,30,0.3
22,13,28079011,35,0.6
22,13,28079018,35,0.4
22,13,28079038,35,0.4
22,13,28079055,35,1
22,13,28079024,42,1.34
22,13,28079027,42,1.24
22,13,28079055,42,1.45
22,13,28079024,44,0.25
22,13,28079027,44,0.15
22,13,28079055,44,0.15
22,14,28079004,01,3
22,14,28079017,01,3
22,14,28079018,01,2
22,14,28079024,01,1
22,14,28079035,01,3
22,14,28079036,01,1
22,14,28079038,01,4
22,14,28079040,01,3
22,14,28079057,01,4
22,14,28079004,06,0.4
22,14,28079016,06,0.5
22,14,28079018,06,0.4
22,14,28079024,06,0.2
22,14,28079035,06,0.3
22,14,28079036,06,0.3
22,14,28079039,06,0.3
22,14,28079056,06,0.3
22,14,28079057,06,0.4
22,14,28079004,07,21
22,14,28079011,07,14
22,14,28079016,07,31
22,14,28079017,07,25
22,14,28079018,07,12
22,14,28079024,07,1
22,14,28079027,07,16
22,14,28079035,07,14
22,14,28079036,07,21
22,14,28079038,07,31
22,14,28079039,07,28
22,14,28079040,07,17
22,14,28079047,07,8
22,14,28079048,07,33
22,14,28079049,07,8
22,14,28079050,07,88
22,14,28079054,07,10
22,14,28079055,07,19
22,14,28079056,07,26
22,14,28079057,07,19
22,14,28079058,07,7
22,14,28079059,07,13
22,14,28079060,07,14
22,14,28079004,08,51
22,14,28079011,08,57
22,14,28079016,08,63
22,14,28079017,08,48
22,14,28079018,08,44
22,14,28079024,08,8
22,14,28079027,08,44
22,14,28079035,08,38
22,14,28079036,08,34
22,14,28079038,08,48
22,14,28079039,08,49
22,14,28079040,08,41
22,14,28079047,08,35
22,14,28079048,08,52
22,14,28079049,08,45
22,14,28079050,08,75
22,14,28079054,08,22
22,14,28079055,08,50
22,14,28079056,08,53
22,14,28079057,08,43
22,14,28079058,08,19
22,14,28079059,08,24
22,14,28079060,08,38
22,14,28079024,09,1
22,14,28079038,09,2
22,14,28079047,09,1
22,14,28079048,09,1
22,14,28079050,09,9
22,14,28079018,10,3
22,14,28079024,10,1
22,14,28079036,10,4
22,14,28079038,10,6
22,14,28079040,10,3
22,14,28079047,10,2
22,14,28079048,10,4
22,14,28079050,10,10
22,14,28079055,10,3
22,14,28079057,10,3
22,14,28079060,10,8
22,14,28079016,14,19
22,14,28079017,14,28
22,14,28079018,14,27
22,14,28079024,14,52
22,14,28079027,14,33
22,14,28079035,14,31
22,14,28079039,14,23
22,14,28079049,14,25
22,14,28079054,14,40
22,14,28079056,14,28
22,14,28079058,14,35
22,14,28079059,14,33
22,14,28079060,14,28
22,14,28079011,20,5.1
22,14,28079018,20,1.6
22,14,28079038,20,2.1
22,14,28079055,20,1.5
22,14,28079011,30,2.3
22,14,28079018,30,0.2
22,14,28079038,30,0.7
22,14,28079055,30,0.4
22,14,28079011,35,0.5
22,14,28079018,35,0.3
22,14,28079038,35,0.6
22,14,28079055,35,0.9
22,14,28079024,42,1.34
22,14,28079027,42,1.26
22,14,28079055,42,1.49
22,14,28079024,44,0.25
22,14,28079027,44,0.16
22,14,28079055,44,0.18
22,15,28079004,01,3
22,15,28079017,01,3
22,15,28079018,01,2
22,15,28079024,01,1
22,15,28079035,01,3
22,15,28079036,01,1
22,15,28079038,01,4
22,15,28079040,01,3
22,15,28079057,01,4
22,15,28079004,06,0.3
22,15,28079016,06,0.4
22,15,28079018,06,0.4
22,15,28079024,06,0.2
22,15,28079035,06,0.3
22,15,28079036,06,0.4
22,15,28079039,06,0.3
22,15,28079056,06,0.3
22,15,28079057,06,0.3
22,15,28079004,07,15
22,15,28079011,07,19
22,15,28079016,07,21
22,15,28079017,07,18
22,15,28079018,07,18
22,15,28079024,07,1
22,15,28079027,07,13
22,15,28079035,07,12
22,15,28079036,07,26
22,15,28079038,07,30
22,15,28079039,07,23
22,15,28079040,07,25
22,15,28079047,07,9
22,15,28079048,07,25
22,15,28079049,07,6
22,15,28079050,07,62
22,15,28079054,07,14
22,15,28079055,07,18
22,15,28079056,07,32
22,15,28079057,07,16
22,15,28079058,07,6
22,15,28079059,07,11
22,15,28079060,07,10
22,15,28079004,08,45
22,15,28079011,08,66
22,15,28079016,08,58
22,15,28079017,08,47
22,15,28079018,08,47
22,15,28079024,08,8
22,15,28079027,08,44
22,15,28079035,08,37
22,15,28079036,08,45
22,15,28079038,08,54
22,15,28079039,08,55
22,15,28079040,08,57
22,15,28079047,08,39
22,15,28079048,08,51
22,15,28079049,08,39
22,15,28079050,08,68
22,15,28079054,08,40
22,15,28079055,08,53
22,15,28079056,08,60
22,15,28079057,08,48
22,15,28079058,08,15
22,15,28079059,08,27
22,15,28079060,08,38
22,15,28079024,09,2
22,15,28079038,09,3
22,15,28079047,09,2
22,15,28079048,09,3
22,15,28079050,09,10
22,15,28079018,10,5
22,15,28079024,10,1
22,15,28079036,10,5
22,15,28079038,10,7
22,15,28079040,10,7
22,15,28079047,10,5
22,15,28079048,10,6
22,15,28079050,10,4
22,15,28079055,10,5
22,15,28079057,10,5
22,15,28079060,10,4
22,15,28079016,14,21
22,15,28079017,14,26
22,15,28079018,14,26
22,15,28079024,14,55
22,15,28079027,14,37
22,15,28079035,14,32
22,15,28079039,14,24
22,15,28079049,14,30
22,15,28079054,14,26
22,15,28079056,14,24
22,15,28079058,14,47
22,15,28079059,14,30
22,15,28079060,14,33
22,15,28079011,20,4.8
22,15,28079018,20,2.5
22,15,28079024,20,0.9
22,15,28079038,20,2.5
22,15,28079055,20,3
22,15,28079011,30,2.1
22,15,28079018,30,0.4
22,15,28079024,30,0.7
22,15,28079038,30,0.8
22,15,28079055,30,0.6
22,15,28079011,35,0.5
22,15,28079018,35,0.3
22,15,28079024,35,1.1
22,15,28079038,35,0.9
22,15,28079055,35,0.3
22,15,28079024,42,1.33
22,15,28079027,42,1.25
22,15,28079055,42,1.48
22,15,28079024,44,0.26
22,15,28079027,44,0.16
22,15,28079055,44,0.17
22,16,28079004,01,3
22,16,28079017,01,3
22,16,28079018,01,2
22,16,28079024,01,1
22,16,28079035,01,3
22,16,28079036,01,1
22,16,28079038,01,4
22,16,28079040,01,3
22,16,28079057,01,4
22,16,28079004,06,0.3
22,16,28079016,06,0.4
22,16,28079018,06,0.3
22,16,28079024,06,0.2
22,16,28079035,06,0.3
22,16,28079036,06,0.4
22,16,28079039,06,0.3
22,16,28079056,06,0.4
22,16,28079057,06,0.4
22,16,28079004,07,11
22,16,28079011,07,9
22,16,28079016,07,22
22,16,28079017,07,32
22,16,28079018,07,18
22,16,28079024,07,1
22,16,28079027,07,15
22,16,28079035,07,9
22,16,28079036,07,20
22,16,28079038,07,31
22,16,28079039,07,26
22,16,28079040,07,16
22,16,28079047,07,7
22,16,28079048,07,32
22,16,28079049,07,5
22,16,28079050,07,56
22,16,28079054,07,9
22,16,28079055,07,18
22,16,28079056,07,21
22,16,28079057,07,21
22,16,28079058,07,5
22,16,28079059,07,12
22,16,28079060,07,10
22,16,28079004,08,46
22,16,28079011,08,61
22,16,28079016,08,59
22,16,28079017,08,47
22,16,28079018,08,51
22,16,28079024,08,11
22,16,28079027,08,48
22,16,28079035,08,33
22,16,28079036,08,42
22,16,28079038,08,61
22,16,28079039,08,62
22,16,28079040,08,46
22,16,28079047,08,36
22,16,28079048,08,57
22,16,28079049,08,36
22,16,28079050,08,67
22,16,28079054,08,32
22,16,28079055,08,54
22,16,28079056,08,50
22,16,28079057,08,57
22,16,28079058,08,13
22,16,28079059,08,29
22,16,28079060,08,40
22,16,28079024,09,3
22,16,28079038,09,6
22,16,28079047,09,2
22,16,28079048,09,3
22,16,28079050,09,10
22,16,28079018,10,4
22,16,28079024,10,2
22,16,28079036,10,5
22,16,28079038,10,7
22,16,28079040,10,5
22,16,28079047,10,4
22,16,28079048,10,7
22,16,28079050,10,5
22,16,28079055,10,5
22,16,28079057,10,5
22,16,28079060,10,4
22,16,28079016,14,23
22,16,28079017,14,26
22,16,28079018,14,24
22,16,28079024,14,53
22,16,28079027,14,34
22,16,28079035,14,36
22,16,28079039,14,24
22,16,28079049,14,33
22,16,28079054,14,35
22,16,28079056,14,29
22,16,28079058,14,55
22,16,28079059,14,30
22,16,28079060,14,36
22,16,28079011,20,7.1
22,16,28079018,20,1
22,16,28079024,20,0.8
22,16,28079038,20,2.1
22,16,28079055,20,2
22,16,28079011,30,2.6
22,16,28079018,30,0.2
22,16,28079024,30,0.6
22,16,28079038,30,0.8
22,16,28079055,30,0.6
22,16,28079011,35,0.6
22,16,28079018,35,0.7
22,16,28079024,35,0.7
22,16,28079038,35,0.5
22,16,28079055,35,0.7
22,16,28079024,42,1.33
22,16,28079027,42,1.24
22,16,28079055,42,1.47
22,16,28079024,44,0.25
22,16,28079027,44,0.16
22,16,28079055,44,0.16
22,17,28079004,01,3
22,17,28079017,01,3
22,17,28079018,01,2
22,17,28079024,01,1
22,17,28079035,01,4
22,17,28079036,01,1
22,17,28079038,01,5
22,17,28079040,01,3
22,17,28079057,01,4
22,17,28079004,06,0.3
22,17,28079016,06,0.4
22,17,28079018,06,0.3
22,17,28079024,06,0.2
22,17,28079035,06,0.2
22,17,28079036,06,0.3
22,17,28079039,06,0.3
22,17,28079056,06,0.3
22,17,28079057,06,0.3
22,17,28079004,07,10
22,17,28079011,07,15
22,17,28079016,07,17
22,17,28079017,07,9
22,17,28079018,07,11
22,17,28079024,07,1
22,17,28079027,07,9
22,17,28079035,07,6
22,17,28079036,07,16
22,17,28079038,07,20
22,17,28079039,07,22
22,17,28079040,07,14
22,17,28079047,07,5
22,17,28079048,07,23
22,17,28079049,07,3
22,17,28079050,07,58
22,17,28079054,07,7
22,17,28079055,07,11
22,17,28079056,07,15
22,17,28079057,07,16
22,17,28079058,07,4
22,17,28079059,07,8
22,17,28079060,07,11
22,17,28079004,08,32
22,17,28079011,08,62
22,17,28079016,08,47
22,17,28079017,08,30
22,17,28079018,08,35
22,17,28079024,08,6
22,17,28079027,08,35
22,17,28079035,08,18
22,17,28079036,08,35
22,17,28079038,08,41
22,17,28079039,08,52
22,17,28079040,08,37
22,17,28079047,08,24
22,17,28079048,08,47
22,17,28079049,08,24
22,17,28079050,08,65
22,17,28079054,08,20
22,17,28079055,08,38
22,17,28079056,08,36
22,17,28079057,08,45
22,17,28079058,08,8
22,17,28079059,08,20
22,17,28079060,08,38
22,17,28079024,09,3
22,17,28079038,09,6
22,17,28079047,09,3
22,17,28079048,09,4
22,17,28079050,09,8
22,17,28079018,10,6
22,17,28079024,10,3
22,17,28079036,10,5
22,17,28079038,10,5
22,17,28079040,10,4
22,17,28079047,10,4
22,17,28079048,10,8
22,17,28079050,10,4
22,17,28079055,10,6
22,17,28079057,10,9
22,17,28079060,10,7
22,17,28079016,14,31
22,17,28079017,14,49
22,17,28079018,14,42
22,17,28079024,14,65
22,17,28079027,14,46
22,17,28079035,14,54
22,17,28079039,14,33
22,17,28079049,14,50
22,17,28079054,14,52
22,17,28079056,14,48
22,17,28079058,14,65
22,17,28079059,14,41
22,17,28079060,14,41
22,17,28079011,20,5
22,17,28079018,20,1.2
22,17,28079024,20,0.7
22,17,28079038,20,2.1
22,17,28079055,20,1.8
22,17,28079011,30,2.2
22,17,28079018,30,0.3
22,17,28079024,30,0.6
22,17,28079038,30,0.8
22,17,28079055,30,0.5
22,17,28079011,35,0.3
22,17,28079018,35,0.7
22,17,28079024,35,0.7
22,17,28079038,35,0.5
22,17,28079055,35,1
22,17,28079024,42,1.33
22,17,28079027,42,1.23
22,17,28079055,42,1.46
22,17,28079024,44,0.26
22,17,28079027,44,0.14
22,17,28079055,44,0.15
22,18,28079004,01,3
22,18,28079017,01,3
22,18,28079018,01,3
22,18,28079024,01,1
22,18,28079035,01,4
22,18,28079036,01,1
22,18,28079038,01,6
22,18,28079040,01,4
22,18,28079057,01,4
22,18,28079004,06,0.3
22,18,28079016,06,0.3
22,18,28079018,06,0.3
22,18,28079024,06,0.2
22,18,28079035,06,0.3
22,18,28079036,06,0.3
22,18,28079039,06,0.3
22,18,28079056,06,0.2
22,18,28079057,06,0.3
22,18,28079004,07,8
22,18,28079011,07,16
22,18,28079016,07,12
22,18,28079017,07,9
22,18,28079018,07,19
22,18,28079024,07,1
22,18,28079027,07,4
22,18,28079035,07,9
22,18,28079036,07,10
22,18,28079038,07,21
22,18,28079039,07,17
22,18,28079040,07,9
22,18,28079047,07,3
22,18,28079048,07,21
22,18,28079049,07,2
22,18,28079050,07,64
22,18,28079054,07,5
22,18,28079055,07,6
22,18,28079056,07,13
22,18,28079057,07,9
22,18,28079058,07,4
22,18,28079059,07,6
22,18,28079060,07,9
22,18,28079004,08,31
22,18,28079011,08,68
22,18,28079016,08,46
22,18,28079017,08,30
22,18,28079018,08,45
22,18,28079024,08,5
22,18,28079027,08,24
22,18,28079035,08,28
22,18,28079036,08,28
22,18,28079038,08,47
22,18,28079039,08,45
22,18,28079040,08,31
22,18,28079047,08,22
22,18,28079048,08,51
22,18,28079049,08,20
22,18,28079050,08,71
22,18,28079054,08,14
22,18,28079055,08,29
22,18,28079056,08,36
22,18,28079057,08,32
22,18,28079058,08,6
22,18,28079059,08,20
22,18,28079060,08,33
22,18,28079024,09,1
22,18,28079038,09,3
22,18,28079047,09,1
22,18,28079048,09,1
22,18,28079050,09,6
22,18,28079018,10,5
22,18,28079024,10,3
22,18,28079036,10,4
22,18,28079038,10,4
22,18,28079040,10,4
22,18,28079047,10,3
22,18,28079048,10,4
22,18,28079050,10,3
22,18,28079055,10,4
22,18,28079057,10,5
22,18,28079060,10,4
22,18,28079016,14,37
22,18,28079017,14,54
22,18,28079018,14,41
22,18,28079024,14,72
22,18,28079027,14,62
22,18,28079035,14,53
22,18,28079039,14,45
22,18,28079049,14,59
22,18,28079054,14,62
22,18,28079056,14,53
22,18,28079058,14,71
22,18,28079059,14,47
22,18,28079060,14,51
22,18,28079011,20,5.2
22,18,28079018,20,0.6
22,18,28079024,20,0.5
22,18,28079038,20,1.4
22,18,28079055,20,1.2
22,18,28079011,30,2.6
22,18,28079018,30,0.2
22,18,28079024,30,0.5
22,18,28079038,30,0.6
22,18,28079055,30,0.3
22,18,28079011,35,0.4
22,18,28079018,35,1
22,18,28079024,35,0.5
22,18,28079038,35,0.2
22,18,28079055,35,1
22,18,28079024,42,1.33
22,18,28079027,42,1.22
22,18,28079055,42,1.45
22,18,28079024,44,0.26
22,18,28079027,44,0.14
22,18,28079055,44,0.15
22,19,28079004,01,3
22,19,28079017,01,3
22,19,28079018,01,2
22,19,28079024,01,1
22,19,28079035,01,5
22,19,28079036,01,2
22,19,28079038,01,6
22,19,28079040,01,4
22,19,28079057,01,4
22,19,28079004,06,0.3
22,19,28079016,06,0.3
22,19,28079018,06,0.3
22,19,28079024,06,0.2
22,19,28079035,06,0.3
22,19,28079036,06,0.3
22,19,28079039,06,0.3
22,19,28079056,06,0.3
22,19,28079057,06,0.3
22,19,28079004,07,10
22,19,28079011,07,20
22,19,28079016,07,11
22,19,28079017,07,14
22,19,28079018,07,4
22,19,28079024,07,1
22,19,28079027,07,4
22,19,28079035,07,10
22,19,28079036,07,9
22,19,28079038,07,22
22,19,28079039,07,18
22,19,28079040,07,8
22,19,28079047,07,2
22,19,28079048,07,16
22,19,28079049,07,1
22,19,28079050,07,68
22,19,28079054,07,4
22,19,28079055,07,5
22,19,28079056,07,15
22,19,28079057,07,11
22,19,28079058,07,3
22,19,28079059,07,6
22,19,28079060,07,7
22,19,28079004,08,49
22,19,28079011,08,79
22,19,28079016,08,51
22,19,28079017,08,60
22,19,28079018,08,35
22,19,28079024,08,5
22,19,28079027,08,34
22,19,28079035,08,44
22,19,28079036,08,30
22,19,28079038,08,57
22,19,28079039,08,59
22,19,28079040,08,38
22,19,28079047,08,30
22,19,28079048,08,54
22,19,28079049,08,24
22,19,28079050,08,83
22,19,28079054,08,22
22,19,28079055,08,37
22,19,28079056,08,52
22,19,28079057,08,46
22,19,28079058,08,9
22,19,28079059,08,33
22,19,28079060,08,40
22,19,28079024,09,1
22,19,28079038,09,1
22,19,28079047,09,1
22,19,28079048,09,1
22,19,28079050,09,8
22,19,28079018,10,3
22,19,28079024,10,2
22,19,28079036,10,4
22,19,28079038,10,4
22,19,28079040,10,4
22,19,28079047,10,3
22,19,28079048,10,4
22,19,28079050,10,12
22,19,28079055,10,2
22,19,28079057,10,7
22,19,28079060,10,4
22,19,28079016,14,36
22,19,28079017,14,29
22,19,28079018,14,49
22,19,28079024,14,74
22,19,28079027,14,56
22,19,28079035,14,41
22,19,28079039,14,37
22,19,28079049,14,58
22,19,28079054,14,58
22,19,28079056,14,43
22,19,28079058,14,68
22,19,28079059,14,40
22,19,28079060,14,46
22,19,28079011,20,4.8
22,19,28079018,20,0.6
22,19,28079024,20,0.4
22,19,28079038,20,1.8
22,19,28079055,20,0.8
22,19,28079011,30,2.4
22,19,28079018,30,0.1
22,19,28079024,30,0.5
22,19,28079038,30,0.6
22,19,28079055,30,0.3
22,19,28079011,35,0.3
22,19,28079018,35,1
22,19,28079024,35,0.5
22,19,28079038,35,0.4
22,19,28079055,35,1
22,19,28079024,42,1.33
22,19,28079027,42,1.22
22,19,28079055,42,1.45
22,19,28079024,44,0.26
22,19,28079027,44,0.14
22,19,28079055,44,0.15
22,2,28079004,01,3
22,2,28079017,01,3
22,2,28079018,01,2
22,2,28079024,01,1
22,2,28079035,01,3
22,2,28079036,01,1
22,2,28079038,01,3
22,2,28079040,01,3
22,2,28079057,01,4
22,2,28079004,06,0.3
22,2,28079016,06,0.3
22,2,28079018,06,0.3
22,2,28079024,06,0.2
22,2,28079035,06,0.3
22,2,28079036,06,0.3
22,2,28079039,06,0.2
22,2,28079056,06,0.2
22,2,28079057,06,0.2
22,2,28079004,07,1
22,2,28079011,07,1
22,2,28079016,07,1
22,2,28079017,07,5
22,2,28079018,07,1
22,2,28079024,07,1
22,2,28079027,07,1
22,2,28079035,07,3
22,2,28079036,07,2
22,2,28079038,07,3
22,2,28079039,07,1
22,2,28079040,07,3
22,2,28079047,07,11
22,2,28079048,07,2
22,2,28079049,07,1
22,2,28079050,07,5
22,2,28079054,07,4
22,2,28079055,07,1
22,2,28079056,07,5
22,2,28079057,07,1
22,2,28079058,07,2
22,2,28079059,07,2
22,2,28079060,07,1
22,2,28079004,08,27
22,2,28079011,08,24
22,2,28079016,08,23
22,2,28079017,08,39
22,2,28079018,08,18
22,2,28079024,08,14
22,2,28079027,08,10
22,2,28079035,08,29
22,2,28079036,08,30
22,2,28079038,08,15
22,2,28079039,08,16
22,2,28079040,08,49
22,2,28079047,08,51
22,2,28079048,08,20
22,2,28079049,08,16
22,2,28079050,08,18
22,2,28079054,08,28
22,2,28079055,08,14
22,2,28079056,08,39
22,2,28079057,08,12
22,2,28079058,08,6
22,2,28079059,08,9
22,2,28079060,08,11
22,2,28079024,09,4
22,2,28079038,09,1
22,2,28079047,09,6
22,2,28079048,09,2
22,2,28079050,09,5
22,2,28079018,10,5
22,2,28079024,10,5
22,2,28079036,10,9
22,2,28079038,10,5
22,2,28079040,10,13
22,2,28079047,10,14
22,2,28079048,10,6
22,2,28079050,10,8
22,2,28079055,10,4
22,2,28079057,10,3
22,2,28079060,10,4
22,2,28079016,14,34
22,2,28079017,14,20
22,2,28079018,14,41
22,2,28079024,14,43
22,2,28079027,14,57
22,2,28079035,14,31
22,2,28079039,14,49
22,2,28079049,14,34
22,2,28079054,14,23
22,2,28079056,14,27
22,2,28079058,14,44
22,2,28079059,14,46
22,2,28079060,14,52
22,2,28079011,20,4.2
22,2,28079018,20,0.4
22,2,28079024,20,0.5
22,2,28079038,20,0.5
22,2,28079055,20,0.4
22,2,28079011,30,1.2
22,2,28079018,30,0.1
22,2,28079024,30,0.5
22,2,28079038,30,0.3
22,2,28079055,30,0.2
22,2,28079011,35,1
22,2,28079018,35,1
22,2,28079024,35,0.3
22,2,28079038,35,0.8
22,2,28079055,35,1
22,2,28079024,42,1.36
22,2,28079027,42,1.23
22,2,28079055,42,1.45
22,2,28079024,44,0.27
22,2,28079027,44,0.14
22,2,28079055,44,0.14
22,20,28079004,01,5
22,20,28079017,01,3
22,20,28079018,01,3
22,20,28079024,01,1
22,20,28079035,01,6
22,20,28079036,01,2
22,20,28079038,01,6
22,20,28079040,01,4
22,20,28079057,01,4
22,20,28079004,06,0.4
22,20,28079016,06,0.5
22,20,28079018,06,0.4
22,20,28079024,06,0.2
22,20,28079035,06,0.4
22,20,28079036,06,0.4
22,20,28079039,06,0.4
22,20,28079056,06,0.5
22,20,28079057,06,0.4
22,20,28079004,07,18
22,20,28079011,07,16
22,20,28079016,07,24
22,20,28079017,07,33
22,20,28079018,07,10
22,20,28079024,07,1
22,20,28079027,07,5
22,20,28079035,07,7
22,20,28079036,07,16
22,20,28079038,07,30
22,20,28079039,07,32
22,20,28079040,07,32
22,20,28079047,07,4
22,20,28079048,07,31
22,20,28079049,07,1
22,20,28079050,07,80
22,20,28079054,07,11
22,20,28079055,07,8
22,20,28079056,07,52
22,20,28079057,07,19
22,20,28079058,07,4
22,20,28079059,07,7
22,20,28079060,07,7
22,20,28079004,08,73
22,20,28079011,08,84
22,20,28079016,08,80
22,20,28079017,08,87
22,20,28079018,08,66
22,20,28079024,08,12
22,20,28079027,08,48
22,20,28079035,08,56
22,20,28079036,08,54
22,20,28079038,08,81
22,20,28079039,08,80
22,20,28079040,08,87
22,20,28079047,08,58
22,20,28079048,08,75
22,20,28079049,08,34
22,20,28079050,08,97
22,20,28079054,08,60
22,20,28079055,08,54
22,20,28079056,08,96
22,20,28079057,08,62
22,20,28079058,08,12
22,20,28079059,08,46
22,20,28079060,08,52
22,20,28079024,09,3
22,20,28079038,09,4
22,20,28079047,09,4
22,20,28079048,09,3
22,20,28079050,09,9
22,20,28079018,10,9
22,20,28079024,10,4
22,20,28079036,10,9
22,20,28079038,10,8
22,20,28079040,10,12
22,20,28079047,10,7
22,20,28079048,10,9
22,20,28079050,10,25
22,20,28079055,10,5
22,20,28079057,10,6
22,20,28079060,10,6
22,20,28079016,14,18
22,20,28079017,14,8
22,20,28079018,14,25
22,20,28079024,14,61
22,20,28079027,14,44
22,20,28079035,14,28
22,20,28079039,14,23
22,20,28079049,14,41
22,20,28079054,14,22
22,20,28079056,14,7
22,20,28079058,14,66
22,20,28079059,14,28
22,20,28079060,14,36
22,20,28079011,20,5.3
22,20,28079018,20,1.6
22,20,28079024,20,0.4
22,20,28079038,20,2.3
22,20,28079055,20,1.1
22,20,28079011,30,2.7
22,20,28079018,30,0.2
22,20,28079024,30,0.5
22,20,28079038,30,0.8
22,20,28079055,30,0.3
22,20,28079011,35,0.5
22,20,28079018,35,0.6
22,20,28079024,35,0.4
22,20,28079038,35,0.5
22,20,28079055,35,1
22,20,28079024,42,1.33
22,20,28079027,42,1.23
22,20,28079055,42,1.47
22,20,28079024,44,0.26
22,20,28079027,44,0.15
22,20,28079055,44,0.16
22,21,28079004,01,4
22,21,28079017,01,3
22,21,28079018,01,3
22,21,28079024,01,1
22,21,28079035,01,5
22,21,28079036,01,2
22,21,28079038,01,5
22,21,28079040,01,3
22,21,28079057,01,4
22,21,28079004,06,0.4
22,21,28079016,06,0.5
22,21,28079018,06,0.4
22,21,28079024,06,0.2
22,21,28079035,06,0.4
22,21,28079036,06,0.4
22,21,28079039,06,0.4
22,21,28079056,06,0.4
22,21,28079057,06,0.4
22,21,28079004,07,20
22,21,28079011,07,6
22,21,28079016,07,22
22,21,28079017,07,16
22,21,28079018,07,9
22,21,28079024,07,1
22,21,28079027,07,8
22,21,28079035,07,8
22,21,28079036,07,22
22,21,28079038,07,21
22,21,28079039,07,31
22,21,28079040,07,22
22,21,28079047,07,7
22,21,28079048,07,25
22,21,28079049,07,3
22,21,28079050,07,55
22,21,28079054,07,10
22,21,28079055,07,13
22,21,28079056,07,20
22,21,28079057,07,18
22,21,28079058,07,4
22,21,28079059,07,4
22,21,28079060,07,8
22,21,28079004,08,74
22,21,28079011,08,66
22,21,28079016,08,78
22,21,28079017,08,57
22,21,28079018,08,64
22,21,28079024,08,32
22,21,28079027,08,59
22,21,28079035,08,51
22,21,28079036,08,59
22,21,28079038,08,64
22,21,28079039,08,80
22,21,28079040,08,74
22,21,28079047,08,60
22,21,28079048,08,65
22,21,28079049,08,52
22,21,28079050,08,74
22,21,28079054,08,50
22,21,28079055,08,68
22,21,28079056,08,65
22,21,28079057,08,66
22,21,28079058,08,21
22,21,28079059,08,32
22,21,28079060,08,59
22,21,28079024,09,5
22,21,28079038,09,10
22,21,28079047,09,5
22,21,28079048,09,26
22,21,28079050,09,15
22,21,28079018,10,10
22,21,28079024,10,6
22,21,28079036,10,24
22,21,28079038,10,12
22,21,28079040,10,12
22,21,28079047,10,10
22,21,28079048,10,56
22,21,28079050,10,23
22,21,28079055,10,16
22,21,28079057,10,14
22,21,28079060,10,36
22,21,28079016,14,16
22,21,28079017,14,28
22,21,28079018,14,22
22,21,28079024,14,39
22,21,28079027,14,33
22,21,28079035,14,28
22,21,28079039,14,19
22,21,28079049,14,28
22,21,28079054,14,29
22,21,28079056,14,25
22,21,28079058,14,54
22,21,28079059,14,36
22,21,28079060,14,27
22,21,28079011,20,4.9
22,21,28079018,20,1.6
22,21,28079024,20,0.6
22,21,28079038,20,2.3
22,21,28079055,20,2
22,21,28079011,30,2.5
22,21,28079018,30,0.3
22,21,28079024,30,0.5
22,21,28079038,30,0.8
22,21,28079055,30,0.6
22,21,28079011,35,0.4
22,21,28079018,35,0.7
22,21,28079024,35,0.4
22,21,28079038,35,0.7
22,21,28079055,35,0.7
22,21,28079024,42,1.34
22,21,28079027,42,1.26
22,21,28079055,42,1.49
22,21,28079024,44,0.27
22,21,28079027,44,0.17
22,21,28079055,44,0.17
22,22,28079004,01,3
22,22,28079017,01,3
22,22,28079018,01,2
22,22,28079024,01,1
22,22,28079035,01,3
22,22,28079036,01,1
22,22,28079038,01,4
22,22,28079040,01,2
22,22,28079057,01,4
22,22,28079004,06,0.3
22,22,28079016,06,0.3
22,22,28079018,06,0.3
22,22,28079024,06,0.2
22,22,28079035,06,0.3
22,22,28079036,06,0.3
22,22,28079039,06,0.3
22,22,28079056,06,0.4
22,22,28079057,06,0.4
22,22,28079004,07,6
22,22,28079011,07,2
22,22,28079016,07,5
22,22,28079017,07,6
22,22,28079018,07,2
22,22,28079024,07,1
22,22,28079027,07,4
22,22,28079035,07,7
22,22,28079036,07,5
22,22,28079038,07,12
22,22,28079039,07,13
22,22,28079040,07,6
22,22,28079047,07,2
22,22,28079048,07,12
22,22,28079049,07,1
22,22,28079050,07,31
22,22,28079054,07,4
22,22,28079055,07,3
22,22,28079056,07,6
22,22,28079057,07,10
22,22,28079058,07,3
22,22,28079059,07,2
22,22,28079060,07,6
22,22,28079004,08,28
22,22,28079011,08,46
22,22,28079016,08,33
22,22,28079017,08,27
22,22,28079018,08,28
22,22,28079024,08,4
22,22,28079027,08,32
22,22,28079035,08,23
22,22,28079036,08,26
22,22,28079038,08,35
22,22,28079039,08,61
22,22,28079040,08,30
22,22,28079047,08,23
22,22,28079048,08,42
22,22,28079049,08,20
22,22,28079050,08,44
22,22,28079054,08,24
22,22,28079055,08,33
22,22,28079056,08,28
22,22,28079057,08,51
22,22,28079058,08,21
22,22,28079059,08,19
22,22,28079060,08,47
22,22,28079024,09,5
22,22,28079038,09,7
22,22,28079047,09,4
22,22,28079048,09,11
22,22,28079050,09,10
22,22,28079018,10,6
22,22,28079024,10,4
22,22,28079036,10,14
22,22,28079038,10,6
22,22,28079040,10,7
22,22,28079047,10,7
22,22,28079048,10,24
22,22,28079050,10,11
22,22,28079055,10,9
22,22,28079057,10,9
22,22,28079060,10,18
22,22,28079016,14,40
22,22,28079017,14,50
22,22,28079018,14,47
22,22,28079024,14,67
22,22,28079027,14,49
22,22,28079035,14,51
22,22,28079039,14,27
22,22,28079049,14,54
22,22,28079054,14,48
22,22,28079056,14,50
22,22,28079058,14,42
22,22,28079059,14,45
22,22,28079060,14,34
22,22,28079011,20,3.8
22,22,28079018,20,0.5
22,22,28079024,20,0.8
22,22,28079038,20,2
22,22,28079055,20,1.5
22,22,28079011,30,2
22,22,28079018,30,0.2
22,22,28079024,30,0.6
22,22,28079038,30,0.6
22,22,28079055,30,0.4
22,22,28079011,35,0.2
22,22,28079018,35,1
22,22,28079024,35,0.5
22,22,28079038,35,0.5
22,22,28079055,35,0.7
22,22,28079024,42,1.33
22,22,28079027,42,1.23
22,22,28079055,42,1.45
22,22,28079024,44,0.25
22,22,28079027,44,0.15
22,22,28079055,44,0.15
22,23,28079004,01,3
22,23,28079017,01,3
22,23,28079018,01,2
22,23,28079024,01,1
22,23,28079035,01,3
22,23,28079036,01,1
22,23,28079038,01,4
22,23,28079040,01,2
22,23,28079057,01,3
22,23,28079004,06,0.3
22,23,28079016,06,0.3
22,23,28079018,06,0.3
22,23,28079024,06,0.2
22,23,28079035,06,0.3
22,23,28079036,06,0.3
22,23,28079039,06,0.2
22,23,28079056,06,0.2
22,23,28079057,06,0.3
22,23,28079004,07,4
22,23,28079011,07,1
22,23,28079016,07,3
22,23,28079017,07,4
22,23,28079018,07,1
22,23,28079024,07,1
22,23,28079027,07,5
22,23,28079035,07,4
22,23,28079036,07,3
22,23,28079038,07,6
22,23,28079039,07,6
22,23,28079040,07,5
22,23,28079047,07,1
22,23,28079048,07,5
22,23,28079049,07,1
22,23,28079050,07,28
22,23,28079054,07,4
22,23,28079055,07,2
22,23,28079056,07,5
22,23,28079057,07,4
22,23,28079058,07,3
22,23,28079059,07,2
22,23,28079060,07,2
22,23,28079004,08,26
22,23,28079011,08,36
22,23,28079016,08,33
22,23,28079017,08,19
22,23,28079018,08,25
22,23,28079024,08,5
22,23,28079027,08,48
22,23,28079035,08,19
22,23,28079036,08,21
22,23,28079038,08,23
22,23,28079039,08,33
22,23,28079040,08,25
22,23,28079047,08,22
22,23,28079048,08,30
22,23,28079049,08,21
22,23,28079050,08,42
22,23,28079054,08,18
22,23,28079055,08,29
22,23,28079056,08,23
22,23,28079057,08,23
22,23,28079058,08,6
22,23,28079059,08,14
22,23,28079060,08,23
22,23,28079024,09,3
22,23,28079038,09,3
22,23,28079047,09,4
22,23,28079048,09,1
22,23,28079050,09,5
22,23,28079018,10,6
22,23,28079024,10,4
22,23,28079036,10,4
22,23,28079038,10,1
22,23,28079040,10,5
22,23,28079047,10,5
22,23,28079048,10,4
22,23,28079050,10,3
22,23,28079055,10,5
22,23,28079057,10,6
22,23,28079060,10,4
22,23,28079016,14,42
22,23,28079017,14,54
22,23,28079018,14,47
22,23,28079024,14,67
22,23,28079027,14,35
22,23,28079035,14,32
22,23,28079039,14,51
22,23,28079049,14,51
22,23,28079054,14,52
22,23,28079056,14,51
22,23,28079058,14,68
22,23,28079059,14,52
22,23,28079060,14,55
22,23,28079011,20,2.7
22,23,28079018,20,0.3
22,23,28079024,20,0.5
22,23,28079038,20,1.2
22,23,28079055,20,1
22,23,28079011,30,1.6
22,23,28079018,30,0.1
22,23,28079024,30,0.5
22,23,28079038,30,0.5
22,23,28079055,30,0.3
22,23,28079011,35,0.9
22,23,28079018,35,1
22,23,28079024,35,0.5
22,23,28079038,35,0.2
22,23,28079055,35,1
22,23,28079024,42,1.33
22,23,28079027,42,1.26
22,23,28079055,42,1.45
22,23,28079024,44,0.25
22,23,28079027,44,0.15
22,23,28079055,44,0.15
22,24,28079004,01,3
22,24,28079017,01,3
22,24,28079018,01,2
22,24,28079024,01,1
22,24,28079035,01,3
22,24,28079036,01,1
22,24,28079038,01,3
22,24,28079040,01,2
22,24,28079057,01,3
22,24,28079004,06,0.3
22,24,28079016,06,0.3
22,24,28079018,06,0.2
22,24,28079024,06,0.2
22,24,28079035,06,0.3
22,24,28079036,06,0.2
22,24,28079039,06,0.2
22,24,28079056,06,0.2
22,24,28079057,06,0.3
22,24,28079004,07,4
22,24,28079011,07,3
22,24,28079016,07,2
22,24,28079017,07,2
22,24,28079018,07,1
22,24,28079024,07,1
22,24,28079027,07,1
22,24,28079035,07,3
22,24,28079036,07,1
22,24,28079038,07,3
22,24,28079039,07,2
22,24,28079040,07,2
22,24,28079047,07,1
22,24,28079048,07,2
22,24,28079049,07,1
22,24,28079050,07,17
22,24,28079054,07,4
22,24,28079055,07,1
22,24,28079056,07,5
22,24,28079057,07,1
22,24,28079058,07,2
22,24,28079059,07,1
22,24,28079060,07,1
22,24,28079004,08,25
22,24,28079011,08,38
22,24,28079016,08,22
22,24,28079017,08,15
22,24,28079018,08,15
22,24,28079024,08,2
22,24,28079027,08,9
22,24,28079035,08,15
22,24,28079036,08,12
22,24,28079038,08,18
22,24,28079039,08,23
22,24,28079040,08,20
22,24,28079047,08,13
22,24,28079048,08,20
22,24,28079049,08,16
22,24,28079050,08,35
22,24,28079054,08,17
22,24,28079055,08,10
22,24,28079056,08,21
22,24,28079057,08,11
22,24,28079058,08,2
22,24,28079059,08,5
22,24,28079060,08,10
22,24,28079024,09,4
22,24,28079038,09,6
22,24,28079047,09,3
22,24,28079048,09,6
22,24,28079050,09,5
22,24,28079018,10,5
22,24,28079024,10,4
22,24,28079036,10,7
22,24,28079038,10,4
22,24,28079040,10,5
22,24,28079047,10,5
22,24,28079048,10,8
22,24,28079050,10,6
22,24,28079055,10,4
22,24,28079057,10,5
22,24,28079060,10,4
22,24,28079016,14,50
22,24,28079017,14,55
22,24,28079018,14,50
22,24,28079024,14,60
22,24,28079027,14,77
22,24,28079035,14,55
22,24,28079039,14,59
22,24,28079049,14,54
22,24,28079054,14,51
22,24,28079056,14,51
22,24,28079058,14,80
22,24,28079059,14,64
22,24,28079060,14,74
22,24,28079011,20,2.3
22,24,28079018,20,0.2
22,24,28079024,20,0.4
22,24,28079038,20,0.8
22,24,28079055,20,0.6
22,24,28079011,30,1.6
22,24,28079018,30,0.1
22,24,28079024,30,0.5
22,24,28079038,30,0.4
22,24,28079055,30,0.2
22,24,28079011,35,1
22,24,28079018,35,1
22,24,28079024,35,0.3
22,24,28079038,35,0.2
22,24,28079055,35,1
22,24,28079024,42,1.33
22,24,28079027,42,1.21
22,24,28079055,42,1.43
22,24,28079024,44,0.26
22,24,28079027,44,0.14
22,24,28079055,44,0.14
22,3,28079004,01,3
22,3,28079017,01,3
22,3,28079018,01,2
22,3,28079024,01,1
22,3,28079035,01,3
22,3,28079036,01,1
22,3,28079038,01,3
22,3,28079040,01,3
22,3,28079057,01,4
22,3,28079004,06,0.3
22,3,28079016,06,0.3
22,3,28079018,06,0.2
22,3,28079024,06,0.2
22,3,28079035,06,0.3
22,3,28079036,06,0.2
22,3,28079039,06,0.2
22,3,28079056,06,0.2
22,3,28079057,06,0.3
22,3,28079004,07,1
22,3,28079011,07,1
22,3,28079016,07,3
22,3,28079017,07,1
22,3,28079018,07,1
22,3,28079024,07,1
22,3,28079027,07,1
22,3,28079035,07,4
22,3,28079036,07,1
22,3,28079038,07,4
22,3,28079039,07,1
22,3,28079040,07,1
22,3,28079047,07,4
22,3,28079048,07,4
22,3,28079049,07,3
22,3,28079050,07,7
22,3,28079054,07,4
22,3,28079055,07,1
22,3,28079056,07,8
22,3,28079057,07,1
22,3,28079058,07,2
22,3,28079059,07,4
22,3,28079060,07,1
22,3,28079004,08,31
22,3,28079011,08,29
22,3,28079016,08,43
22,3,28079017,08,15
22,3,28079018,08,13
22,3,28079024,08,19
22,3,28079027,08,28
22,3,28079035,08,27
22,3,28079036,08,21
22,3,28079038,08,21
22,3,28079039,08,16
22,3,28079040,08,35
22,3,28079047,08,39
22,3,28079048,08,32
22,3,28079049,08,40
22,3,28079050,08,23
22,3,28079054,08,20
22,3,28079055,08,32
22,3,28079056,08,31
22,3,28079057,08,19
22,3,28079058,08,6
22,3,28079059,08,26
22,3,28079060,08,13
22,3,28079024,09,7
22,3,28079038,09,9
22,3,28079047,09,7
22,3,28079048,09,18
22,3,28079050,09,8
22,3,28079018,10,7
22,3,28079024,10,8
22,3,28079036,10,18
22,3,28079038,10,11
22,3,28079040,10,10
22,3,28079047,10,11
22,3,28079048,10,36
22,3,28079050,10,17
22,3,28079055,10,11
22,3,28079057,10,6
22,3,28079060,10,11
22,3,28079016,14,16
22,3,28079017,14,39
22,3,28079018,14,40
22,3,28079024,14,34
22,3,28079027,14,36
22,3,28079035,14,29
22,3,28079039,14,43
22,3,28079049,14,11
22,3,28079054,14,28
22,3,28079056,14,29
22,3,28079058,14,38
22,3,28079059,14,24
22,3,28079060,14,46
22,3,28079011,20,3.7
22,3,28079018,20,0.5
22,3,28079024,20,0.8
22,3,28079038,20,1
22,3,28079055,20,1.2
22,3,28079011,30,1.3
22,3,28079018,30,0.1
22,3,28079024,30,0.6
22,3,28079038,30,0.4
22,3,28079055,30,0.2
22,3,28079011,35,0.9
22,3,28079018,35,1
22,3,28079024,35,0.4
22,3,28079038,35,0.6
22,3,28079055,35,1
22,3,28079024,42,1.38
22,3,28079027,42,1.3
22,3,28079055,42,1.52
22,3,28079024,44,0.28
22,3,28079027,44,0.17
22,3,28079055,44,0.17
22,4,28079004,01,2
22,4,28079017,01,2
22,4,28079018,01,2
22,4,28079024,01,1
22,4,28079035,01,2
22,4,28079036,01,1
22,4,28079038,01,2
22,4,28079040,01,3
22,4,28079057,01,4
22,4,28079004,06,0.2
22,4,28079016,06,0.3
22,4,28079018,06,0.2
22,4,28079024,06,0.2
22,4,28079035,06,0.2
22,4,28079036,06,0.2
22,4,28079039,06,0.2
22,4,28079056,06,0.2
22,4,28079057,06,0.3
22,4,28079004,07,1
22,4,28079011,07,1
22,4,28079016,07,3
22,4,28079017,07,1
22,4,28079018,07,1
22,4,28079024,07,1
22,4,28079027,07,1
22,4,28079035,07,2
22,4,28079036,07,1
22,4,28079038,07,2
22,4,28079039,07,1
22,4,28079040,07,3
22,4,28079047,07,1
22,4,28079048,07,1
22,4,28079049,07,2
22,4,28079050,07,8
22,4,28079054,07,4
22,4,28079055,07,1
22,4,28079056,07,8
22,4,28079057,07,1
22,4,28079058,07,2
22,4,28079059,07,3
22,4,28079060,07,1
22,4,28079004,08,18
22,4,28079011,08,16
22,4,28079016,08,36
22,4,28079017,08,11
22,4,28079018,08,10
22,4,28079024,08,8
22,4,28079027,08,32
22,4,28079035,08,12
22,4,28079036,08,13
22,4,28079038,08,13
22,4,28079039,08,14
22,4,28079040,08,45
22,4,28079047,08,14
22,4,28079048,08,13
22,4,28079049,08,29
22,4,28079050,08,19
22,4,28079054,08,18
22,4,28079055,08,25
22,4,28079056,08,31
22,4,28079057,08,18
22,4,28079058,08,6
22,4,28079059,08,21
22,4,28079060,08,11
22,4,28079024,09,4
22,4,28079038,09,4
22,4,28079047,09,4
22,4,28079048,09,7
22,4,28079050,09,6
22,4,28079018,10,5
22,4,28079024,10,5
22,4,28079036,10,9
22,4,28079038,10,6
22,4,28079040,10,8
22,4,28079047,10,6
22,4,28079048,10,14
22,4,28079050,10,10
22,4,28079055,10,10
22,4,28079057,10,6
22,4,28079060,10,15
22,4,28079016,14,19
22,4,28079017,14,40
22,4,28079018,14,40
22,4,28079024,14,41
22,4,28079027,14,27
22,4,28079035,14,41
22,4,28079039,14,40
22,4,28079049,14,16
22,4,28079054,14,31
22,4,28079056,14,27
22,4,28079058,14,26
22,4,28079059,14,26
22,4,28079060,14,44
22,4,28079011,20,3.3
22,4,28079018,20,0.3
22,4,28079024,20,0.8
22,4,28079038,20,0.8
22,4,28079055,20,2.4
22,4,28079011,30,1.3
22,4,28079018,30,0.1
22,4,28079024,30,0.6
22,4,28079038,30,0.4
22,4,28079055,30,0.2
22,4,28079011,35,0.6
22,4,28079018,35,1
22,4,28079024,35,0.5
22,4,28079038,35,0.1
22,4,28079055,35,1
22,4,28079024,42,1.36
22,4,28079027,42,1.32
22,4,28079055,42,1.52
22,4,28079024,44,0.26
22,4,28079027,44,0.18
22,4,28079055,44,0.17
22,5,28079004,01,2
22,5,28079017,01,2
22,5,28079018,01,2
22,5,28079024,01,1
22,5,28079035,01,2
22,5,28079036,01,1
22,5,28079038,01,2
22,5,28079040,01,2
22,5,28079057,01,3
22,5,28079004,06,0.2
22,5,28079016,06,0.2
22,5,28079018,06,0.2
22,5,28079024,06,0.2
22,5,28079035,06,0.2
22,5,28079036,06,0.2
22,5,28079039,06,0.2
22,5,28079056,06,0.1
22,5,28079057,06,0.3
22,5,28079004,07,1
22,5,28079011,07,1
22,5,28079016,07,2
22,5,28079017,07,1
22,5,28079018,07,1
22,5,28079024,07,1
22,5,28079027,07,1
22,5,28079035,07,2
22,5,28079036,07,1
22,5,28079038,07,1
22,5,28079039,07,1
22,5,28079040,07,1
22,5,28079047,07,1
22,5,28079048,07,1
22,5,28079049,07,1
22,5,28079050,07,2
22,5,28079054,07,4
22,5,28079055,07,1
22,5,28079056,07,1
22,5,28079057,07,1
22,5,28079058,07,2
22,5,28079059,07,2
22,5,28079060,07,1
22,5,28079004,08,11
22,5,28079011,08,16
22,5,28079016,08,23
22,5,28079017,08,5
22,5,28079018,08,7
22,5,28079024,08,5
22,5,28079027,08,15
22,5,28079035,08,10
22,5,28079036,08,16
22,5,28079038,08,12
22,5,28079039,08,10
22,5,28079040,08,31
22,5,28079047,08,17
22,5,28079048,08,13
22,5,28079049,08,13
22,5,28079050,08,15
22,5,28079054,08,14
22,5,28079055,08,17
22,5,28079056,08,8
22,5,28079057,08,14
22,5,28079058,08,11
22,5,28079059,08,10
22,5,28079060,08,8
22,5,28079024,09,4
22,5,28079038,09,2
22,5,28079047,09,3
22,5,28079048,09,4
22,5,28079050,09,4
22,5,28079018,10,5
22,5,28079024,10,5
22,5,28079036,10,7
22,5,28079038,10,5
22,5,28079040,10,6
22,5,28079047,10,5
22,5,28079048,10,14
22,5,28079050,10,8
22,5,28079055,10,5
22,5,28079057,10,4
22,5,28079060,10,12
22,5,28079016,14,29
22,5,28079017,14,48
22,5,28079018,14,42
22,5,28079024,14,45
22,5,28079027,14,42
22,5,28079035,14,42
22,5,28079039,14,43
22,5,28079049,14,39
22,5,28079054,14,35
22,5,28079056,14,46
22,5,28079058,14,23
22,5,28079059,14,35
22,5,28079060,14,46
22,5,28079011,20,2.4
22,5,28079018,20,0.3
22,5,28079024,20,0.6
22,5,28079038,20,0.8
22,5,28079055,20,1.7
22,5,28079011,30,1.2
22,5,28079018,30,0.1
22,5,28079024,30,0.5
22,5,28079038,30,0.3
22,5,28079055,30,0.2
22,5,28079011,35,1
22,5,28079018,35,1
22,5,28079024,35,0.4
22,5,28079038,35,1
22,5,28079055,35,1
22,5,28079024,42,1.35
22,5,28079027,42,1.26
22,5,28079055,42,1.47
22,5,28079024,44,0.25
22,5,28079027,44,0.15
22,5,28079055,44,0.15
22,6,28079004,01,2
22,6,28079017,01,2
22,6,28079018,01,2
22,6,28079024,01,1
22,6,28079035,01,2
22,6,28079036,01,1
22,6,28079038,01,2
22,6,28079040,01,2
22,6,28079057,01,3
22,6,28079004,06,0.2
22,6,28079016,06,0.2
22,6,28079018,06,0.2
22,6,28079024,06,0.2
22,6,28079035,06,0.2
22,6,28079036,06,0.2
22,6,28079039,06,0.2
22,6,28079056,06,0.1
22,6,28079057,06,0.2
22,6,28079004,07,1
22,6,28079011,07,1
22,6,28079016,07,2
22,6,28079017,07,1
22,6,28079018,07,1
22,6,28079024,07,1
22,6,28079027,07,1
22,6,28079035,07,3
22,6,28079036,07,1
22,6,28079038,07,1
22,6,28079039,07,1
22,6,28079040,07,1
22,6,28079047,07,1
22,6,28079048,07,1
22,6,28079049,07,1
22,6,28079050,07,4
22,6,28079054,07,4
22,6,28079055,07,1
22,6,28079056,07,1
22,6,28079057,07,1
22,6,28079058,07,2
22,6,28079059,07,2
22,6,28079060,07,1
22,6,28079004,08,10
22,6,28079011,08,14
22,6,28079016,08,12
22,6,28079017,08,7
22,6,28079018,08,7
22,6,28079024,08,2
22,6,28079027,08,12
22,6,28079035,08,8
22,6,28079036,08,2
22,6,28079038,08,7
22,6,28079039,08,8
22,6,28079040,08,16
22,6,28079047,08,8
22,6,28079048,08,11
22,6,28079049,08,8
22,6,28079050,08,11
22,6,28079054,08,13
22,6,28079055,08,19
22,6,28079056,08,10
22,6,28079057,08,13
22,6,28079058,08,12
22,6,28079059,08,5
22,6,28079060,08,7
22,6,28079024,09,5
22,6,28079038,09,4
22,6,28079047,09,4
22,6,28079048,09,4
22,6,28079050,09,6
22,6,28079018,10,6
22,6,28079024,10,6
22,6,28079036,10,7
22,6,28079038,10,5
22,6,28079040,10,6
22,6,28079047,10,6
22,6,28079048,10,16
22,6,28079050,10,12
22,6,28079055,10,7
22,6,28079057,10,5
22,6,28079060,10,7
22,6,28079016,14,37
22,6,28079017,14,50
22,6,28079018,14,46
22,6,28079024,14,54
22,6,28079027,14,48
22,6,28079035,14,48
22,6,28079039,14,39
22,6,28079049,14,49
22,6,28079054,14,40
22,6,28079056,14,47
22,6,28079058,14,24
22,6,28079059,14,44
22,6,28079060,14,49
22,6,28079011,20,2.5
22,6,28079018,20,0.2
22,6,28079024,20,0.4
22,6,28079038,20,0.4
22,6,28079055,20,1.5
22,6,28079011,30,1.1
22,6,28079018,30,0.1
22,6,28079024,30,0.5
22,6,28079038,30,0.2
22,6,28079055,30,0.2
22,6,28079011,35,1
22,6,28079018,35,1
22,6,28079024,35,0.3
22,6,28079038,35,1
22,6,28079055,35,1
22,6,28079024,42,1.34
22,6,28079027,42,1.24
22,6,28079055,42,1.45
22,6,28079024,44,0.26
22,6,28079027,44,0.14
22,6,28079055,44,0.14
22,7,28079004,01,2
22,7,28079017,01,3
22,7,28079018,01,2
22,7,28079024,01,1
22,7,28079035,01,2
22,7,28079036,01,1
22,7,28079038,01,2
22,7,28079040,01,2
22,7,28079057,01,3
22,7,28079004,06,0.2
22,7,28079016,06,0.2
22,7,28079018,06,0.3
22,7,28079024,06,0.2
22,7,28079035,06,0.2
22,7,28079036,06,0.2
22,7,28079039,06,0.2
22,7,28079056,06,0.2
22,7,28079057,06,0.3
22,7,28079004,07,3
22,7,28079011,07,1
22,7,28079016,07,5
22,7,28079017,07,5
22,7,28079018,07,3
22,7,28079024,07,1
22,7,28079027,07,2
22,7,28079035,07,2
22,7,28079036,07,5
22,7,28079038,07,2
22,7,28079039,07,5
22,7,28079040,07,4
22,7,28079047,07,1
22,7,28079048,07,4
22,7,28079049,07,1
22,7,28079050,07,19
22,7,28079054,07,5
22,7,28079055,07,1
22,7,28079056,07,18
22,7,28079057,07,2
22,7,28079058,07,5
22,7,28079059,07,2
22,7,28079060,07,1
22,7,28079004,08,21
22,7,28079011,08,18
22,7,28079016,08,23
22,7,28079017,08,25
22,7,28079018,08,20
22,7,28079024,08,5
22,7,28079027,08,20
22,7,28079035,08,13
22,7,28079036,08,11
22,7,28079038,08,16
22,7,28079039,08,20
22,7,28079040,08,30
22,7,28079047,08,19
22,7,28079048,08,21
22,7,28079049,08,17
22,7,28079050,08,31
22,7,28079054,08,19
22,7,28079055,08,16
22,7,28079056,08,38
22,7,28079057,08,20
22,7,28079058,08,10
22,7,28079059,08,12
22,7,28079060,08,10
22,7,28079024,09,4
22,7,28079038,09,3
22,7,28079047,09,3
22,7,28079048,09,3
22,7,28079050,09,6
22,7,28079018,10,6
22,7,28079024,10,5
22,7,28079036,10,5
22,7,28079038,10,5
22,7,28079040,10,6
22,7,28079047,10,6
22,7,28079048,10,13
22,7,28079050,10,13
22,7,28079055,10,6
22,7,28079057,10,5
22,7,28079060,10,8
22,7,28079016,14,34
22,7,28079017,14,35
22,7,28079018,14,38
22,7,28079024,14,54
22,7,28079027,14,47
22,7,28079035,14,47
22,7,28079039,14,45
22,7,28079049,14,44
22,7,28079054,14,39
22,7,28079056,14,30
22,7,28079058,14,44
22,7,28079059,14,41
22,7,28079060,14,50
22,7,28079011,20,1.3
22,7,28079018,20,0.3
22,7,28079024,20,0.3
22,7,28079038,20,0.5
22,7,28079055,20,0.5
22,7,28079011,30,1
22,7,28079018,30,0.1
22,7,28079024,30,0.5
22,7,28079038,30,0.3
22,7,28079055,30,0.2
22,7,28079011,35,1
22,7,28079018,35,1
22,7,28079024,35,0.3
22,7,28079038,35,0.6
22,7,28079055,35,1
22,7,28079024,42,1.34
22,7,28079027,42,1.23
22,7,28079055,42,1.43
22,7,28079024,44,0.25
22,7,28079027,44,0.14
22,7,28079055,44,0.13
22,8,28079004,01,3
22,8,28079017,01,3
22,8,28079018,01,2
22,8,28079024,01,1
22,8,28079035,01,2
22,8,28079036,01,1
22,8,28079038,01,2
22,8,28079040,01,2
22,8,28079057,01,3
22,8,28079004,06,0.3
22,8,28079016,06,0.3
22,8,28079018,06,0.3
22,8,28079024,06,0.2
22,8,28079035,06,0.3
22,8,28079036,06,0.3
22,8,28079039,06,0.3
22,8,28079056,06,0.3
22,8,28079057,06,0.3
22,8,28079004,07,16
22,8,28079011,07,22
22,8,28079016,07,21
22,8,28079017,07,9
22,8,28079018,07,10
22,8,28079024,07,1
22,8,28079027,07,6
22,8,28079035,07,9
22,8,28079036,07,18
22,8,28079038,07,12
22,8,28079039,07,20
22,8,28079040,07,9
22,8,28079047,07,13
22,8,28079048,07,25
22,8,28079049,07,6
22,8,28079050,07,45
22,8,28079054,07,10
22,8,28079055,07,20
22,8,28079056,07,77
22,8,28079057,07,6
22,8,28079058,07,4
22,8,28079059,07,10
22,8,28079060,07,5
22,8,28079004,08,57
22,8,28079011,08,59
22,8,28079016,08,58
22,8,28079017,08,37
22,8,28079018,08,53
22,8,28079024,08,34
22,8,28079027,08,50
22,8,28079035,08,44
22,8,28079036,08,33
22,8,28079038,08,47
22,8,28079039,08,55
22,8,28079040,08,45
22,8,28079047,08,51
22,8,28079048,08,54
22,8,28079049,08,47
22,8,28079050,08,69
22,8,28079054,08,31
22,8,28079055,08,59
22,8,28079056,08,81
22,8,28079057,08,45
22,8,28079058,08,16
22,8,28079059,08,30
22,8,28079060,08,34
22,8,28079024,09,3
22,8,28079038,09,2
22,8,28079047,09,2
22,8,28079048,09,2
22,8,28079050,09,7
22,8,28079018,10,6
22,8,28079024,10,6
22,8,28079036,10,4
22,8,28079038,10,6
22,8,28079040,10,6
22,8,28079047,10,7
22,8,28079048,10,4
22,8,28079050,10,13
22,8,28079055,10,4
22,8,28079057,10,7
22,8,28079060,10,6
22,8,28079016,14,13
22,8,28079017,14,22
22,8,28079018,14,13
22,8,28079024,14,27
22,8,28079027,14,22
22,8,28079035,14,17
22,8,28079039,14,19
22,8,28079049,14,15
22,8,28079054,14,28
22,8,28079056,14,8
22,8,28079058,14,45
22,8,28079059,14,21
22,8,28079060,14,26
22,8,28079011,20,1.9
22,8,28079018,20,0.4
22,8,28079024,20,0.4
22,8,28079038,20,1.2
22,8,28079055,20,0.8
22,8,28079011,30,1.3
22,8,28079018,30,0.1
22,8,28079024,30,0.5
22,8,28079038,30,0.6
22,8,28079055,30,0.2
22,8,28079011,35,0.9
22,8,28079018,35,1
22,8,28079024,35,0.4
22,8,28079038,35,0.2
22,8,28079055,35,1
22,8,28079024,42,1.37
22,8,28079027,42,1.38
22,8,28079055,42,1.63
22,8,28079024,44,0.27
22,8,28079027,44,0.16
22,8,28079055,44,0.17
22,9,28079004,01,3
22,9,28079017,01,3
22,9,28079018,01,3
22,9,28079024,01,1
22,9,28079035,01,3
22,9,28079036,01,1
22,9,28079038,01,3
22,9,28079040,01,3
22,9,28079057,01,4
22,9,28079004,06,0.4
22,9,28079016,06,0.4
22,9,28079018,06,0.4
22,9,28079024,06,0.3
22,9,28079035,06,0.4
22,9,28079036,06,0.4
22,9,28079039,06,0.5
22,9,28079056,06,0.3
22,9,28079057,06,0.4
22,9,28079004,07,45
22,9,28079011,07,91
22,9,28079016,07,45
22,9,28079017,07,44
22,9,28079018,07,15
22,9,28079024,07,1
22,9,28079027,07,14
22,9,28079035,07,34
22,9,28079036,07,25
22,9,28079038,07,36
22,9,28079039,07,53
22,9,28079040,07,20
22,9,28079047,07,28
22,9,28079048,07,55
22,9,28079049,07,19
22,9,28079050,07,74
22,9,28079054,07,14
22,9,28079055,07,41
22,9,28079056,07,68
22,9,28079057,07,33
22,9,28079058,07,4
22,9,28079059,07,15
22,9,28079060,07,17
22,9,28079004,08,77
22,9,28079011,08,96
22,9,28079016,08,70
22,9,28079017,08,61
22,9,28079018,08,55
22,9,28079024,08,38
22,9,28079027,08,62
22,9,28079035,08,62
22,9,28079036,08,43
22,9,28079038,08,72
22,9,28079039,08,80
22,9,28079040,08,58
22,9,28079047,08,62
22,9,28079048,08,70
22,9,28079049,08,62
22,9,28079050,08,88
22,9,28079054,08,35
22,9,28079055,08,70
22,9,28079056,08,75
22,9,28079057,08,75
22,9,28079058,08,25
22,9,28079059,08,37
22,9,28079060,08,61
22,9,28079024,09,5
22,9,28079038,09,7
22,9,28079047,09,1
22,9,28079048,09,5
22,9,28079050,09,11
22,9,28079018,10,9
22,9,28079024,10,6
22,9,28079036,10,7
22,9,28079038,10,10
22,9,28079040,10,9
22,9,28079047,10,8
22,9,28079048,10,11
22,9,28079050,10,19
22,9,28079055,10,7
22,9,28079057,10,8
22,9,28079060,10,6
22,9,28079016,14,7
22,9,28079017,14,11
22,9,28079018,14,12
22,9,28079024,14,27
22,9,28079027,14,12
22,9,28079035,14,4
22,9,28079039,14,5
22,9,28079049,14,3
22,9,28079054,14,25
22,9,28079056,14,8
22,9,28079058,14,38
22,9,28079059,14,12
22,9,28079060,14,11
22,9,28079011,20,4.4
22,9,28079018,20,0.8
22,9,28079024,20,0.8
22,9,28079038,20,3
22,9,28079055,20,1.7
22,9,28079011,30,2.7
22,9,28079018,30,0.3
22,9,28079024,30,0.5
22,9,28079038,30,1
22,9,28079055,30,0.6
22,9,28079011,35,0.4
22,9,28079018,35,1
22,9,28079024,35,0.4
22,9,28079038,35,0.7
22,9,28079055,35,0.9
22,9,28079024,42,1.37
22,9,28079027,42,1.33
22,9,28079055,42,1.58
22,9,28079024,44,0.26
22,9,28079027,44,0.16
22,9,28079055,44,0.18
23,1,28079004,01,3
23,1,28079017,01,2
23,1,28079018,01,2
23,1,28079024,01,1
23,1,28079035,01,3
23,1,28079036,01,1
23,1,28079038,01,3
23,1,28079040,01,2
23,1,28079057,01,2
23,1,28079004,06,0.2
23,1,28079016,06,0.3
23,1,28079018,06,0.2
23,1,28079024,06,0.2
23,1,28079035,06,0.3
23,1,28079036,06,0.2
23,1,28079039,06,0.2
23,1,28079056,06,0.2
23,1,28079057,06,0.2
23,1,28079004,07,3
23,1,28079011,07,1
23,1,28079016,07,1
23,1,28079017,07,2
23,1,28079018,07,1
23,1,28079024,07,1
23,1,28079027,07,1
23,1,28079035,07,4
23,1,28079036,07,1
23,1,28079038,07,4
23,1,28079039,07,1
23,1,28079040,07,2
23,1,28079047,07,1
23,1,28079048,07,1
23,1,28079049,07,1
23,1,28079050,07,7
23,1,28079054,07,3
23,1,28079055,07,1
23,1,28079056,07,2
23,1,28079057,07,1
23,1,28079058,07,1
23,1,28079059,07,1
23,1,28079060,07,1
23,1,28079004,08,13
23,1,28079011,08,32
23,1,28079016,08,14
23,1,28079017,08,12
23,1,28079018,08,10
23,1,28079024,08,1
23,1,28079027,08,8
23,1,28079035,08,18
23,1,28079036,08,7
23,1,28079038,08,14
23,1,28079039,08,16
23,1,28079040,08,17
23,1,28079047,08,14
23,1,28079048,08,15
23,1,28079049,08,8
23,1,28079050,08,21
23,1,28079054,08,14
23,1,28079055,08,9
23,1,28079056,08,15
23,1,28079057,08,14
23,1,28079058,08,2
23,1,28079059,08,5
23,1,28079060,08,10
23,1,28079024,09,2
23,1,28079038,09,2
23,1,28079047,09,2
23,1,28079048,09,2
23,1,28079050,09,4
23,1,28079018,10,3
23,1,28079024,10,3
23,1,28079036,10,4
23,1,28079038,10,2
23,1,28079040,10,3
23,1,28079047,10,2
23,1,28079048,10,4
23,1,28079050,10,5
23,1,28079055,10,6
23,1,28079057,10,5
23,1,28079060,10,14
23,1,28079016,14,55
23,1,28079017,14,54
23,1,28079018,14,57
23,1,28079024,14,74
23,1,28079027,14,75
23,1,28079035,14,59
23,1,28079039,14,62
23,1,28079049,14,68
23,1,28079054,14,51
23,1,28079056,14,57
23,1,28079058,14,79
23,1,28079059,14,63
23,1,28079060,14,68
23,1,28079011,20,3.4
23,1,28079018,20,0.2
23,1,28079024,20,0.3
23,1,28079038,20,0.6
23,1,28079055,20,0.4
23,1,28079011,30,1.8
23,1,28079018,30,0.1
23,1,28079024,30,0.5
23,1,28079038,30,0.3
23,1,28079055,30,0.2
23,1,28079011,35,0.3
23,1,28079018,35,1
23,1,28079024,35,0.4
23,1,28079038,35,0.3
23,1,28079055,35,1
23,1,28079024,42,1.33
23,1,28079027,42,1.22
23,1,28079055,42,1.44
23,1,28079024,44,0.26
23,1,28079027,44,0.14
23,1,28079055,44,0.14
23,10,28079004,01,6
23,10,28079017,01,3
23,10,28079018,01,2
23,10,28079024,01,1
23,10,28079035,01,5
23,10,28079036,01,1
23,10,28079038,01,4
23,10,28079040,01,4
23,10,28079057,01,1
23,10,28079004,06,0.4
23,10,28079016,06,0.4
23,10,28079018,06,0.3
23,10,28079024,06,0.2
23,10,28079035,06,0.4
23,10,28079036,06,0.4
23,10,28079039,06,0.2
23,10,28079056,06,0.3
23,10,28079057,06,0.3
23,10,28079004,07,22
23,10,28079011,07,28
23,10,28079016,07,18
23,10,28079017,07,19
23,10,28079018,07,18
23,10,28079024,07,1
23,10,28079027,07,9
23,10,28079035,07,36
23,10,28079036,07,22
23,10,28079038,07,31
23,10,28079039,07,18
23,10,28079040,07,30
23,10,28079047,07,6
23,10,28079048,07,24
23,10,28079049,07,5
23,10,28079050,07,41
23,10,28079054,07,31
23,10,28079055,07,9
23,10,28079056,07,15
23,10,28079057,07,5
23,10,28079058,07,5
23,10,28079059,07,7
23,10,28079060,07,2
23,10,28079004,08,60
23,10,28079011,08,78
23,10,28079016,08,48
23,10,28079017,08,45
23,10,28079018,08,42
23,10,28079024,08,10
23,10,28079027,08,34
23,10,28079035,08,58
23,10,28079036,08,42
23,10,28079038,08,50
23,10,28079039,08,38
23,10,28079040,08,64
23,10,28079047,08,35
23,10,28079048,08,48
23,10,28079049,08,38
23,10,28079050,08,48
23,10,28079054,08,57
23,10,28079055,08,34
23,10,28079056,08,46
23,10,28079057,08,20
23,10,28079058,08,8
23,10,28079059,08,18
23,10,28079060,08,17
23,10,28079024,09,4
23,10,28079038,09,10
23,10,28079047,09,5
23,10,28079048,09,4
23,10,28079050,09,10
23,10,28079018,10,13
23,10,28079024,10,5
23,10,28079036,10,8
23,10,28079038,10,9
23,10,28079040,10,15
23,10,28079047,10,9
23,10,28079048,10,10
23,10,28079050,10,23
23,10,28079055,10,10
23,10,28079057,10,12
23,10,28079060,10,5
23,10,28079016,14,32
23,10,28079017,14,38
23,10,28079018,14,30
23,10,28079024,14,65
23,10,28079027,14,50
23,10,28079035,14,25
23,10,28079039,14,49
23,10,28079049,14,36
23,10,28079054,14,22
23,10,28079056,14,40
23,10,28079058,14,68
23,10,28079059,14,48
23,10,28079060,14,63
23,10,28079011,20,8.7
23,10,28079018,20,0.5
23,10,28079024,20,0.4
23,10,28079038,20,2.9
23,10,28079055,20,1.7
23,10,28079011,30,5.9
23,10,28079018,30,0.2
23,10,28079024,30,0.4
23,10,28079038,30,1.1
23,10,28079055,30,0.6
23,10,28079011,35,4.4
23,10,28079018,35,1
23,10,28079024,35,0.3
23,10,28079038,35,0.6
23,10,28079055,35,0.9
23,10,28079024,42,1.34
23,10,28079027,42,1.23
23,10,28079055,42,1.45
23,10,28079024,44,0.26
23,10,28079027,44,0.15
23,10,28079055,44,0.15
23,11,28079004,01,8
23,11,28079017,01,3
23,11,28079018,01,2
23,11,28079024,01,1
23,11,28079035,01,4
23,11,28079036,01,1
23,11,28079038,01,4
23,11,28079040,01,2
23,11,28079057,01,1
23,11,28079004,06,0.4
23,11,28079016,06,0.3
23,11,28079018,06,0.3
23,11,28079024,06,0.2
23,11,28079035,06,0.3
23,11,28079036,06,0.3
23,11,28079039,06,0.2
23,11,28079056,06,0.2
23,11,28079057,06,0.3
23,11,28079004,07,19
23,11,28079011,07,22
23,11,28079016,07,11
23,11,28079017,07,7
23,11,28079018,07,7
23,11,28079024,07,1
23,11,28079027,07,5
23,11,28079035,07,20
23,11,28079036,07,13
23,11,28079038,07,23
23,11,28079039,07,17
23,11,28079040,07,9
23,11,28079047,07,6
23,11,28079048,07,16
23,11,28079049,07,5
23,11,28079050,07,38
23,11,28079054,07,11
23,11,28079055,07,4
23,11,28079056,07,10
23,11,28079057,07,5
23,11,28079058,07,4
23,11,28079059,07,6
23,11,28079060,07,2
23,11,28079004,08,41
23,11,28079011,08,66
23,11,28079016,08,31
23,11,28079017,08,20
23,11,28079018,08,23
23,11,28079024,08,4
23,11,28079027,08,12
23,11,28079035,08,39
23,11,28079036,08,28
23,11,28079038,08,34
23,11,28079039,08,31
23,11,28079040,08,23
23,11,28079047,08,19
23,11,28079048,08,30
23,11,28079049,08,25
23,11,28079050,08,40
23,11,28079054,08,21
23,11,28079055,08,13
23,11,28079056,08,25
23,11,28079057,08,11
23,11,28079058,08,7
23,11,28079059,08,10
23,11,28079060,08,12
23,11,28079024,09,5
23,11,28079038,09,11
23,11,28079047,09,6
23,11,28079048,09,7
23,11,28079050,09,9
23,11,28079018,10,10
23,11,28079024,10,6
23,11,28079036,10,12
23,11,28079038,10,11
23,11,28079040,10,10
23,11,28079047,10,9
23,11,28079048,10,19
23,11,28079050,10,26
23,11,28079055,10,8
23,11,28079057,10,13
23,11,28079060,10,10
23,11,28079016,14,40
23,11,28079017,14,56
23,11,28079018,14,43
23,11,28079024,14,69
23,11,28079027,14,67
23,11,28079035,14,41
23,11,28079039,14,52
23,11,28079049,14,52
23,11,28079054,14,52
23,11,28079056,14,56
23,11,28079058,14,67
23,11,28079059,14,51
23,11,28079060,14,65
23,11,28079011,20,7.3
23,11,28079018,20,0.4
23,11,28079024,20,0.5
23,11,28079038,20,1.8
23,11,28079055,20,0.8
23,11,28079011,30,5.7
23,11,28079018,30,0.2
23,11,28079024,30,0.5
23,11,28079038,30,0.7
23,11,28079055,30,0.2
23,11,28079011,35,7.9
23,11,28079018,35,1
23,11,28079024,35,0.4
23,11,28079038,35,0.4
23,11,28079055,35,1
23,11,28079024,42,1.34
23,11,28079027,42,1.22
23,11,28079055,42,1.43
23,11,28079024,44,0.26
23,11,28079027,44,0.13
23,11,28079055,44,0.13
23,12,28079004,01,9
23,12,28079017,01,3
23,12,28079018,01,2
23,12,28079024,01,1
23,12,28079035,01,5
23,12,28079036,01,2
23,12,28079038,01,4
23,12,28079040,01,3
23,12,28079057,01,2
23,12,28079004,06,0.4
23,12,28079016,06,0.4
23,12,28079018,06,0.3
23,12,28079024,06,0.2
23,12,28079035,06,0.3
23,12,28079036,06,0.3
23,12,28079039,06,0.2
23,12,28079056,06,0.2
23,12,28079057,06,0.2
23,12,28079004,07,26
23,12,28079011,07,20
23,12,28079016,07,9
23,12,28079017,07,17
23,12,28079018,07,5
23,12,28079024,07,1
23,12,28079027,07,3
23,12,28079035,07,16
23,12,28079036,07,11
23,12,28079038,07,23
23,12,28079039,07,13
23,12,28079040,07,7
23,12,28079047,07,6
23,12,28079048,07,16
23,12,28079049,07,4
23,12,28079050,07,34
23,12,28079054,07,7
23,12,28079055,07,4
23,12,28079056,07,9
23,12,28079057,07,5
23,12,28079058,07,3
23,12,28079059,07,6
23,12,28079060,07,2
23,12,28079004,08,44
23,12,28079011,08,59
23,12,28079016,08,22
23,12,28079017,08,23
23,12,28079018,08,16
23,12,28079024,08,1
23,12,28079027,08,7
23,12,28079035,08,33
23,12,28079036,08,19
23,12,28079038,08,30
23,12,28079039,08,25
23,12,28079040,08,17
23,12,28079047,08,16
23,12,28079048,08,26
23,12,28079049,08,17
23,12,28079050,08,36
23,12,28079054,08,10
23,12,28079055,08,9
23,12,28079056,08,19
23,12,28079057,08,11
23,12,28079058,08,4
23,12,28079059,08,8
23,12,28079060,08,11
23,12,28079024,09,6
23,12,28079038,09,13
23,12,28079047,09,6
23,12,28079048,09,12
23,12,28079050,09,9
23,12,28079018,10,13
23,12,28079024,10,7
23,12,28079036,10,19
23,12,28079038,10,13
23,12,28079040,10,11
23,12,28079047,10,11
23,12,28079048,10,30
23,12,28079050,10,23
23,12,28079055,10,13
23,12,28079057,10,13
23,12,28079060,10,14
23,12,28079016,14,46
23,12,28079017,14,58
23,12,28079018,14,57
23,12,28079024,14,73
23,12,28079027,14,71
23,12,28079035,14,47
23,12,28079039,14,58
23,12,28079049,14,61
23,12,28079054,14,62
23,12,28079056,14,61
23,12,28079058,14,71
23,12,28079059,14,53
23,12,28079060,14,67
23,12,28079011,20,8
23,12,28079018,20,0.5
23,12,28079024,20,0.4
23,12,28079038,20,2.3
23,12,28079055,20,0.5
23,12,28079011,30,4.5
23,12,28079018,30,0.2
23,12,28079024,30,0.4
23,12,28079038,30,0.6
23,12,28079055,30,0.2
23,12,28079011,35,4.7
23,12,28079018,35,1
23,12,28079024,35,0.3
23,12,28079038,35,0.5
23,12,28079055,35,1
23,12,28079024,42,1.34
23,12,28079027,42,1.21
23,12,28079055,42,1.43
23,12,28079024,44,0.26
23,12,28079027,44,0.13
23,12,28079055,44,0.13
23,13,28079004,01,9
23,13,28079017,01,3
23,13,28079018,01,2
23,13,28079024,01,1
23,13,28079035,01,5
23,13,28079036,01,2
23,13,28079038,01,3
23,13,28079040,01,3
23,13,28079057,01,2
23,13,28079004,06,0.4
23,13,28079016,06,0.3
23,13,28079018,06,0.3
23,13,28079024,06,0.2
23,13,28079035,06,0.3
23,13,28079036,06,0.3
23,13,28079039,06,0.2
23,13,28079056,06,0.3
23,13,28079057,06,0.3
23,13,28079004,07,25
23,13,28079011,07,21
23,13,28079016,07,9
23,13,28079017,07,14
23,13,28079018,07,4
23,13,28079024,07,1
23,13,28079027,07,3
23,13,28079035,07,15
23,13,28079036,07,12
23,13,28079038,07,23
23,13,28079039,07,12
23,13,28079040,07,9
23,13,28079047,07,6
23,13,28079048,07,21
23,13,28079049,07,4
23,13,28079050,07,34
23,13,28079054,07,8
23,13,28079055,07,3
23,13,28079056,07,12
23,13,28079057,07,6
23,13,28079058,07,4
23,13,28079059,07,6
23,13,28079060,07,2
23,13,28079004,08,42
23,13,28079011,08,61
23,13,28079016,08,21
23,13,28079017,08,20
23,13,28079018,08,15
23,13,28079024,08,2
23,13,28079027,08,6
23,13,28079035,08,31
23,13,28079036,08,19
23,13,28079038,08,31
23,13,28079039,08,22
23,13,28079040,08,20
23,13,28079047,08,16
23,13,28079048,08,31
23,13,28079049,08,16
23,13,28079050,08,35
23,13,28079054,08,11
23,13,28079055,08,8
23,13,28079056,08,21
23,13,28079057,08,13
23,13,28079058,08,5
23,13,28079059,08,7
23,13,28079060,08,10
23,13,28079024,09,5
23,13,28079038,09,8
23,13,28079047,09,3
23,13,28079048,09,5
23,13,28079050,09,6
23,13,28079018,10,11
23,13,28079024,10,6
23,13,28079036,10,12
23,13,28079038,10,15
23,13,28079040,10,12
23,13,28079047,10,8
23,13,28079048,10,24
23,13,28079050,10,18
23,13,28079055,10,10
23,13,28079057,10,10
23,13,28079060,10,15
23,13,28079016,14,47
23,13,28079017,14,62
23,13,28079018,14,59
23,13,28079024,14,73
23,13,28079027,14,73
23,13,28079035,14,51
23,13,28079039,14,60
23,13,28079049,14,63
23,13,28079054,14,63
23,13,28079056,14,60
23,13,28079058,14,70
23,13,28079059,14,54
23,13,28079060,14,68
23,13,28079011,20,5.2
23,13,28079018,20,0.4
23,13,28079024,20,0.5
23,13,28079038,20,2
23,13,28079055,20,0.5
23,13,28079011,30,2.6
23,13,28079018,30,0.2
23,13,28079024,30,0.5
23,13,28079038,30,0.6
23,13,28079055,30,0.2
23,13,28079011,35,0.6
23,13,28079018,35,1
23,13,28079024,35,0.3
23,13,28079038,35,0.4
23,13,28079055,35,1
23,13,28079024,42,1.34
23,13,28079027,42,1.21
23,13,28079055,42,1.43
23,13,28079024,44,0.26
23,13,28079027,44,0.13
23,13,28079055,44,0.13
23,14,28079004,01,9
23,14,28079017,01,3
23,14,28079018,01,2
23,14,28079024,01,1
23,14,28079035,01,5
23,14,28079036,01,2
23,14,28079038,01,3
23,14,28079040,01,3
23,14,28079057,01,3
23,14,28079004,06,0.4
23,14,28079016,06,0.3
23,14,28079018,06,0.3
23,14,28079024,06,0.2
23,14,28079035,06,0.3
23,14,28079036,06,0.3
23,14,28079039,06,0.2
23,14,28079056,06,0.2
23,14,28079057,06,0.3
23,14,28079004,07,23
23,14,28079011,07,25
23,14,28079016,07,9
23,14,28079017,07,8
23,14,28079018,07,4
23,14,28079024,07,1
23,14,28079027,07,4
23,14,28079035,07,15
23,14,28079036,07,11
23,14,28079038,07,19
23,14,28079039,07,9
23,14,28079040,07,7
23,14,28079047,07,5
23,14,28079048,07,21
23,14,28079049,07,4
23,14,28079050,07,38
23,14,28079054,07,7
23,14,28079055,07,5
23,14,28079056,07,10
23,14,28079057,07,6
23,14,28079058,07,4
23,14,28079059,07,5
23,14,28079060,07,3
23,14,28079004,08,38
23,14,28079011,08,68
23,14,28079016,08,21
23,14,28079017,08,16
23,14,28079018,08,12
23,14,28079024,08,2
23,14,28079027,08,8
23,14,28079035,08,28
23,14,28079036,08,17
23,14,28079038,08,26
23,14,28079039,08,20
23,14,28079040,08,17
23,14,28079047,08,12
23,14,28079048,08,28
23,14,28079049,08,15
23,14,28079050,08,38
23,14,28079054,08,9
23,14,28079055,08,8
23,14,28079056,08,19
23,14,28079057,08,13
23,14,28079058,08,5
23,14,28079059,08,7
23,14,28079060,08,12
23,14,28079024,09,3
23,14,28079038,09,3
23,14,28079047,09,2
23,14,28079048,09,3
23,14,28079050,09,2
23,14,28079018,10,8
23,14,28079024,10,4
23,14,28079036,10,7
23,14,28079038,10,14
23,14,28079040,10,8
23,14,28079047,10,8
23,14,28079048,10,16
23,14,28079050,10,13
23,14,28079055,10,4
23,14,28079057,10,7
23,14,28079060,10,8
23,14,28079016,14,46
23,14,28079017,14,61
23,14,28079018,14,60
23,14,28079024,14,73
23,14,28079027,14,71
23,14,28079035,14,52
23,14,28079039,14,60
23,14,28079049,14,62
23,14,28079054,14,63
23,14,28079056,14,61
23,14,28079058,14,69
23,14,28079059,14,55
23,14,28079060,14,65
23,14,28079011,20,5.5
23,14,28079018,20,0.4
23,14,28079024,20,0.3
23,14,28079038,20,1.8
23,14,28079055,20,0.1
23,14,28079011,30,2.7
23,14,28079018,30,0.1
23,14,28079024,30,0.5
23,14,28079038,30,0.6
23,14,28079055,30,0.2
23,14,28079011,35,0.6
23,14,28079018,35,1
23,14,28079024,35,0.3
23,14,28079038,35,0.3
23,14,28079055,35,1
23,14,28079024,42,1.34
23,14,28079027,42,1.22
23,14,28079055,42,1.43
23,14,28079024,44,0.26
23,14,28079027,44,0.13
23,14,28079055,44,0.13
23,15,28079004,01,10
23,15,28079017,01,3
23,15,28079018,01,2
23,15,28079024,01,1
23,15,28079035,01,6
23,15,28079036,01,2
23,15,28079038,01,4
23,15,28079040,01,3
23,15,28079057,01,3
23,15,28079004,06,0.4
23,15,28079016,06,0.3
23,15,28079018,06,0.3
23,15,28079024,06,0.2
23,15,28079035,06,0.4
23,15,28079036,06,0.3
23,15,28079039,06,0.2
23,15,28079056,06,0.2
23,15,28079057,06,0.3
23,15,28079004,07,22
23,15,28079011,07,22
23,15,28079016,07,10
23,15,28079017,07,8
23,15,28079018,07,4
23,15,28079024,07,1
23,15,28079027,07,5
23,15,28079035,07,16
23,15,28079036,07,11
23,15,28079038,07,22
23,15,28079039,07,12
23,15,28079040,07,7
23,15,28079047,07,5
23,15,28079048,07,19
23,15,28079049,07,3
23,15,28079050,07,47
23,15,28079054,07,7
23,15,28079055,07,4
23,15,28079056,07,10
23,15,28079057,07,12
23,15,28079058,07,5
23,15,28079059,07,4
23,15,28079060,07,3
23,15,28079004,08,39
23,15,28079011,08,66
23,15,28079016,08,27
23,15,28079017,08,19
23,15,28079018,08,15
23,15,28079024,08,3
23,15,28079027,08,13
23,15,28079035,08,29
23,15,28079036,08,18
23,15,28079038,08,31
23,15,28079039,08,27
23,15,28079040,08,21
23,15,28079047,08,12
23,15,28079048,08,30
23,15,28079049,08,15
23,15,28079050,08,47
23,15,28079054,08,13
23,15,28079055,08,13
23,15,28079056,08,21
23,15,28079057,08,25
23,15,28079058,08,7
23,15,28079059,08,11
23,15,28079060,08,16
23,15,28079024,09,4
23,15,28079038,09,6
23,15,28079047,09,2
23,15,28079048,09,6
23,15,28079050,09,4
23,15,28079018,10,8
23,15,28079024,10,5
23,15,28079036,10,6
23,15,28079038,10,12
23,15,28079040,10,8
23,15,28079047,10,6
23,15,28079048,10,20
23,15,28079050,10,10
23,15,28079055,10,4
23,15,28079057,10,11
23,15,28079060,10,5
23,15,28079016,14,42
23,15,28079017,14,59
23,15,28079018,14,58
23,15,28079024,14,71
23,15,28079027,14,67
23,15,28079035,14,50
23,15,28079039,14,55
23,15,28079049,14,61
23,15,28079054,14,60
23,15,28079056,14,60
23,15,28079058,14,67
23,15,28079059,14,54
23,15,28079060,14,62
23,15,28079011,20,6.2
23,15,28079018,20,0.4
23,15,28079024,20,0.3
23,15,28079038,20,2.1
23,15,28079055,20,0.5
23,15,28079011,30,3.1
23,15,28079018,30,0.2
23,15,28079024,30,0.5
23,15,28079038,30,0.7
23,15,28079055,30,0.2
23,15,28079011,35,0.9
23,15,28079018,35,1
23,15,28079024,35,0.3
23,15,28079038,35,0.4
23,15,28079055,35,1
23,15,28079024,42,1.34
23,15,28079027,42,1.22
23,15,28079055,42,1.43
23,15,28079024,44,0.26
23,15,28079027,44,0.14
23,15,28079055,44,0.13
23,16,28079004,01,9
23,16,28079017,01,3
23,16,28079018,01,2
23,16,28079024,01,1
23,16,28079035,01,6
23,16,28079036,01,2
23,16,28079038,01,3
23,16,28079040,01,3
23,16,28079057,01,4
23,16,28079004,06,0.4
23,16,28079016,06,0.3
23,16,28079018,06,0.3
23,16,28079024,06,0.2
23,16,28079035,06,0.3
23,16,28079036,06,0.3
23,16,28079039,06,0.2
23,16,28079056,06,0.3
23,16,28079057,06,0.3
23,16,28079004,07,18
23,16,28079011,07,15
23,16,28079016,07,9
23,16,28079017,07,16
23,16,28079018,07,9
23,16,28079024,07,1
23,16,28079027,07,5
23,16,28079035,07,13
23,16,28079036,07,9
23,16,28079038,07,18
23,16,28079039,07,11
23,16,28079040,07,6
23,16,28079047,07,5
23,16,28079048,07,14
23,16,28079049,07,3
23,16,28079050,07,35
23,16,28079054,07,5
23,16,28079055,07,5
23,16,28079056,07,12
23,16,28079057,07,8
23,16,28079058,07,3
23,16,28079059,07,5
23,16,28079060,07,4
23,16,28079004,08,41
23,16,28079011,08,57
23,16,28079016,08,25
23,16,28079017,08,29
23,16,28079018,08,31
23,16,28079024,08,3
23,16,28079027,08,14
23,16,28079035,08,30
23,16,28079036,08,16
23,16,28079038,08,29
23,16,28079039,08,24
23,16,28079040,08,18
23,16,28079047,08,15
23,16,28079048,08,25
23,16,28079049,08,15
23,16,28079050,08,38
23,16,28079054,08,9
23,16,28079055,08,16
23,16,28079056,08,32
23,16,28079057,08,19
23,16,28079058,08,4
23,16,28079059,08,11
23,16,28079060,08,17
23,16,28079024,09,4
23,16,28079038,09,7
23,16,28079047,09,4
23,16,28079048,09,3
23,16,28079050,09,6
23,16,28079018,10,9
23,16,28079024,10,5
23,16,28079036,10,5
23,16,28079038,10,11
23,16,28079040,10,7
23,16,28079047,10,9
23,16,28079048,10,9
23,16,28079050,10,13
23,16,28079055,10,8
23,16,28079057,10,12
23,16,28079060,10,8
23,16,28079016,14,43
23,16,28079017,14,51
23,16,28079018,14,46
23,16,28079024,14,70
23,16,28079027,14,64
23,16,28079035,14,47
23,16,28079039,14,56
23,16,28079049,14,61
23,16,28079054,14,61
23,16,28079056,14,51
23,16,28079058,14,68
23,16,28079059,14,51
23,16,28079060,14,61
23,16,28079011,20,5.9
23,16,28079018,20,0.5
23,16,28079024,20,0.3
23,16,28079038,20,1.8
23,16,28079055,20,0.6
23,16,28079011,30,2.9
23,16,28079018,30,0.2
23,16,28079024,30,0.5
23,16,28079038,30,0.6
23,16,28079055,30,0.3
23,16,28079011,35,0.8
23,16,28079018,35,1
23,16,28079024,35,0.3
23,16,28079038,35,0.3
23,16,28079055,35,1
23,16,28079024,42,1.34
23,16,28079027,42,1.22
23,16,28079055,42,1.44
23,16,28079024,44,0.26
23,16,28079027,44,0.14
23,16,28079055,44,0.13
23,17,28079004,01,7
23,17,28079017,01,3
23,17,28079018,01,2
23,17,28079024,01,1
23,17,28079035,01,5
23,17,28079036,01,2
23,17,28079038,01,5
23,17,28079040,01,5
23,17,28079057,01,4
23,17,28079004,06,0.3
23,17,28079016,06,0.3
23,17,28079018,06,0.3
23,17,28079024,06,0.2
23,17,28079035,06,0.3
23,17,28079036,06,0.3
23,17,28079039,06,0.2
23,17,28079056,06,0.3
23,17,28079057,06,0.3
23,17,28079004,07,12
23,17,28079011,07,29
23,17,28079016,07,13
23,17,28079017,07,12
23,17,28079018,07,11
23,17,28079024,07,1
23,17,28079027,07,3
23,17,28079035,07,12
23,17,28079036,07,14
23,17,28079038,07,19
23,17,28079039,07,12
23,17,28079040,07,10
23,17,28079047,07,4
23,17,28079048,07,20
23,17,28079049,07,3
23,17,28079050,07,52
23,17,28079054,07,7
23,17,28079055,07,4
23,17,28079056,07,14
23,17,28079057,07,6
23,17,28079058,07,4
23,17,28079059,07,5
23,17,28079060,07,3
23,17,28079004,08,35
23,17,28079011,08,74
23,17,28079016,08,35
23,17,28079017,08,27
23,17,28079018,08,33
23,17,28079024,08,2
23,17,28079027,08,11
23,17,28079035,08,33
23,17,28079036,08,28
23,17,28079038,08,34
23,17,28079039,08,29
23,17,28079040,08,29
23,17,28079047,08,19
23,17,28079048,08,38
23,17,28079049,08,22
23,17,28079050,08,53
23,17,28079054,08,18
23,17,28079055,08,16
23,17,28079056,08,37
23,17,28079057,08,17
23,17,28079058,08,5
23,17,28079059,08,13
23,17,28079060,08,17
23,17,28079024,09,3
23,17,28079038,09,4
23,17,28079047,09,4
23,17,28079048,09,6
23,17,28079050,09,5
23,17,28079018,10,9
23,17,28079024,10,4
23,17,28079036,10,5
23,17,28079038,10,8
23,17,28079040,10,8
23,17,28079047,10,6
23,17,28079048,10,4
23,17,28079050,10,12
23,17,28079055,10,6
23,17,28079057,10,7
23,17,28079060,10,4
23,17,28079016,14,37
23,17,28079017,14,52
23,17,28079018,14,45
23,17,28079024,14,70
23,17,28079027,14,67
23,17,28079035,14,44
23,17,28079039,14,52
23,17,28079049,14,54
23,17,28079054,14,53
23,17,28079056,14,48
23,17,28079058,14,67
23,17,28079059,14,49
23,17,28079060,14,60
23,17,28079011,20,5.9
23,17,28079018,20,0.4
23,17,28079024,20,0.3
23,17,28079038,20,2.7
23,17,28079055,20,0.5
23,17,28079011,30,2.8
23,17,28079018,30,0.2
23,17,28079024,30,0.4
23,17,28079038,30,0.7
23,17,28079055,30,0.2
23,17,28079011,35,0.7
23,17,28079018,35,1
23,17,28079024,35,0.3
23,17,28079038,35,0.4
23,17,28079055,35,1
23,17,28079024,42,1.34
23,17,28079027,42,1.21
23,17,28079055,42,1.43
23,17,28079024,44,0.26
23,17,28079027,44,0.13
23,17,28079055,44,0.13
23,18,28079004,01,4
23,18,28079017,01,3
23,18,28079018,01,2
23,18,28079024,01,1
23,18,28079035,01,4
23,18,28079036,01,2
23,18,28079038,01,5
23,18,28079040,01,5
23,18,28079057,01,4
23,18,28079004,06,0.3
23,18,28079016,06,0.3
23,18,28079018,06,0.3
23,18,28079024,06,0.2
23,18,28079035,06,0.3
23,18,28079036,06,0.3
23,18,28079039,06,0.3
23,18,28079056,06,0.3
23,18,28079057,06,0.3
23,18,28079004,07,8
23,18,28079011,07,17
23,18,28079016,07,10
23,18,28079017,07,9
23,18,28079018,07,13
23,18,28079024,07,1
23,18,28079027,07,4
23,18,28079035,07,6
23,18,28079036,07,12
23,18,28079038,07,16
23,18,28079039,07,20
23,18,28079040,07,10
23,18,28079047,07,3
23,18,28079048,07,15
23,18,28079049,07,3
23,18,28079050,07,46
23,18,28079054,07,5
23,18,28079055,07,6
23,18,28079056,07,15
23,18,28079057,07,10
23,18,28079058,07,4
23,18,28079059,07,5
23,18,28079060,07,6
23,18,28079004,08,28
23,18,28079011,08,66
23,18,28079016,08,38
23,18,28079017,08,31
23,18,28079018,08,38
23,18,28079024,08,4
23,18,28079027,08,23
23,18,28079035,08,19
23,18,28079036,08,30
23,18,28079038,08,37
23,18,28079039,08,49
23,18,28079040,08,32
23,18,28079047,08,22
23,18,28079048,08,40
23,18,28079049,08,20
23,18,28079050,08,60
23,18,28079054,08,15
23,18,28079055,08,27
23,18,28079056,08,37
23,18,28079057,08,37
23,18,28079058,08,9
23,18,28079059,08,25
23,18,28079060,08,34
23,18,28079024,09,5
23,18,28079038,09,11
23,18,28079047,09,7
23,18,28079048,09,22
23,18,28079050,09,10
23,18,28079018,10,11
23,18,28079024,10,5
23,18,28079036,10,20
23,18,28079038,10,13
23,18,28079040,10,11
23,18,28079047,10,11
23,18,28079048,10,43
23,18,28079050,10,21
23,18,28079055,10,7
23,18,28079057,10,9
23,18,28079060,10,10
23,18,28079016,14,35
23,18,28079017,14,47
23,18,28079018,14,41
23,18,28079024,14,68
23,18,28079027,14,57
23,18,28079035,14,56
23,18,28079039,14,39
23,18,28079049,14,55
23,18,28079054,14,56
23,18,28079056,14,48
23,18,28079058,14,62
23,18,28079059,14,42
23,18,28079060,14,46
23,18,28079011,20,6.6
23,18,28079018,20,0.6
23,18,28079024,20,0.3
23,18,28079038,20,2.3
23,18,28079055,20,0.7
23,18,28079011,30,3.2
23,18,28079018,30,0.2
23,18,28079024,30,0.4
23,18,28079038,30,0.7
23,18,28079055,30,0.2
23,18,28079011,35,1.1
23,18,28079018,35,1
23,18,28079024,35,0.3
23,18,28079038,35,0.4
23,18,28079055,35,1
23,18,28079024,42,1.34
23,18,28079027,42,1.22
23,18,28079055,42,1.45
23,18,28079024,44,0.26
23,18,28079027,44,0.14
23,18,28079055,44,0.14
23,19,28079004,01,4
23,19,28079017,01,3
23,19,28079018,01,2
23,19,28079024,01,1
23,19,28079035,01,4
23,19,28079036,01,2
23,19,28079038,01,4
23,19,28079040,01,4
23,19,28079057,01,5
23,19,28079004,06,0.3
23,19,28079016,06,0.3
23,19,28079018,06,0.3
23,19,28079024,06,0.2
23,19,28079035,06,0.3
23,19,28079036,06,0.3
23,19,28079039,06,0.3
23,19,28079056,06,0.3
23,19,28079057,06,0.3
23,19,28079004,07,11
23,19,28079011,07,5
23,19,28079016,07,8
23,19,28079017,07,12
23,19,28079018,07,2
23,19,28079024,07,1
23,19,28079027,07,4
23,19,28079035,07,6
23,19,28079036,07,11
23,19,28079038,07,18
23,19,28079039,07,16
23,19,28079040,07,11
23,19,28079047,07,3
23,19,28079048,07,20
23,19,28079049,07,1
23,19,28079050,07,45
23,19,28079054,07,5
23,19,28079055,07,7
23,19,28079056,07,16
23,19,28079057,07,9
23,19,28079058,07,3
23,19,28079059,07,5
23,19,28079060,07,4
23,19,28079004,08,41
23,19,28079011,08,55
23,19,28079016,08,41
23,19,28079017,08,39
23,19,28079018,08,35
23,19,28079024,08,8
23,19,28079027,08,29
23,19,28079035,08,30
23,19,28079036,08,39
23,19,28079038,08,47
23,19,28079039,08,53
23,19,28079040,08,40
23,19,28079047,08,32
23,19,28079048,08,52
23,19,28079049,08,26
23,19,28079050,08,63
23,19,28079054,08,25
23,19,28079055,08,38
23,19,28079056,08,48
23,19,28079057,08,40
23,19,28079058,08,10
23,19,28079059,08,29
23,19,28079060,08,29
23,19,28079024,09,4
23,19,28079038,09,6
23,19,28079047,09,9
23,19,28079048,09,13
23,19,28079050,09,10
23,19,28079018,10,7
23,19,28079024,10,4
23,19,28079036,10,16
23,19,28079038,10,9
23,19,28079040,10,12
23,19,28079047,10,13
23,19,28079048,10,27
23,19,28079050,10,25
23,19,28079055,10,12
23,19,28079057,10,10
23,19,28079060,10,28
23,19,28079016,14,33
23,19,28079017,14,37
23,19,28079018,14,40
23,19,28079024,14,62
23,19,28079027,14,52
23,19,28079035,14,44
23,19,28079039,14,35
23,19,28079049,14,49
23,19,28079054,14,38
23,19,28079056,14,26
23,19,28079058,14,61
23,19,28079059,14,36
23,19,28079060,14,49
23,19,28079011,20,5.8
23,19,28079018,20,0.6
23,19,28079024,20,0.3
23,19,28079038,20,1.5
23,19,28079055,20,1
23,19,28079011,30,2.6
23,19,28079018,30,0.2
23,19,28079024,30,0.5
23,19,28079038,30,0.6
23,19,28079055,30,0.4
23,19,28079011,35,0.6
23,19,28079018,35,1
23,19,28079024,35,0.3
23,19,28079038,35,0.3
23,19,28079055,35,1
23,19,28079024,42,1.34
23,19,28079027,42,1.23
23,19,28079055,42,1.46
23,19,28079024,44,0.25
23,19,28079027,44,0.14
23,19,28079055,44,0.15
23,2,28079004,01,3
23,2,28079017,01,2
23,2,28079018,01,2
23,2,28079024,01,1
23,2,28079035,01,3
23,2,28079036,01,1
23,2,28079038,01,3
23,2,28079040,01,3
23,2,28079057,01,2
23,2,28079004,06,0.2
23,2,28079016,06,0.2
23,2,28079018,06,0.2
23,2,28079024,06,0.2
23,2,28079035,06,0.2
23,2,28079036,06,0.2
23,2,28079039,06,0.2
23,2,28079056,06,0.1
23,2,28079057,06,0.2
23,2,28079004,07,2
23,2,28079011,07,1
23,2,28079016,07,1
23,2,28079017,07,1
23,2,28079018,07,1
23,2,28079024,07,1
23,2,28079027,07,1
23,2,28079035,07,5
23,2,28079036,07,1
23,2,28079038,07,3
23,2,28079039,07,1
23,2,28079040,07,1
23,2,28079047,07,1
23,2,28079048,07,1
23,2,28079049,07,1
23,2,28079050,07,4
23,2,28079054,07,4
23,2,28079055,07,1
23,2,28079056,07,2
23,2,28079057,07,1
23,2,28079058,07,2
23,2,28079059,07,1
23,2,28079060,07,1
23,2,28079004,08,10
23,2,28079011,08,22
23,2,28079016,08,9
23,2,28079017,08,7
23,2,28079018,08,6
23,2,28079024,08,1
23,2,28079027,08,7
23,2,28079035,08,13
23,2,28079036,08,2
23,2,28079038,08,12
23,2,28079039,08,8
23,2,28079040,08,9
23,2,28079047,08,6
23,2,28079048,08,13
23,2,28079049,08,6
23,2,28079050,08,14
23,2,28079054,08,12
23,2,28079055,08,8
23,2,28079056,08,12
23,2,28079057,08,6
23,2,28079058,08,2
23,2,28079059,08,3
23,2,28079060,08,6
23,2,28079024,09,2
23,2,28079038,09,4
23,2,28079047,09,2
23,2,28079048,09,4
23,2,28079050,09,4
23,2,28079018,10,3
23,2,28079024,10,3
23,2,28079036,10,2
23,2,28079038,10,3
23,2,28079040,10,3
23,2,28079047,10,3
23,2,28079048,10,6
23,2,28079050,10,5
23,2,28079055,10,4
23,2,28079057,10,4
23,2,28079060,10,7
23,2,28079016,14,56
23,2,28079017,14,60
23,2,28079018,14,65
23,2,28079024,14,76
23,2,28079027,14,73
23,2,28079035,14,65
23,2,28079039,14,70
23,2,28079049,14,71
23,2,28079054,14,52
23,2,28079056,14,65
23,2,28079058,14,79
23,2,28079059,14,65
23,2,28079060,14,72
23,2,28079011,20,2.2
23,2,28079018,20,0.2
23,2,28079024,20,0.3
23,2,28079038,20,0.5
23,2,28079055,20,0.6
23,2,28079011,30,1.2
23,2,28079018,30,0.1
23,2,28079024,30,0.5
23,2,28079038,30,0.2
23,2,28079055,30,0.2
23,2,28079011,35,1
23,2,28079018,35,1
23,2,28079024,35,0.3
23,2,28079038,35,1
23,2,28079055,35,1
23,2,28079024,42,1.33
23,2,28079027,42,1.22
23,2,28079055,42,1.44
23,2,28079024,44,0.26
23,2,28079027,44,0.14
23,2,28079055,44,0.14
23,20,28079004,01,4
23,20,28079017,01,3
23,20,28079018,01,2
23,20,28079024,01,1
23,20,28079035,01,3
23,20,28079036,01,1
23,20,28079038,01,3
23,20,28079040,01,3
23,20,28079057,01,5
23,20,28079004,06,0.3
23,20,28079016,06,0.4
23,20,28079018,06,0.3
23,20,28079024,06,0.2
23,20,28079035,06,0.3
23,20,28079036,06,0.3
23,20,28079039,06,0.3
23,20,28079056,06,0.3
23,20,28079057,06,0.4
23,20,28079004,07,13
23,20,28079011,07,2
23,20,28079016,07,9
23,20,28079017,07,12
23,20,28079018,07,3
23,20,28079024,07,1
23,20,28079027,07,4
23,20,28079035,07,6
23,20,28079036,07,8
23,20,28079038,07,17
23,20,28079039,07,17
23,20,28079040,07,8
23,20,28079047,07,3
23,20,28079048,07,21
23,20,28079049,07,2
23,20,28079054,07,5
23,20,28079055,07,5
23,20,28079056,07,11
23,20,28079057,07,11
23,20,28079058,07,2
23,20,28079059,07,3
23,20,28079060,07,3
23,20,28079004,08,39
23,20,28079011,08,47
23,20,28079016,08,45
23,20,28079017,08,40
23,20,28079018,08,29
23,20,28079024,08,7
23,20,28079027,08,33
23,20,28079035,08,29
23,20,28079036,08,35
23,20,28079038,08,49
23,20,28079039,08,52
23,20,28079040,08,33
23,20,28079047,08,33
23,20,28079048,08,51
23,20,28079049,08,31
23,20,28079054,08,20
23,20,28079055,08,39
23,20,28079056,08,43
23,20,28079057,08,44
23,20,28079058,08,8
23,20,28079059,08,25
23,20,28079060,08,34
23,20,28079024,09,7
23,20,28079038,09,12
23,20,28079047,09,6
23,20,28079048,09,28
23,20,28079018,10,7
23,20,28079024,10,7
23,20,28079036,10,28
23,20,28079038,10,11
23,20,28079040,10,10
23,20,28079047,10,10
23,20,28079048,10,50
23,20,28079055,10,15
23,20,28079057,10,11
23,20,28079060,10,25
23,20,28079016,14,27
23,20,28079017,14,35
23,20,28079018,14,40
23,20,28079024,14,58
23,20,28079027,14,45
23,20,28079035,14,39
23,20,28079039,14,30
23,20,28079049,14,40
23,20,28079054,14,37
23,20,28079056,14,34
23,20,28079058,14,60
23,20,28079059,14,36
23,20,28079060,14,40
23,20,28079011,20,5
23,20,28079018,20,1
23,20,28079024,20,0.4
23,20,28079038,20,1.7
23,20,28079055,20,1.1
23,20,28079011,30,2.3
23,20,28079018,30,0.2
23,20,28079024,30,0.5
23,20,28079038,30,0.6
23,20,28079055,30,0.5
23,20,28079011,35,0.5
23,20,28079018,35,1
23,20,28079024,35,0.3
23,20,28079038,35,0.4
23,20,28079055,35,1
23,20,28079024,42,1.34
23,20,28079027,42,1.23
23,20,28079055,42,1.45
23,20,28079024,44,0.25
23,20,28079027,44,0.14
23,20,28079055,44,0.14
23,21,28079004,01,3
23,21,28079017,01,3
23,21,28079018,01,2
23,21,28079024,01,1
23,21,28079035,01,3
23,21,28079036,01,1
23,21,28079038,01,3
23,21,28079040,01,3
23,21,28079057,01,4
23,21,28079004,06,0.3
23,21,28079016,06,0.3
23,21,28079018,06,0.3
23,21,28079024,06,0.2
23,21,28079035,06,0.3
23,21,28079036,06,0.3
23,21,28079039,06,0.3
23,21,28079056,06,0.3
23,21,28079057,06,0.3
23,21,28079004,07,10
23,21,28079011,07,3
23,21,28079016,07,8
23,21,28079017,07,10
23,21,28079018,07,2
23,21,28079024,07,1
23,21,28079027,07,4
23,21,28079035,07,6
23,21,28079036,07,7
23,21,28079038,07,16
23,21,28079039,07,12
23,21,28079040,07,8
23,21,28079047,07,2
23,21,28079048,07,20
23,21,28079049,07,1
23,21,28079050,07,30
23,21,28079054,07,5
23,21,28079055,07,5
23,21,28079056,07,12
23,21,28079057,07,11
23,21,28079058,07,2
23,21,28079059,07,3
23,21,28079060,07,1
23,21,28079004,08,33
23,21,28079011,08,45
23,21,28079016,08,40
23,21,28079017,08,42
23,21,28079018,08,27
23,21,28079024,08,5
23,21,28079027,08,31
23,21,28079035,08,29
23,21,28079036,08,32
23,21,28079038,08,42
23,21,28079039,08,43
23,21,28079040,08,34
23,21,28079047,08,30
23,21,28079048,08,49
23,21,28079049,08,23
23,21,28079050,08,45
23,21,28079054,08,18
23,21,28079055,08,35
23,21,28079056,08,42
23,21,28079057,08,43
23,21,28079058,08,6
23,21,28079059,08,21
23,21,28079060,08,25
23,21,28079024,09,5
23,21,28079038,09,5
23,21,28079047,09,4
23,21,28079048,09,13
23,21,28079050,09,11
23,21,28079018,10,6
23,21,28079024,10,5
23,21,28079036,10,11
23,21,28079038,10,6
23,21,28079040,10,7
23,21,28079047,10,6
23,21,28079048,10,23
23,21,28079050,10,15
23,21,28079055,10,9
23,21,28079057,10,7
23,21,28079060,10,17
23,21,28079016,14,30
23,21,28079017,14,32
23,21,28079018,14,41
23,21,28079024,14,60
23,21,28079027,14,45
23,21,28079035,14,39
23,21,28079039,14,35
23,21,28079049,14,45
23,21,28079054,14,47
23,21,28079056,14,35
23,21,28079058,14,56
23,21,28079059,14,38
23,21,28079060,14,46
23,21,28079011,20,3.9
23,21,28079018,20,0.7
23,21,28079024,20,0.4
23,21,28079038,20,1.7
23,21,28079055,20,1.5
23,21,28079011,30,2
23,21,28079018,30,0.2
23,21,28079024,30,0.5
23,21,28079038,30,0.7
23,21,28079055,30,0.5
23,21,28079011,35,0.3
23,21,28079018,35,1
23,21,28079024,35,0.3
23,21,28079038,35,0.4
23,21,28079055,35,1
23,21,28079024,42,1.33
23,21,28079027,42,1.23
23,21,28079055,42,1.45
23,21,28079024,44,0.25
23,21,28079027,44,0.14
23,21,28079055,44,0.14
23,22,28079004,01,3
23,22,28079017,01,3
23,22,28079018,01,2
23,22,28079024,01,1
23,22,28079035,01,3
23,22,28079036,01,1
23,22,28079038,01,3
23,22,28079040,01,3
23,22,28079057,01,4
23,22,28079004,06,0.3
23,22,28079016,06,0.3
23,22,28079018,06,0.3
23,22,28079024,06,0.2
23,22,28079035,06,0.3
23,22,28079036,06,0.3
23,22,28079039,06,0.3
23,22,28079056,06,0.3
23,22,28079057,06,0.3
23,22,28079004,07,7
23,22,28079011,07,1
23,22,28079016,07,8
23,22,28079017,07,7
23,22,28079018,07,1
23,22,28079024,07,1
23,22,28079027,07,3
23,22,28079035,07,5
23,22,28079036,07,7
23,22,28079038,07,12
23,22,28079039,07,11
23,22,28079040,07,7
23,22,28079047,07,2
23,22,28079048,07,14
23,22,28079049,07,1
23,22,28079050,07,25
23,22,28079054,07,5
23,22,28079055,07,4
23,22,28079056,07,11
23,22,28079057,07,6
23,22,28079058,07,2
23,22,28079059,07,2
23,22,28079060,07,1
23,22,28079004,08,25
23,22,28079011,08,36
23,22,28079016,08,38
23,22,28079017,08,31
23,22,28079018,08,25
23,22,28079024,08,4
23,22,28079027,08,29
23,22,28079035,08,23
23,22,28079036,08,30
23,22,28079038,08,35
23,22,28079039,08,37
23,22,28079040,08,31
23,22,28079047,08,30
23,22,28079048,08,41
23,22,28079049,08,23
23,22,28079050,08,36
23,22,28079054,08,13
23,22,28079055,08,31
23,22,28079056,08,40
23,22,28079057,08,31
23,22,28079058,08,5
23,22,28079059,08,14
23,22,28079060,08,19
23,22,28079024,09,4
23,22,28079038,09,3
23,22,28079047,09,3
23,22,28079048,09,4
23,22,28079050,09,8
23,22,28079018,10,5
23,22,28079024,10,4
23,22,28079036,10,6
23,22,28079038,10,5
23,22,28079040,10,7
23,22,28079047,10,6
23,22,28079048,10,14
23,22,28079050,10,12
23,22,28079055,10,5
23,22,28079057,10,4
23,22,28079060,10,9
23,22,28079016,14,30
23,22,28079017,14,38
23,22,28079018,14,41
23,22,28079024,14,59
23,22,28079027,14,46
23,22,28079035,14,24
23,22,28079039,14,38
23,22,28079049,14,43
23,22,28079054,14,50
23,22,28079056,14,36
23,22,28079058,14,56
23,22,28079059,14,43
23,22,28079060,14,49
23,22,28079011,20,2.9
23,22,28079018,20,0.5
23,22,28079024,20,0.4
23,22,28079038,20,1.8
23,22,28079055,20,0.8
23,22,28079011,30,1.8
23,22,28079018,30,0.2
23,22,28079024,30,0.5
23,22,28079038,30,0.7
23,22,28079055,30,0.3
23,22,28079011,35,0.2
23,22,28079018,35,1
23,22,28079024,35,0.4
23,22,28079038,35,0.4
23,22,28079055,35,1
23,22,28079024,42,1.33
23,22,28079027,42,1.24
23,22,28079055,42,1.45
23,22,28079024,44,0.24
23,22,28079027,44,0.14
23,22,28079055,44,0.14
23,23,28079004,01,3
23,23,28079017,01,3
23,23,28079018,01,2
23,23,28079024,01,1
23,23,28079035,01,3
23,23,28079036,01,1
23,23,28079038,01,2
23,23,28079040,01,3
23,23,28079057,01,4
23,23,28079004,06,0.3
23,23,28079016,06,0.3
23,23,28079018,06,0.3
23,23,28079024,06,0.2
23,23,28079035,06,0.3
23,23,28079036,06,0.2
23,23,28079039,06,0.2
23,23,28079056,06,0.2
23,23,28079057,06,0.3
23,23,28079004,07,7
23,23,28079011,07,1
23,23,28079016,07,5
23,23,28079017,07,3
23,23,28079018,07,1
23,23,28079024,07,1
23,23,28079027,07,2
23,23,28079035,07,4
23,23,28079036,07,3
23,23,28079038,07,5
23,23,28079039,07,5
23,23,28079040,07,3
23,23,28079047,07,2
23,23,28079048,07,8
23,23,28079049,07,1
23,23,28079050,07,15
23,23,28079054,07,4
23,23,28079055,07,2
23,23,28079056,07,5
23,23,28079057,07,2
23,23,28079058,07,1
23,23,28079059,07,2
23,23,28079060,07,1
23,23,28079004,08,22
23,23,28079011,08,24
23,23,28079016,08,27
23,23,28079017,08,19
23,23,28079018,08,18
23,23,28079024,08,2
23,23,28079027,08,19
23,23,28079035,08,16
23,23,28079036,08,17
23,23,28079038,08,19
23,23,28079039,08,22
23,23,28079040,08,17
23,23,28079047,08,21
23,23,28079048,08,27
23,23,28079049,08,19
23,23,28079050,08,22
23,23,28079054,08,8
23,23,28079055,08,24
23,23,28079056,08,27
23,23,28079057,08,18
23,23,28079058,08,3
23,23,28079059,08,10
23,23,28079060,08,11
23,23,28079024,09,4
23,23,28079038,09,5
23,23,28079047,09,4
23,23,28079048,09,6
23,23,28079050,09,7
23,23,28079018,10,6
23,23,28079024,10,5
23,23,28079036,10,10
23,23,28079038,10,6
23,23,28079040,10,8
23,23,28079047,10,7
23,23,28079048,10,18
23,23,28079050,10,10
23,23,28079055,10,7
23,23,28079057,10,4
23,23,28079060,10,10
23,23,28079016,14,34
23,23,28079017,14,44
23,23,28079018,14,42
23,23,28079024,14,35
23,23,28079027,14,51
23,23,28079035,14,46
23,23,28079039,14,46
23,23,28079049,14,43
23,23,28079054,14,51
23,23,28079056,14,40
23,23,28079058,14,56
23,23,28079059,14,44
23,23,28079060,14,53
23,23,28079011,20,2.3
23,23,28079018,20,0.3
23,23,28079024,20,0.3
23,23,28079038,20,1.8
23,23,28079055,20,0.7
23,23,28079011,30,1.6
23,23,28079018,30,0.1
23,23,28079024,30,0.5
23,23,28079038,30,0.6
23,23,28079055,30,0.2
23,23,28079011,35,0.6
23,23,28079018,35,1
23,23,28079024,35,0.4
23,23,28079038,35,0.4
23,23,28079055,35,1
23,23,28079024,42,1.33
23,23,28079027,42,1.23
23,23,28079055,42,1.45
23,23,28079024,44,0.24
23,23,28079027,44,0.13
23,23,28079055,44,0.14
23,24,28079004,01,3
23,24,28079017,01,3
23,24,28079018,01,2
23,24,28079024,01,1
23,24,28079035,01,3
23,24,28079036,01,1
23,24,28079038,01,2
23,24,28079040,01,3
23,24,28079057,01,3
23,24,28079004,06,0.3
23,24,28079016,06,0.3
23,24,28079018,06,0.2
23,24,28079024,06,0.2
23,24,28079035,06,0.3
23,24,28079036,06,0.2
23,24,28079039,06,0.2
23,24,28079056,06,0.2
23,24,28079057,06,0.3
23,24,28079004,07,6
23,24,28079011,07,1
23,24,28079016,07,3
23,24,28079017,07,2
23,24,28079018,07,1
23,24,28079024,07,1
23,24,28079027,07,1
23,24,28079035,07,3
23,24,28079036,07,2
23,24,28079038,07,4
23,24,28079039,07,2
23,24,28079040,07,2
23,24,28079047,07,1
23,24,28079048,07,5
23,24,28079049,07,1
23,24,28079050,07,12
23,24,28079054,07,4
23,24,28079055,07,2
23,24,28079056,07,2
23,24,28079057,07,1
23,24,28079058,07,1
23,24,28079059,07,2
23,24,28079060,07,1
23,24,28079004,08,17
23,24,28079011,08,17
23,24,28079016,08,18
23,24,28079017,08,14
23,24,28079018,08,11
23,24,28079024,08,2
23,24,28079027,08,12
23,24,28079035,08,12
23,24,28079036,08,10
23,24,28079038,08,13
23,24,28079039,08,15
23,24,28079040,08,17
23,24,28079047,08,12
23,24,28079048,08,21
23,24,28079049,08,13
23,24,28079050,08,17
23,24,28079054,08,9
23,24,28079055,08,15
23,24,28079056,08,16
23,24,28079057,08,13
23,24,28079058,08,2
23,24,28079059,08,6
23,24,28079060,08,8
23,24,28079024,09,4
23,24,28079038,09,4
23,24,28079047,09,3
23,24,28079048,09,6
23,24,28079050,09,5
23,24,28079018,10,4
23,24,28079024,10,4
23,24,28079036,10,7
23,24,28079038,10,4
23,24,28079040,10,5
23,24,28079047,10,4
23,24,28079048,10,16
23,24,28079050,10,6
23,24,28079055,10,5
23,24,28079057,10,4
23,24,28079060,10,8
23,24,28079016,14,36
23,24,28079017,14,46
23,24,28079018,14,44
23,24,28079024,14,56
23,24,28079027,14,53
23,24,28079035,14,46
23,24,28079039,14,48
23,24,28079049,14,45
23,24,28079054,14,48
23,24,28079056,14,45
23,24,28079058,14,55
23,24,28079059,14,44
23,24,28079060,14,53
23,24,28079011,20,2.3
23,24,28079018,20,0.3
23,24,28079024,20,0.3
23,24,28079038,20,0.7
23,24,28079055,20,0.7
23,24,28079011,30,1.4
23,24,28079018,30,0.2
23,24,28079024,30,0.5
23,24,28079038,30,0.4
23,24,28079055,30,0.2
23,24,28079011,35,1
23,24,28079018,35,1
23,24,28079024,35,0.4
23,24,28079038,35,0.4
23,24,28079055,35,1
23,24,28079024,42,1.33
23,24,28079027,42,1.22
23,24,28079055,42,1.44
23,24,28079024,44,0.24
23,24,28079027,44,0.13
23,24,28079055,44,0.13
23,3,28079004,01,3
23,3,28079017,01,2
23,3,28079018,01,2
23,3,28079024,01,1
23,3,28079035,01,3
23,3,28079036,01,1
23,3,28079038,01,2
23,3,28079040,01,2
23,3,28079057,01,2
23,3,28079004,06,0.2
23,3,28079016,06,0.2
23,3,28079018,06,0.2
23,3,28079024,06,0.2
23,3,28079035,06,0.2
23,3,28079036,06,0.2
23,3,28079039,06,0.1
23,3,28079056,06,0.1
23,3,28079057,06,0.2
23,3,28079004,07,1
23,3,28079011,07,1
23,3,28079016,07,1
23,3,28079017,07,1
23,3,28079018,07,1
23,3,28079024,07,1
23,3,28079027,07,1
23,3,28079035,07,2
23,3,28079036,07,1
23,3,28079038,07,1
23,3,28079039,07,1
23,3,28079040,07,1
23,3,28079047,07,1
23,3,28079048,07,1
23,3,28079049,07,1
23,3,28079050,07,3
23,3,28079054,07,3
23,3,28079055,07,1
23,3,28079056,07,5
23,3,28079057,07,1
23,3,28079058,07,2
23,3,28079059,07,2
23,3,28079060,07,1
23,3,28079004,08,8
23,3,28079011,08,12
23,3,28079016,08,6
23,3,28079017,08,4
23,3,28079018,08,5
23,3,28079024,08,1
23,3,28079027,08,3
23,3,28079035,08,10
23,3,28079036,08,1
23,3,28079038,08,6
23,3,28079039,08,4
23,3,28079040,08,6
23,3,28079047,08,5
23,3,28079048,08,8
23,3,28079049,08,6
23,3,28079050,08,7
23,3,28079054,08,5
23,3,28079055,08,5
23,3,28079056,08,13
23,3,28079057,08,4
23,3,28079058,08,1
23,3,28079059,08,1
23,3,28079060,08,4
23,3,28079024,09,3
23,3,28079038,09,8
23,3,28079047,09,4
23,3,28079048,09,4
23,3,28079050,09,9
23,3,28079018,10,6
23,3,28079024,10,4
23,3,28079036,10,4
23,3,28079038,10,4
23,3,28079040,10,4
23,3,28079047,10,4
23,3,28079048,10,8
23,3,28079050,10,10
23,3,28079055,10,5
23,3,28079057,10,7
23,3,28079060,10,7
23,3,28079016,14,60
23,3,28079017,14,70
23,3,28079018,14,68
23,3,28079024,14,81
23,3,28079027,14,81
23,3,28079035,14,72
23,3,28079039,14,77
23,3,28079049,14,74
23,3,28079054,14,68
23,3,28079056,14,67
23,3,28079058,14,80
23,3,28079059,14,71
23,3,28079060,14,78
23,3,28079011,20,1.7
23,3,28079018,20,0.2
23,3,28079024,20,0.3
23,3,28079038,20,0.4
23,3,28079055,20,0.5
23,3,28079011,30,1.1
23,3,28079018,30,0.1
23,3,28079024,30,0.4
23,3,28079038,30,0.3
23,3,28079055,30,0.2
23,3,28079011,35,1
23,3,28079018,35,1
23,3,28079024,35,0.3
23,3,28079038,35,1
23,3,28079055,35,1
23,3,28079024,42,1.33
23,3,28079027,42,1.21
23,3,28079055,42,1.43
23,3,28079024,44,0.26
23,3,28079027,44,0.13
23,3,28079055,44,0.14
23,4,28079004,01,3
23,4,28079017,01,2
23,4,28079018,01,1
23,4,28079024,01,1
23,4,28079035,01,3
23,4,28079036,01,1
23,4,28079038,01,2
23,4,28079040,01,2
23,4,28079057,01,2
23,4,28079004,06,0.2
23,4,28079016,06,0.2
23,4,28079018,06,0.2
23,4,28079024,06,0.2
23,4,28079035,06,0.2
23,4,28079036,06,0.2
23,4,28079039,06,0.1
23,4,28079056,06,0.1
23,4,28079057,06,0.2
23,4,28079004,07,1
23,4,28079011,07,1
23,4,28079016,07,1
23,4,28079017,07,1
23,4,28079018,07,1
23,4,28079024,07,1
23,4,28079027,07,1
23,4,28079035,07,2
23,4,28079036,07,1
23,4,28079038,07,1
23,4,28079039,07,1
23,4,28079040,07,1
23,4,28079047,07,1
23,4,28079048,07,1
23,4,28079049,07,1
23,4,28079050,07,1
23,4,28079054,07,3
23,4,28079055,07,1
23,4,28079056,07,1
23,4,28079057,07,1
23,4,28079058,07,1
23,4,28079059,07,1
23,4,28079060,07,1
23,4,28079004,08,8
23,4,28079011,08,12
23,4,28079016,08,5
23,4,28079017,08,4
23,4,28079018,08,3
23,4,28079024,08,1
23,4,28079027,08,7
23,4,28079035,08,11
23,4,28079036,08,1
23,4,28079038,08,6
23,4,28079039,08,4
23,4,28079040,08,4
23,4,28079047,08,3
23,4,28079048,08,6
23,4,28079049,08,5
23,4,28079050,08,6
23,4,28079054,08,1
23,4,28079055,08,10
23,4,28079056,08,5
23,4,28079057,08,4
23,4,28079058,08,1
23,4,28079059,08,2
23,4,28079060,08,3
23,4,28079024,09,4
23,4,28079038,09,4
23,4,28079047,09,3
23,4,28079048,09,4
23,4,28079050,09,4
23,4,28079018,10,5
23,4,28079024,10,5
23,4,28079036,10,5
23,4,28079038,10,3
23,4,28079040,10,4
23,4,28079047,10,4
23,4,28079048,10,6
23,4,28079050,10,4
23,4,28079055,10,8
23,4,28079057,10,7
23,4,28079060,10,3
23,4,28079016,14,59
23,4,28079017,14,74
23,4,28079018,14,72
23,4,28079024,14,81
23,4,28079027,14,72
23,4,28079035,14,70
23,4,28079039,14,77
23,4,28079049,14,73
23,4,28079054,14,75
23,4,28079056,14,76
23,4,28079058,14,77
23,4,28079059,14,67
23,4,28079060,14,79
23,4,28079011,20,1.2
23,4,28079018,20,0.2
23,4,28079024,20,0.3
23,4,28079038,20,0.5
23,4,28079055,20,1
23,4,28079011,30,1
23,4,28079018,30,0.2
23,4,28079024,30,0.4
23,4,28079038,30,0.2
23,4,28079055,30,0.2
23,4,28079011,35,1
23,4,28079018,35,1
23,4,28079024,35,0.3
23,4,28079038,35,1
23,4,28079055,35,1
23,4,28079024,42,1.33
23,4,28079027,42,1.24
23,4,28079055,42,1.44
23,4,28079024,44,0.26
23,4,28079027,44,0.14
23,4,28079055,44,0.14
23,5,28079004,01,2
23,5,28079017,01,2
23,5,28079018,01,2
23,5,28079024,01,1
23,5,28079035,01,2
23,5,28079036,01,1
23,5,28079038,01,2
23,5,28079040,01,2
23,5,28079057,01,2
23,5,28079004,06,0.2
23,5,28079016,06,0.2
23,5,28079018,06,0.2
23,5,28079024,06,0.2
23,5,28079035,06,0.2
23,5,28079036,06,0.2
23,5,28079039,06,0.1
23,5,28079056,06,0.1
23,5,28079057,06,0.2
23,5,28079004,07,1
23,5,28079011,07,1
23,5,28079016,07,1
23,5,28079017,07,1
23,5,28079018,07,1
23,5,28079024,07,1
23,5,28079027,07,1
23,5,28079035,07,3
23,5,28079036,07,1
23,5,28079038,07,1
23,5,28079039,07,1
23,5,28079040,07,1
23,5,28079047,07,1
23,5,28079048,07,1
23,5,28079049,07,1
23,5,28079050,07,2
23,5,28079054,07,3
23,5,28079055,07,2
23,5,28079056,07,1
23,5,28079057,07,1
23,5,28079058,07,1
23,5,28079059,07,1
23,5,28079060,07,1
23,5,28079004,08,4
23,5,28079011,08,11
23,5,28079016,08,5
23,5,28079017,08,3
23,5,28079018,08,3
23,5,28079024,08,1
23,5,28079027,08,7
23,5,28079035,08,7
23,5,28079036,08,1
23,5,28079038,08,5
23,5,28079039,08,5
23,5,28079040,08,4
23,5,28079047,08,4
23,5,28079048,08,4
23,5,28079049,08,5
23,5,28079050,08,7
23,5,28079054,08,2
23,5,28079055,08,15
23,5,28079056,08,5
23,5,28079057,08,3
23,5,28079058,08,1
23,5,28079059,08,1
23,5,28079060,08,4
23,5,28079024,09,4
23,5,28079038,09,8
23,5,28079047,09,3
23,5,28079048,09,6
23,5,28079050,09,8
23,5,28079018,10,6
23,5,28079024,10,5
23,5,28079036,10,4
23,5,28079038,10,4
23,5,28079040,10,4
23,5,28079047,10,4
23,5,28079048,10,10
23,5,28079050,10,9
23,5,28079055,10,5
23,5,28079057,10,7
23,5,28079060,10,7
23,5,28079016,14,58
23,5,28079017,14,74
23,5,28079018,14,71
23,5,28079024,14,79
23,5,28079027,14,71
23,5,28079035,14,73
23,5,28079039,14,62
23,5,28079049,14,73
23,5,28079054,14,72
23,5,28079056,14,75
23,5,28079058,14,75
23,5,28079059,14,68
23,5,28079060,14,76
23,5,28079011,20,1
23,5,28079018,20,0.2
23,5,28079024,20,0.5
23,5,28079038,20,0.5
23,5,28079055,20,1
23,5,28079011,30,1
23,5,28079018,30,0.2
23,5,28079024,30,0.4
23,5,28079038,30,0.3
23,5,28079055,30,0.2
23,5,28079011,35,1
23,5,28079018,35,1
23,5,28079024,35,0.3
23,5,28079038,35,1
23,5,28079055,35,1
23,5,28079024,42,1.33
23,5,28079027,42,1.24
23,5,28079055,42,1.44
23,5,28079024,44,0.26
23,5,28079027,44,0.14
23,5,28079055,44,0.14
23,6,28079004,01,2
23,6,28079017,01,2
23,6,28079018,01,2
23,6,28079024,01,1
23,6,28079035,01,2
23,6,28079036,01,1
23,6,28079038,01,2
23,6,28079040,01,2
23,6,28079057,01,2
23,6,28079004,06,0.2
23,6,28079016,06,0.2
23,6,28079018,06,0.2
23,6,28079024,06,0.2
23,6,28079035,06,0.2
23,6,28079036,06,0.2
23,6,28079039,06,0.1
23,6,28079056,06,0.1
23,6,28079057,06,0.2
23,6,28079004,07,1
23,6,28079011,07,1
23,6,28079016,07,1
23,6,28079017,07,1
23,6,28079018,07,1
23,6,28079024,07,1
23,6,28079027,07,1
23,6,28079035,07,3
23,6,28079036,07,1
23,6,28079038,07,1
23,6,28079039,07,1
23,6,28079040,07,1
23,6,28079047,07,1
23,6,28079048,07,1
23,6,28079049,07,1
23,6,28079050,07,4
23,6,28079054,07,3
23,6,28079055,07,1
23,6,28079056,07,1
23,6,28079057,07,1
23,6,28079058,07,1
23,6,28079059,07,1
23,6,28079060,07,1
23,6,28079004,08,8
23,6,28079011,08,11
23,6,28079016,08,8
23,6,28079017,08,4
23,6,28079018,08,4
23,6,28079024,08,1
23,6,28079027,08,5
23,6,28079035,08,7
23,6,28079036,08,1
23,6,28079038,08,6
23,6,28079039,08,5
23,6,28079040,08,5
23,6,28079047,08,5
23,6,28079048,08,5
23,6,28079049,08,4
23,6,28079050,08,10
23,6,28079054,08,3
23,6,28079055,08,5
23,6,28079056,08,8
23,6,28079057,08,7
23,6,28079058,08,1
23,6,28079059,08,3
23,6,28079060,08,7
23,6,28079024,09,3
23,6,28079038,09,6
23,6,28079047,09,4
23,6,28079048,09,4
23,6,28079050,09,3
23,6,28079018,10,5
23,6,28079024,10,3
23,6,28079036,10,4
23,6,28079038,10,3
23,6,28079040,10,4
23,6,28079047,10,4
23,6,28079048,10,6
23,6,28079050,10,3
23,6,28079055,10,6
23,6,28079057,10,6
23,6,28079060,10,5
23,6,28079016,14,53
23,6,28079017,14,72
23,6,28079018,14,67
23,6,28079024,14,77
23,6,28079027,14,76
23,6,28079035,14,72
23,6,28079039,14,74
23,6,28079049,14,73
23,6,28079054,14,70
23,6,28079056,14,70
23,6,28079058,14,75
23,6,28079059,14,63
23,6,28079060,14,70
23,6,28079011,20,0.9
23,6,28079018,20,0.2
23,6,28079024,20,0.2
23,6,28079038,20,0.3
23,6,28079055,20,1
23,6,28079011,30,1
23,6,28079018,30,0.2
23,6,28079024,30,0.4
23,6,28079038,30,0.2
23,6,28079055,30,0.2
23,6,28079011,35,1
23,6,28079018,35,1
23,6,28079024,35,0.3
23,6,28079038,35,1
23,6,28079055,35,1
23,6,28079024,42,1.33
23,6,28079027,42,1.21
23,6,28079055,42,1.42
23,6,28079024,44,0.26
23,6,28079027,44,0.13
23,6,28079055,44,0.13
23,7,28079004,01,3
23,7,28079017,01,2
23,7,28079018,01,2
23,7,28079024,01,1
23,7,28079035,01,3
23,7,28079036,01,1
23,7,28079038,01,2
23,7,28079040,01,2
23,7,28079057,01,2
23,7,28079004,06,0.2
23,7,28079016,06,0.3
23,7,28079018,06,0.2
23,7,28079024,06,0.2
23,7,28079035,06,0.2
23,7,28079036,06,0.2
23,7,28079039,06,0.2
23,7,28079056,06,0.2
23,7,28079057,06,0.2
23,7,28079004,07,4
23,7,28079011,07,1
23,7,28079016,07,3
23,7,28079017,07,2
23,7,28079018,07,1
23,7,28079024,07,1
23,7,28079027,07,2
23,7,28079035,07,3
23,7,28079036,07,4
23,7,28079038,07,3
23,7,28079039,07,1
23,7,28079040,07,2
23,7,28079047,07,1
23,7,28079048,07,2
23,7,28079049,07,1
23,7,28079050,07,27
23,7,28079054,07,3
23,7,28079055,07,4
23,7,28079056,07,4
23,7,28079057,07,1
23,7,28079058,07,2
23,7,28079059,07,1
23,7,28079060,07,1
23,7,28079004,08,23
23,7,28079011,08,23
23,7,28079016,08,20
23,7,28079017,08,14
23,7,28079018,08,7
23,7,28079024,08,1
23,7,28079027,08,18
23,7,28079035,08,18
23,7,28079036,08,7
23,7,28079038,08,13
23,7,28079039,08,12
23,7,28079040,08,16
23,7,28079047,08,13
23,7,28079048,08,14
23,7,28079049,08,7
23,7,28079050,08,36
23,7,28079054,08,9
23,7,28079055,08,22
23,7,28079056,08,18
23,7,28079057,08,8
23,7,28079058,08,2
23,7,28079059,08,3
23,7,28079060,08,10
23,7,28079024,09,3
23,7,28079038,09,5
23,7,28079047,09,3
23,7,28079048,09,4
23,7,28079050,09,4
23,7,28079018,10,4
23,7,28079024,10,4
23,7,28079036,10,4
23,7,28079038,10,4
23,7,28079040,10,5
23,7,28079047,10,4
23,7,28079048,10,5
23,7,28079050,10,12
23,7,28079055,10,7
23,7,28079057,10,9
23,7,28079060,10,7
23,7,28079016,14,46
23,7,28079017,14,61
23,7,28079018,14,64
23,7,28079024,14,74
23,7,28079027,14,63
23,7,28079035,14,58
23,7,28079039,14,65
23,7,28079049,14,68
23,7,28079054,14,63
23,7,28079056,14,61
23,7,28079058,14,72
23,7,28079059,14,60
23,7,28079060,14,45
23,7,28079011,20,1
23,7,28079018,20,0.1
23,7,28079024,20,0.2
23,7,28079038,20,0.6
23,7,28079055,20,1
23,7,28079011,30,1
23,7,28079018,30,0.2
23,7,28079024,30,0.4
23,7,28079038,30,0.4
23,7,28079055,30,0.2
23,7,28079011,35,1
23,7,28079018,35,1
23,7,28079024,35,0.4
23,7,28079038,35,0.7
23,7,28079055,35,1
23,7,28079024,42,1.34
23,7,28079027,42,1.22
23,7,28079055,42,1.43
23,7,28079024,44,0.27
23,7,28079027,44,0.14
23,7,28079055,44,0.14
23,8,28079004,01,3
23,8,28079017,01,3
23,8,28079018,01,2
23,8,28079024,01,1
23,8,28079035,01,3
23,8,28079036,01,1
23,8,28079038,01,3
23,8,28079040,01,2
23,8,28079057,01,2
23,8,28079004,06,0.3
23,8,28079016,06,0.4
23,8,28079018,06,0.3
23,8,28079024,06,0.2
23,8,28079035,06,0.3
23,8,28079036,06,0.3
23,8,28079039,06,0.2
23,8,28079056,06,0.3
23,8,28079057,06,0.3
23,8,28079004,07,15
23,8,28079011,07,10
23,8,28079016,07,13
23,8,28079017,07,7
23,8,28079018,07,7
23,8,28079024,07,1
23,8,28079027,07,5
23,8,28079035,07,9
23,8,28079036,07,9
23,8,28079038,07,20
23,8,28079039,07,6
23,8,28079040,07,5
23,8,28079047,07,5
23,8,28079048,07,19
23,8,28079049,07,1
23,8,28079050,07,59
23,8,28079054,07,4
23,8,28079055,07,8
23,8,28079056,07,13
23,8,28079057,07,5
23,8,28079058,07,4
23,8,28079059,07,9
23,8,28079060,07,3
23,8,28079004,08,56
23,8,28079011,08,57
23,8,28079016,08,47
23,8,28079017,08,32
23,8,28079018,08,25
23,8,28079024,08,6
23,8,28079027,08,26
23,8,28079035,08,42
23,8,28079036,08,21
23,8,28079038,08,42
23,8,28079039,08,28
23,8,28079040,08,29
23,8,28079047,08,30
23,8,28079048,08,43
23,8,28079049,08,24
23,8,28079050,08,61
23,8,28079054,08,20
23,8,28079055,08,22
23,8,28079056,08,38
23,8,28079057,08,35
23,8,28079058,08,6
23,8,28079059,08,21
23,8,28079060,08,27
23,8,28079024,09,4
23,8,28079038,09,9
23,8,28079047,09,4
23,8,28079048,09,7
23,8,28079050,09,9
23,8,28079018,10,6
23,8,28079024,10,4
23,8,28079036,10,7
23,8,28079038,10,6
23,8,28079040,10,7
23,8,28079047,10,6
23,8,28079048,10,10
23,8,28079050,10,20
23,8,28079055,10,9
23,8,28079057,10,10
23,8,28079060,10,8
23,8,28079016,14,31
23,8,28079017,14,47
23,8,28079018,14,52
23,8,28079024,14,69
23,8,28079027,14,58
23,8,28079035,14,36
23,8,28079039,14,54
23,8,28079049,14,52
23,8,28079054,14,52
23,8,28079056,14,47
23,8,28079058,14,69
23,8,28079059,14,45
23,8,28079060,14,53
23,8,28079011,20,1.7
23,8,28079018,20,0.2
23,8,28079024,20,0.3
23,8,28079038,20,1.3
23,8,28079055,20,0.7
23,8,28079011,30,1.3
23,8,28079018,30,0.1
23,8,28079024,30,0.4
23,8,28079038,30,0.5
23,8,28079055,30,0.2
23,8,28079011,35,1
23,8,28079018,35,1
23,8,28079024,35,0.3
23,8,28079038,35,0.6
23,8,28079055,35,1
23,8,28079024,42,1.34
23,8,28079027,42,1.22
23,8,28079055,42,1.45
23,8,28079024,44,0.27
23,8,28079027,44,0.14
23,8,28079055,44,0.15
23,9,28079004,01,5
23,9,28079017,01,3
23,9,28079018,01,2
23,9,28079024,01,1
23,9,28079035,01,4
23,9,28079036,01,1
23,9,28079038,01,4
23,9,28079040,01,3
23,9,28079057,01,2
23,9,28079004,06,0.4
23,9,28079016,06,0.4
23,9,28079018,06,0.3
23,9,28079024,06,0.2
23,9,28079035,06,0.4
23,9,28079036,06,0.4
23,9,28079039,06,0.3
23,9,28079056,06,0.3
23,9,28079057,06,0.3
23,9,28079004,07,22
23,9,28079011,07,36
23,9,28079016,07,15
23,9,28079017,07,17
23,9,28079018,07,16
23,9,28079024,07,1
23,9,28079027,07,9
23,9,28079035,07,20
23,9,28079036,07,17
23,9,28079038,07,41
23,9,28079039,07,20
23,9,28079040,07,21
23,9,28079047,07,5
23,9,28079048,07,29
23,9,28079049,07,3
23,9,28079050,07,80
23,9,28079054,07,9
23,9,28079055,07,18
23,9,28079056,07,13
23,9,28079057,07,9
23,9,28079058,07,3
23,9,28079059,07,6
23,9,28079060,07,7
23,9,28079004,08,71
23,9,28079011,08,89
23,9,28079016,08,50
23,9,28079017,08,52
23,9,28079018,08,41
23,9,28079024,08,10
23,9,28079027,08,47
23,9,28079035,08,63
23,9,28079036,08,36
23,9,28079038,08,66
23,9,28079039,08,48
23,9,28079040,08,61
23,9,28079047,08,44
23,9,28079048,08,57
23,9,28079049,08,44
23,9,28079050,08,77
23,9,28079054,08,47
23,9,28079055,08,55
23,9,28079056,08,48
23,9,28079057,08,37
23,9,28079058,08,6
23,9,28079059,08,29
23,9,28079060,08,29
23,9,28079024,09,3
23,9,28079038,09,8
23,9,28079047,09,4
23,9,28079048,09,3
23,9,28079050,09,10
23,9,28079018,10,10
23,9,28079024,10,4
23,9,28079036,10,6
23,9,28079038,10,8
23,9,28079040,10,10
23,9,28079047,10,7
23,9,28079048,10,8
23,9,28079050,10,18
23,9,28079055,10,11
23,9,28079057,10,9
23,9,28079060,10,7
23,9,28079016,14,30
23,9,28079017,14,32
23,9,28079018,14,37
23,9,28079024,14,64
23,9,28079027,14,40
23,9,28079035,14,22
23,9,28079039,14,40
23,9,28079049,14,30
23,9,28079054,14,33
23,9,28079056,14,38
23,9,28079058,14,68
23,9,28079059,14,38
23,9,28079060,14,52
23,9,28079011,20,3.7
23,9,28079018,20,0.5
23,9,28079024,20,0.3
23,9,28079038,20,1.9
23,9,28079055,20,1.1
23,9,28079011,30,2.5
23,9,28079018,30,0.2
23,9,28079024,30,0.4
23,9,28079038,30,0.8
23,9,28079055,30,0.6
23,9,28079011,35,0.6
23,9,28079018,35,1
23,9,28079024,35,0.3
23,9,28079038,35,0.3
23,9,28079055,35,1
23,9,28079024,42,1.34
23,9,28079027,42,1.24
23,9,28079055,42,1.47
23,9,28079024,44,0.26
23,9,28079027,44,0.14
23,9,28079055,44,0.16
24,1,28079004,01,2
24,1,28079017,01,3
24,1,28079018,01,2
24,1,28079024,01,1
24,1,28079035,01,3
24,1,28079036,01,1
24,1,28079038,01,2
24,1,28079040,01,3
24,1,28079057,01,3
24,1,28079004,06,0.2
24,1,28079016,06,0.2
24,1,28079018,06,0.2
24,1,28079024,06,0.2
24,1,28079035,06,0.2
24,1,28079036,06,0.2
24,1,28079039,06,0.2
24,1,28079056,06,0.1
24,1,28079057,06,0.2
24,1,28079004,07,5
24,1,28079011,07,1
24,1,28079016,07,2
24,1,28079017,07,1
24,1,28079018,07,1
24,1,28079024,07,1
24,1,28079027,07,1
24,1,28079035,07,3
24,1,28079036,07,1
24,1,28079038,07,3
24,1,28079039,07,1
24,1,28079040,07,1
24,1,28079047,07,1
24,1,28079048,07,3
24,1,28079049,07,1
24,1,28079050,07,7
24,1,28079054,07,4
24,1,28079055,07,1
24,1,28079056,07,1
24,1,28079057,07,1
24,1,28079058,07,1
24,1,28079059,07,2
24,1,28079060,07,1
24,1,28079004,08,12
24,1,28079011,08,14
24,1,28079016,08,13
24,1,28079017,08,7
24,1,28079018,08,8
24,1,28079024,08,1
24,1,28079027,08,9
24,1,28079035,08,10
24,1,28079036,08,5
24,1,28079038,08,12
24,1,28079039,08,9
24,1,28079040,08,9
24,1,28079047,08,8
24,1,28079048,08,16
24,1,28079049,08,10
24,1,28079050,08,13
24,1,28079054,08,4
24,1,28079055,08,10
24,1,28079056,08,10
24,1,28079057,08,11
24,1,28079058,08,2
24,1,28079059,08,5
24,1,28079060,08,6
24,1,28079024,09,2
24,1,28079038,09,2
24,1,28079047,09,1
24,1,28079048,09,3
24,1,28079050,09,2
24,1,28079018,10,2
24,1,28079024,10,2
24,1,28079036,10,4
24,1,28079038,10,2
24,1,28079040,10,3
24,1,28079047,10,3
24,1,28079048,10,10
24,1,28079050,10,3
24,1,28079055,10,3
24,1,28079057,10,3
24,1,28079060,10,6
24,1,28079016,14,37
24,1,28079017,14,47
24,1,28079018,14,45
24,1,28079024,14,54
24,1,28079027,14,52
24,1,28079035,14,46
24,1,28079039,14,49
24,1,28079049,14,44
24,1,28079054,14,49
24,1,28079056,14,47
24,1,28079058,14,52
24,1,28079059,14,43
24,1,28079060,14,52
24,1,28079011,20,2.8
24,1,28079018,20,2
24,1,28079024,20,0.3
24,1,28079038,20,0.8
24,1,28079055,20,0.5
24,1,28079011,30,1.4
24,1,28079018,30,0.1
24,1,28079024,30,0.5
24,1,28079038,30,0.4
24,1,28079055,30,0.2
24,1,28079011,35,1
24,1,28079018,35,1
24,1,28079024,35,0.4
24,1,28079038,35,0.2
24,1,28079055,35,1
24,1,28079024,42,1.33
24,1,28079027,42,1.22
24,1,28079055,42,1.43
24,1,28079024,44,0.24
24,1,28079027,44,0.13
24,1,28079055,44,0.12
24,10,28079004,01,5
24,10,28079017,01,3
24,10,28079018,01,2
24,10,28079024,01,1
24,10,28079035,01,5
24,10,28079036,01,1
24,10,28079038,01,4
24,10,28079040,01,4
24,10,28079057,01,4
24,10,28079004,06,0.3
24,10,28079016,06,0.3
24,10,28079018,06,0.4
24,10,28079024,06,0.2
24,10,28079035,06,0.3
24,10,28079036,06,0.3
24,10,28079039,06,0.2
24,10,28079056,06,0.3
24,10,28079057,06,0.3
24,10,28079004,07,13
24,10,28079011,07,32
24,10,28079016,07,11
24,10,28079017,07,11
24,10,28079018,07,13
24,10,28079024,07,1
24,10,28079027,07,6
24,10,28079035,07,15
24,10,28079036,07,13
24,10,28079038,07,27
24,10,28079039,07,15
24,10,28079040,07,9
24,10,28079047,07,4
24,10,28079048,07,20
24,10,28079049,07,4
24,10,28079050,07,43
24,10,28079054,07,6
24,10,28079055,07,6
24,10,28079056,07,16
24,10,28079057,07,6
24,10,28079058,07,3
24,10,28079059,07,5
24,10,28079060,07,2
24,10,28079004,08,47
24,10,28079011,08,76
24,10,28079016,08,39
24,10,28079017,08,32
24,10,28079018,08,27
24,10,28079024,08,8
24,10,28079027,08,28
24,10,28079035,08,44
24,10,28079036,08,29
24,10,28079038,08,42
24,10,28079039,08,32
24,10,28079040,08,34
24,10,28079047,08,25
24,10,28079048,08,41
24,10,28079049,08,29
24,10,28079050,08,49
24,10,28079054,08,23
24,10,28079055,08,26
24,10,28079056,08,40
24,10,28079057,08,21
24,10,28079058,08,3
24,10,28079059,08,13
24,10,28079060,08,17
24,10,28079024,09,5
24,10,28079038,09,9
24,10,28079047,09,6
24,10,28079048,09,5
24,10,28079050,09,10
24,10,28079018,10,16
24,10,28079024,10,7
24,10,28079036,10,7
24,10,28079038,10,8
24,10,28079040,10,11
24,10,28079047,10,10
24,10,28079048,10,7
24,10,28079050,10,21
24,10,28079055,10,5
24,10,28079057,10,9
24,10,28079060,10,4
24,10,28079016,14,36
24,10,28079017,14,48
24,10,28079018,14,43
24,10,28079024,14,68
24,10,28079027,14,56
24,10,28079035,14,38
24,10,28079039,14,52
24,10,28079049,14,50
24,10,28079054,14,51
24,10,28079056,14,45
24,10,28079058,14,69
24,10,28079059,14,48
24,10,28079060,14,62
24,10,28079011,20,4.3
24,10,28079018,20,3.1
24,10,28079024,20,0.3
24,10,28079038,20,2.5
24,10,28079055,20,0.6
24,10,28079011,30,2.4
24,10,28079018,30,0.7
24,10,28079024,30,0.4
24,10,28079038,30,0.8
24,10,28079055,30,0.2
24,10,28079011,35,0.4
24,10,28079018,35,0.4
24,10,28079024,35,0.3
24,10,28079038,35,0.4
24,10,28079055,35,1
24,10,28079024,42,1.32
24,10,28079027,42,1.19
24,10,28079055,42,1.41
24,10,28079024,44,0.25
24,10,28079027,44,0.12
24,10,28079055,44,0.12
24,11,28079004,01,7
24,11,28079017,01,3
24,11,28079018,01,2
24,11,28079024,01,1
24,11,28079035,01,5
24,11,28079036,01,2
24,11,28079038,01,4
24,11,28079040,01,4
24,11,28079057,01,3
24,11,28079004,06,0.3
24,11,28079016,06,0.3
24,11,28079018,06,0.2
24,11,28079024,06,0.2
24,11,28079035,06,0.3
24,11,28079036,06,0.3
24,11,28079039,06,0.2
24,11,28079056,06,0.2
24,11,28079057,06,0.3
24,11,28079004,07,17
24,11,28079011,07,25
24,11,28079016,07,7
24,11,28079017,07,8
24,11,28079018,07,4
24,11,28079024,07,1
24,11,28079027,07,4
24,11,28079035,07,15
24,11,28079036,07,10
24,11,28079038,07,24
24,11,28079039,07,4
24,11,28079040,07,6
24,11,28079047,07,4
24,11,28079048,07,16
24,11,28079049,07,3
24,11,28079050,07,33
24,11,28079054,07,7
24,11,28079055,07,3
24,11,28079056,07,8
24,11,28079057,07,4
24,11,28079058,07,2
24,11,28079059,07,4
24,11,28079060,07,1
24,11,28079004,08,45
24,11,28079011,08,69
24,11,28079016,08,26
24,11,28079017,08,19
24,11,28079018,08,16
24,11,28079024,08,4
24,11,28079027,08,12
24,11,28079035,08,36
24,11,28079036,08,21
24,11,28079038,08,36
24,11,28079039,08,19
24,11,28079040,08,22
24,11,28079047,08,17
24,11,28079048,08,33
24,11,28079049,08,19
24,11,28079050,08,38
24,11,28079054,08,16
24,11,28079055,08,11
24,11,28079056,08,22
24,11,28079057,08,12
24,11,28079058,08,4
24,11,28079059,08,5
24,11,28079060,08,8
24,11,28079024,09,5
24,11,28079038,09,8
24,11,28079047,09,7
24,11,28079048,09,1
24,11,28079050,09,7
24,11,28079018,10,13
24,11,28079024,10,8
24,11,28079036,10,4
24,11,28079038,10,10
24,11,28079040,10,10
24,11,28079047,10,10
24,11,28079048,10,4
24,11,28079050,10,24
24,11,28079055,10,9
24,11,28079057,10,12
24,11,28079060,10,4
24,11,28079016,14,47
24,11,28079017,14,61
24,11,28079018,14,61
24,11,28079024,14,74
24,11,28079027,14,74
24,11,28079035,14,47
24,11,28079039,14,65
24,11,28079049,14,62
24,11,28079054,14,59
24,11,28079056,14,63
24,11,28079058,14,75
24,11,28079059,14,55
24,11,28079060,14,74
24,11,28079011,20,5.2
24,11,28079018,20,0.6
24,11,28079024,20,0.3
24,11,28079038,20,2.2
24,11,28079055,20,0.3
24,11,28079011,30,2.7
24,11,28079018,30,0.1
24,11,28079024,30,0.4
24,11,28079038,30,0.7
24,11,28079055,30,0.2
24,11,28079011,35,0.5
24,11,28079018,35,1
24,11,28079024,35,0.3
24,11,28079038,35,0.4
24,11,28079055,35,1
24,11,28079024,42,1.32
24,11,28079027,42,1.2
24,11,28079055,42,1.41
24,11,28079024,44,0.25
24,11,28079027,44,0.13
24,11,28079055,44,0.12
24,12,28079004,01,7
24,12,28079017,01,3
24,12,28079018,01,2
24,12,28079024,01,1
24,12,28079035,01,5
24,12,28079036,01,3
24,12,28079038,01,4
24,12,28079040,01,4
24,12,28079057,01,3
24,12,28079004,06,0.3
24,12,28079016,06,0.2
24,12,28079018,06,0.3
24,12,28079024,06,0.2
24,12,28079035,06,0.3
24,12,28079036,06,0.3
24,12,28079039,06,0.2
24,12,28079056,06,0.2
24,12,28079057,06,0.3
24,12,28079004,07,25
24,12,28079011,07,15
24,12,28079016,07,4
24,12,28079017,07,7
24,12,28079018,07,2
24,12,28079024,07,1
24,12,28079027,07,4
24,12,28079035,07,17
24,12,28079036,07,10
24,12,28079038,07,28
24,12,28079039,07,4
24,12,28079040,07,7
24,12,28079047,07,4
24,12,28079048,07,17
24,12,28079049,07,3
24,12,28079050,07,38
24,12,28079054,07,7
24,12,28079055,07,3
24,12,28079056,07,7
24,12,28079057,07,6
24,12,28079058,07,3
24,12,28079059,07,3
24,12,28079060,07,1
24,12,28079004,08,53
24,12,28079011,08,59
24,12,28079016,08,13
24,12,28079017,08,18
24,12,28079018,08,11
24,12,28079024,08,2
24,12,28079027,08,9
24,12,28079035,08,38
24,12,28079036,08,17
24,12,28079038,08,40
24,12,28079039,08,17
24,12,28079040,08,20
24,12,28079047,08,15
24,12,28079048,08,31
24,12,28079049,08,17
24,12,28079050,08,40
24,12,28079054,08,13
24,12,28079055,08,8
24,12,28079056,08,19
24,12,28079057,08,14
24,12,28079058,08,2
24,12,28079059,08,4
24,12,28079060,08,7
24,12,28079024,09,5
24,12,28079038,09,11
24,12,28079047,09,7
24,12,28079048,09,5
24,12,28079050,09,8
24,12,28079018,10,13
24,12,28079024,10,9
24,12,28079036,10,9
24,12,28079038,10,17
24,12,28079040,10,20
24,12,28079047,10,11
24,12,28079048,10,11
24,12,28079050,10,21
24,12,28079055,10,12
24,12,28079057,10,19
24,12,28079060,10,6
24,12,28079016,14,54
24,12,28079017,14,66
24,12,28079018,14,65
24,12,28079024,14,77
24,12,28079027,14,76
24,12,28079035,14,49
24,12,28079039,14,67
24,12,28079049,14,65
24,12,28079054,14,64
24,12,28079056,14,65
24,12,28079058,14,75
24,12,28079059,14,56
24,12,28079060,14,74
24,12,28079011,20,4.6
24,12,28079018,20,0.9
24,12,28079024,20,0.2
24,12,28079038,20,2.3
24,12,28079055,20,0.1
24,12,28079011,30,2.3
24,12,28079018,30,0.1
24,12,28079024,30,0.4
24,12,28079038,30,0.6
24,12,28079055,30,0.2
24,12,28079011,35,0.4
24,12,28079018,35,1
24,12,28079024,35,0.3
24,12,28079038,35,0.4
24,12,28079055,35,1
24,12,28079024,42,1.32
24,12,28079027,42,1.2
24,12,28079055,42,1.41
24,12,28079024,44,0.25
24,12,28079027,44,0.13
24,12,28079055,44,0.12
24,13,28079004,01,8
24,13,28079017,01,3
24,13,28079018,01,2
24,13,28079024,01,1
24,13,28079035,01,5
24,13,28079036,01,2
24,13,28079038,01,3
24,13,28079040,01,4
24,13,28079057,01,3
24,13,28079004,06,0.4
24,13,28079016,06,0.3
24,13,28079018,06,0.2
24,13,28079024,06,0.2
24,13,28079035,06,0.3
24,13,28079036,06,0.3
24,13,28079039,06,0.2
24,13,28079056,06,0.2
24,13,28079057,06,0.2
24,13,28079004,07,23
24,13,28079011,07,26
24,13,28079016,07,9
24,13,28079017,07,6
24,13,28079018,07,2
24,13,28079024,07,1
24,13,28079027,07,4
24,13,28079035,07,18
24,13,28079036,07,11
24,13,28079038,07,22
24,13,28079039,07,8
24,13,28079040,07,7
24,13,28079047,07,6
24,13,28079048,07,17
24,13,28079049,07,4
24,13,28079050,07,40
24,13,28079054,07,8
24,13,28079055,07,3
24,13,28079056,07,9
24,13,28079057,07,6
24,13,28079058,07,4
24,13,28079059,07,3
24,13,28079060,07,1
24,13,28079004,08,49
24,13,28079011,08,73
24,13,28079016,08,22
24,13,28079017,08,18
24,13,28079018,08,10
24,13,28079024,08,2
24,13,28079027,08,9
24,13,28079035,08,37
24,13,28079036,08,18
24,13,28079038,08,31
24,13,28079039,08,20
24,13,28079040,08,19
24,13,28079047,08,15
24,13,28079048,08,30
24,13,28079049,08,17
24,13,28079050,08,43
24,13,28079054,08,13
24,13,28079055,08,8
24,13,28079056,08,21
24,13,28079057,08,12
24,13,28079058,08,5
24,13,28079059,08,6
24,13,28079060,08,8
24,13,28079024,09,5
24,13,28079038,09,7
24,13,28079047,09,4
24,13,28079048,09,2
24,13,28079050,09,8
24,13,28079018,10,10
24,13,28079024,10,7
24,13,28079036,10,5
24,13,28079038,10,13
24,13,28079040,10,10
24,13,28079047,10,8
24,13,28079048,10,15
24,13,28079050,10,18
24,13,28079055,10,7
24,13,28079057,10,9
24,13,28079060,10,7
24,13,28079016,14,48
24,13,28079017,14,64
24,13,28079018,14,65
24,13,28079024,14,77
24,13,28079027,14,75
24,13,28079035,14,49
24,13,28079039,14,63
24,13,28079049,14,65
24,13,28079054,14,63
24,13,28079056,14,64
24,13,28079058,14,73
24,13,28079059,14,57
24,13,28079060,14,72
24,13,28079011,20,5.8
24,13,28079018,20,0.6
24,13,28079024,20,0.2
24,13,28079038,20,2
24,13,28079055,20,0.3
24,13,28079011,30,2.8
24,13,28079018,30,0.1
24,13,28079024,30,0.4
24,13,28079038,30,0.6
24,13,28079055,30,0.2
24,13,28079011,35,0.8
24,13,28079018,35,1
24,13,28079024,35,0.3
24,13,28079038,35,0.3
24,13,28079055,35,1
24,13,28079024,42,1.32
24,13,28079027,42,1.2
24,13,28079055,42,1.41
24,13,28079024,44,0.25
24,13,28079027,44,0.13
24,13,28079055,44,0.12
24,14,28079004,01,7
24,14,28079017,01,3
24,14,28079018,01,2
24,14,28079024,01,1
24,14,28079035,01,6
24,14,28079036,01,3
24,14,28079038,01,4
24,14,28079040,01,4
24,14,28079057,01,4
24,14,28079004,06,0.4
24,14,28079016,06,0.3
24,14,28079018,06,0.2
24,14,28079024,06,0.2
24,14,28079035,06,0.3
24,14,28079036,06,0.3
24,14,28079039,06,0.2
24,14,28079056,06,0.2
24,14,28079057,06,0.3
24,14,28079004,07,27
24,14,28079011,07,18
24,14,28079016,07,9
24,14,28079017,07,7
24,14,28079018,07,3
24,14,28079024,07,1
24,14,28079027,07,5
24,14,28079035,07,13
24,14,28079036,07,9
24,14,28079038,07,27
24,14,28079039,07,5
24,14,28079040,07,9
24,14,28079047,07,5
24,14,28079048,07,20
24,14,28079049,07,3
24,14,28079050,07,41
24,14,28079054,07,6
24,14,28079055,07,4
24,14,28079056,07,10
24,14,28079057,07,8
24,14,28079058,07,3
24,14,28079059,07,4
24,14,28079060,07,1
24,14,28079004,08,53
24,14,28079011,08,62
24,14,28079016,08,22
24,14,28079017,08,17
24,14,28079018,08,12
24,14,28079024,08,3
24,14,28079027,08,12
24,14,28079035,08,28
24,14,28079036,08,15
24,14,28079038,08,39
24,14,28079039,08,17
24,14,28079040,08,23
24,14,28079047,08,14
24,14,28079048,08,31
24,14,28079049,08,16
24,14,28079050,08,41
24,14,28079054,08,10
24,14,28079055,08,9
24,14,28079056,08,25
24,14,28079057,08,17
24,14,28079058,08,5
24,14,28079059,08,6
24,14,28079060,08,8
24,14,28079024,09,4
24,14,28079038,09,3
24,14,28079047,09,5
24,14,28079048,09,1
24,14,28079050,09,5
24,14,28079018,10,11
24,14,28079024,10,7
24,14,28079036,10,7
24,14,28079038,10,11
24,14,28079040,10,11
24,14,28079047,10,10
24,14,28079048,10,9
24,14,28079050,10,13
24,14,28079055,10,5
24,14,28079057,10,8
24,14,28079060,10,4
24,14,28079016,14,47
24,14,28079017,14,64
24,14,28079018,14,63
24,14,28079024,14,76
24,14,28079027,14,72
24,14,28079035,14,55
24,14,28079039,14,65
24,14,28079049,14,65
24,14,28079054,14,65
24,14,28079056,14,60
24,14,28079058,14,72
24,14,28079059,14,58
24,14,28079060,14,72
24,14,28079011,20,6.1
24,14,28079018,20,0.9
24,14,28079024,20,0.3
24,14,28079038,20,2.4
24,14,28079055,20,0.2
24,14,28079011,30,3
24,14,28079018,30,0.1
24,14,28079024,30,0.4
24,14,28079038,30,0.5
24,14,28079055,30,0.2
24,14,28079011,35,1
24,14,28079018,35,1
24,14,28079024,35,0.3
24,14,28079038,35,0.4
24,14,28079055,35,1
24,14,28079024,42,1.33
24,14,28079027,42,1.21
24,14,28079055,42,1.41
24,14,28079024,44,0.26
24,14,28079027,44,0.13
24,14,28079055,44,0.12
24,15,28079004,01,6
24,15,28079017,01,3
24,15,28079018,01,2
24,15,28079024,01,1
24,15,28079035,01,6
24,15,28079036,01,2
24,15,28079038,01,4
24,15,28079040,01,5
24,15,28079057,01,5
24,15,28079004,06,0.4
24,15,28079016,06,0.3
24,15,28079018,06,0.2
24,15,28079024,06,0.2
24,15,28079035,06,0.3
24,15,28079036,06,0.4
24,15,28079039,06,0.2
24,15,28079056,06,0.3
24,15,28079057,06,0.3
24,15,28079004,07,17
24,15,28079011,07,20
24,15,28079016,07,10
24,15,28079017,07,6
24,15,28079018,07,3
24,15,28079024,07,1
24,15,28079027,07,5
24,15,28079035,07,13
24,15,28079036,07,10
24,15,28079038,07,23
24,15,28079039,07,13
24,15,28079040,07,9
24,15,28079047,07,4
24,15,28079048,07,19
24,15,28079049,07,3
24,15,28079050,07,50
24,15,28079054,07,7
24,15,28079055,07,4
24,15,28079056,07,20
24,15,28079057,07,8
24,15,28079058,07,4
24,15,28079059,07,3
24,15,28079060,07,2
24,15,28079004,08,37
24,15,28079011,08,65
24,15,28079016,08,25
24,15,28079017,08,16
24,15,28079018,08,13
24,15,28079024,08,2
24,15,28079027,08,12
24,15,28079035,08,27
24,15,28079036,08,17
24,15,28079038,08,29
24,15,28079039,08,27
24,15,28079040,08,23
24,15,28079047,08,11
24,15,28079048,08,32
24,15,28079049,08,15
24,15,28079050,08,53
24,15,28079054,08,10
24,15,28079055,08,11
24,15,28079056,08,35
24,15,28079057,08,16
24,15,28079058,08,6
24,15,28079059,08,6
24,15,28079060,08,12
24,15,28079024,09,4
24,15,28079038,09,10
24,15,28079047,09,5
24,15,28079048,09,12
24,15,28079050,09,10
24,15,28079018,10,10
24,15,28079024,10,6
24,15,28079036,10,9
24,15,28079038,10,13
24,15,28079040,10,10
24,15,28079047,10,8
24,15,28079048,10,23
24,15,28079050,10,15
24,15,28079055,10,9
24,15,28079057,10,11
24,15,28079060,10,8
24,15,28079016,14,46
24,15,28079017,14,64
24,15,28079018,14,62
24,15,28079024,14,76
24,15,28079027,14,72
24,15,28079035,14,55
24,15,28079039,14,59
24,15,28079049,14,66
24,15,28079054,14,64
24,15,28079056,14,58
24,15,28079058,14,72
24,15,28079059,14,60
24,15,28079060,14,68
24,15,28079011,20,6
24,15,28079018,20,0.9
24,15,28079024,20,0.3
24,15,28079038,20,2.5
24,15,28079055,20,0.4
24,15,28079011,30,2.9
24,15,28079018,30,0.1
24,15,28079024,30,0.4
24,15,28079038,30,0.6
24,15,28079055,30,0.2
24,15,28079011,35,0.9
24,15,28079018,35,1
24,15,28079024,35,0.3
24,15,28079038,35,0.5
24,15,28079055,35,1
24,15,28079024,42,1.33
24,15,28079027,42,1.21
24,15,28079055,42,1.42
24,15,28079024,44,0.26
24,15,28079027,44,0.13
24,15,28079055,44,0.13
24,16,28079004,01,8
24,16,28079017,01,4
24,16,28079018,01,2
24,16,28079024,01,1
24,16,28079035,01,5
24,16,28079036,01,2
24,16,28079038,01,3
24,16,28079040,01,5
24,16,28079057,01,5
24,16,28079004,06,0.4
24,16,28079016,06,0.3
24,16,28079018,06,0.3
24,16,28079024,06,0.2
24,16,28079035,06,0.3
24,16,28079036,06,0.4
24,16,28079039,06,0.3
24,16,28079056,06,0.2
24,16,28079057,06,0.3
24,16,28079004,07,16
24,16,28079011,07,11
24,16,28079016,07,9
24,16,28079017,07,8
24,16,28079018,07,3
24,16,28079024,07,1
24,16,28079027,07,5
24,16,28079035,07,11
24,16,28079036,07,11
24,16,28079038,07,21
24,16,28079039,07,15
24,16,28079040,07,8
24,16,28079047,07,3
24,16,28079048,07,13
24,16,28079049,07,3
24,16,28079050,07,43
24,16,28079054,07,6
24,16,28079055,07,4
24,16,28079056,07,14
24,16,28079057,07,8
24,16,28079058,07,4
24,16,28079059,07,4
24,16,28079060,07,5
24,16,28079004,08,42
24,16,28079011,08,53
24,16,28079016,08,27
24,16,28079017,08,21
24,16,28079018,08,15
24,16,28079024,08,2
24,16,28079027,08,14
24,16,28079035,08,26
24,16,28079036,08,21
24,16,28079038,08,32
24,16,28079039,08,30
24,16,28079040,08,21
24,16,28079047,08,12
24,16,28079048,08,27
24,16,28079049,08,16
24,16,28079050,08,48
24,16,28079054,08,12
24,16,28079055,08,11
24,16,28079056,08,30
24,16,28079057,08,21
24,16,28079058,08,3
24,16,28079059,08,8
24,16,28079060,08,20
24,16,28079024,09,5
24,16,28079038,09,8
24,16,28079047,09,6
24,16,28079048,09,8
24,16,28079050,09,10
24,16,28079018,10,10
24,16,28079024,10,7
24,16,28079036,10,13
24,16,28079038,10,10
24,16,28079040,10,9
24,16,28079047,10,9
24,16,28079048,10,16
24,16,28079050,10,17
24,16,28079055,10,9
24,16,28079057,10,10
24,16,28079060,10,13
24,16,28079016,14,45
24,16,28079017,14,60
24,16,28079018,14,61
24,16,28079024,14,76
24,16,28079027,14,69
24,16,28079035,14,55
24,16,28079039,14,57
24,16,28079049,14,64
24,16,28079054,14,64
24,16,28079056,14,57
24,16,28079058,14,74
24,16,28079059,14,58
24,16,28079060,14,62
24,16,28079011,20,5.8
24,16,28079018,20,0.6
24,16,28079024,20,0.2
24,16,28079038,20,2
24,16,28079055,20,0.6
24,16,28079011,30,2.7
24,16,28079018,30,0.1
24,16,28079024,30,0.4
24,16,28079038,30,0.6
24,16,28079055,30,0.2
24,16,28079011,35,0.8
24,16,28079018,35,1
24,16,28079024,35,0.3
24,16,28079038,35,0.3
24,16,28079055,35,1
24,16,28079024,42,1.33
24,16,28079027,42,1.21
24,16,28079055,42,1.42
24,16,28079024,44,0.26
24,16,28079027,44,0.13
24,16,28079055,44,0.13
24,17,28079004,01,5
24,17,28079017,01,4
24,17,28079018,01,2
24,17,28079024,01,1
24,17,28079035,01,5
24,17,28079036,01,2
24,17,28079038,01,4
24,17,28079040,01,5
24,17,28079057,01,5
24,17,28079004,06,0.3
24,17,28079016,06,0.3
24,17,28079018,06,0.3
24,17,28079024,06,0.2
24,17,28079035,06,0.3
24,17,28079036,06,0.4
24,17,28079039,06,0.3
24,17,28079056,06,0.2
24,17,28079057,06,0.3
24,17,28079004,07,8
24,17,28079011,07,18
24,17,28079016,07,11
24,17,28079017,07,24
24,17,28079018,07,3
24,17,28079024,07,1
24,17,28079027,07,5
24,17,28079035,07,9
24,17,28079036,07,15
24,17,28079038,07,21
24,17,28079039,07,15
24,17,28079040,07,8
24,17,28079047,07,3
24,17,28079048,07,20
24,17,28079049,07,2
24,17,28079050,07,46
24,17,28079054,07,5
24,17,28079055,07,4
24,17,28079056,07,11
24,17,28079057,07,8
24,17,28079058,07,3
24,17,28079059,07,3
24,17,28079060,07,6
24,17,28079004,08,28
24,17,28079011,08,63
24,17,28079016,08,32
24,17,28079017,08,36
24,17,28079018,08,18
24,17,28079024,08,3
24,17,28079027,08,16
24,17,28079035,08,26
24,17,28079036,08,29
24,17,28079038,08,37
24,17,28079039,08,33
24,17,28079040,08,25
24,17,28079047,08,16
24,17,28079048,08,39
24,17,28079049,08,15
24,17,28079050,08,55
24,17,28079054,08,14
24,17,28079055,08,15
24,17,28079056,08,29
24,17,28079057,08,25
24,17,28079058,08,4
24,17,28079059,08,10
24,17,28079060,08,23
24,17,28079024,09,5
24,17,28079038,09,8
24,17,28079047,09,5
24,17,28079048,09,11
24,17,28079050,09,11
24,17,28079018,10,10
24,17,28079024,10,6
24,17,28079036,10,10
24,17,28079038,10,10
24,17,28079040,10,8
24,17,28079047,10,8
24,17,28079048,10,16
24,17,28079050,10,20
24,17,28079055,10,8
24,17,28079057,10,12
24,17,28079060,10,11
24,17,28079016,14,42
24,17,28079017,14,50
24,17,28079018,14,57
24,17,28079024,14,73
24,17,28079027,14,67
24,17,28079035,14,55
24,17,28079039,14,54
24,17,28079049,14,63
24,17,28079054,14,61
24,17,28079056,14,55
24,17,28079058,14,72
24,17,28079059,14,57
24,17,28079060,14,59
24,17,28079011,20,5.3
24,17,28079018,20,1.2
24,17,28079024,20,0.2
24,17,28079038,20,2.2
24,17,28079055,20,0.5
24,17,28079011,30,2.4
24,17,28079018,30,0.2
24,17,28079024,30,0.4
24,17,28079038,30,0.6
24,17,28079055,30,0.2
24,17,28079011,35,0.8
24,17,28079018,35,1
24,17,28079024,35,0.5
24,17,28079038,35,0.4
24,17,28079055,35,1
24,17,28079024,42,1.33
24,17,28079027,42,1.21
24,17,28079055,42,1.42
24,17,28079024,44,0.25
24,17,28079027,44,0.13
24,17,28079055,44,0.13
24,18,28079004,01,7
24,18,28079017,01,4
24,18,28079018,01,2
24,18,28079024,01,1
24,18,28079035,01,5
24,18,28079036,01,3
24,18,28079038,01,4
24,18,28079040,01,5
24,18,28079057,01,5
24,18,28079004,06,0.3
24,18,28079016,06,0.3
24,18,28079018,06,0.3
24,18,28079024,06,0.2
24,18,28079035,06,0.4
24,18,28079036,06,0.4
24,18,28079039,06,0.3
24,18,28079056,06,0.2
24,18,28079057,06,0.3
24,18,28079004,07,16
24,18,28079011,07,39
24,18,28079016,07,10
24,18,28079017,07,11
24,18,28079018,07,4
24,18,28079024,07,1
24,18,28079027,07,8
24,18,28079035,07,12
24,18,28079036,07,16
24,18,28079038,07,24
24,18,28079039,07,18
24,18,28079040,07,10
24,18,28079047,07,3
24,18,28079048,07,16
24,18,28079049,07,2
24,18,28079050,07,56
24,18,28079054,07,5
24,18,28079055,07,6
24,18,28079056,07,40
24,18,28079057,07,11
24,18,28079058,07,3
24,18,28079059,07,4
24,18,28079060,07,9
24,18,28079004,08,48
24,18,28079011,08,83
24,18,28079016,08,43
24,18,28079017,08,38
24,18,28079018,08,23
24,18,28079024,08,8
24,18,28079027,08,35
24,18,28079035,08,42
24,18,28079036,08,37
24,18,28079038,08,43
24,18,28079039,08,43
24,18,28079040,08,37
24,18,28079047,08,23
24,18,28079048,08,42
24,18,28079049,08,25
24,18,28079050,08,67
24,18,28079054,08,20
24,18,28079055,08,30
24,18,28079056,08,42
24,18,28079057,08,42
24,18,28079058,08,7
24,18,28079059,08,25
24,18,28079060,08,40
24,18,28079024,09,5
24,18,28079038,09,9
24,18,28079047,09,8
24,18,28079048,09,9
24,18,28079050,09,12
24,18,28079018,10,11
24,18,28079024,10,7
24,18,28079036,10,15
24,18,28079038,10,13
24,18,28079040,10,11
24,18,28079047,10,12
24,18,28079048,10,13
24,18,28079050,10,24
24,18,28079055,10,13
24,18,28079057,10,14
24,18,28079060,10,8
24,18,28079016,14,35
24,18,28079017,14,46
24,18,28079018,14,54
24,18,28079024,14,69
24,18,28079027,14,50
24,18,28079035,14,40
24,18,28079039,14,45
24,18,28079049,14,55
24,18,28079054,14,47
24,18,28079056,14,30
24,18,28079058,14,68
24,18,28079059,14,44
24,18,28079060,14,44
24,18,28079011,20,5.7
24,18,28079018,20,0.8
24,18,28079024,20,0.3
24,18,28079038,20,2.8
24,18,28079055,20,0.6
24,18,28079011,30,2.7
24,18,28079018,30,0.2
24,18,28079024,30,0.4
24,18,28079038,30,0.7
24,18,28079055,30,0.2
24,18,28079011,35,0.8
24,18,28079018,35,1
24,18,28079024,35,0.3
24,18,28079038,35,0.6
24,18,28079055,35,1
24,18,28079024,42,1.33
24,18,28079027,42,1.22
24,18,28079055,42,1.44
24,18,28079024,44,0.26
24,18,28079027,44,0.14
24,18,28079055,44,0.14
24,19,28079004,01,8
24,19,28079017,01,4
24,19,28079018,01,2
24,19,28079024,01,1
24,19,28079035,01,7
24,19,28079036,01,3
24,19,28079038,01,4
24,19,28079040,01,6
24,19,28079057,01,5
24,19,28079004,06,0.4
24,19,28079016,06,0.4
24,19,28079018,06,0.3
24,19,28079024,06,0.2
24,19,28079035,06,0.4
24,19,28079036,06,0.5
24,19,28079039,06,0.3
24,19,28079056,06,0.3
24,19,28079057,06,0.4
24,19,28079004,07,24
24,19,28079011,07,50
24,19,28079016,07,13
24,19,28079017,07,11
24,19,28079018,07,4
24,19,28079024,07,1
24,19,28079027,07,10
24,19,28079035,07,16
24,19,28079036,07,18
24,19,28079038,07,41
24,19,28079039,07,19
24,19,28079040,07,13
24,19,28079047,07,3
24,19,28079048,07,29
24,19,28079049,07,2
24,19,28079050,07,85
24,19,28079054,07,6
24,19,28079055,07,11
24,19,28079056,07,50
24,19,28079057,07,17
24,19,28079058,07,9
24,19,28079059,07,5
24,19,28079060,07,8
24,19,28079004,08,75
24,19,28079011,08,93
24,19,28079016,08,63
24,19,28079017,08,42
24,19,28079018,08,37
24,19,28079024,08,13
24,19,28079027,08,48
24,19,28079035,08,60
24,19,28079036,08,48
24,19,28079038,08,72
24,19,28079039,08,69
24,19,28079040,08,59
24,19,28079047,08,38
24,19,28079048,08,65
24,19,28079049,08,41
24,19,28079050,08,92
24,19,28079054,08,40
24,19,28079055,08,49
24,19,28079056,08,67
24,19,28079057,08,63
24,19,28079058,08,31
24,19,28079059,08,45
24,19,28079060,08,59
24,19,28079024,09,5
24,19,28079038,09,11
24,19,28079047,09,7
24,19,28079048,09,10
24,19,28079050,09,14
24,19,28079018,10,15
24,19,28079024,10,7
24,19,28079036,10,14
24,19,28079038,10,15
24,19,28079040,10,14
24,19,28079047,10,9
24,19,28079048,10,13
24,19,28079050,10,29
24,19,28079055,10,14
24,19,28079057,10,17
24,19,28079060,10,14
24,19,28079016,14,23
24,19,28079017,14,43
24,19,28079018,14,41
24,19,28079024,14,63
24,19,28079027,14,38
24,19,28079035,14,22
24,19,28079039,14,24
24,19,28079049,14,40
24,19,28079054,14,31
24,19,28079056,14,31
24,19,28079058,14,47
24,19,28079059,14,27
24,19,28079060,14,26
24,19,28079011,20,6.3
24,19,28079018,20,0.7
24,19,28079024,20,0.7
24,19,28079038,20,3.9
24,19,28079055,20,1
24,19,28079011,30,3.2
24,19,28079018,30,0.1
24,19,28079024,30,0.4
24,19,28079038,30,0.9
24,19,28079055,30,0.4
24,19,28079011,35,1.1
24,19,28079018,35,1
24,19,28079024,35,0.3
24,19,28079038,35,0.7
24,19,28079055,35,1
24,19,28079024,42,1.33
24,19,28079027,42,1.24
24,19,28079055,42,1.45
24,19,28079024,44,0.25
24,19,28079027,44,0.15
24,19,28079055,44,0.15
24,2,28079004,01,2
24,2,28079017,01,3
24,2,28079018,01,2
24,2,28079024,01,1
24,2,28079035,01,2
24,2,28079036,01,1
24,2,28079038,01,2
24,2,28079040,01,3
24,2,28079057,01,3
24,2,28079004,06,0.2
24,2,28079016,06,0.2
24,2,28079018,06,0.2
24,2,28079024,06,0.2
24,2,28079035,06,0.2
24,2,28079036,06,0.2
24,2,28079039,06,0.2
24,2,28079056,06,0.1
24,2,28079057,06,0.2
24,2,28079004,07,4
24,2,28079011,07,1
24,2,28079016,07,1
24,2,28079017,07,1
24,2,28079018,07,1
24,2,28079024,07,1
24,2,28079027,07,1
24,2,28079035,07,3
24,2,28079036,07,1
24,2,28079038,07,1
24,2,28079039,07,1
24,2,28079040,07,1
24,2,28079047,07,1
24,2,28079048,07,2
24,2,28079049,07,1
24,2,28079050,07,6
24,2,28079054,07,4
24,2,28079055,07,1
24,2,28079056,07,1
24,2,28079057,07,1
24,2,28079058,07,1
24,2,28079059,07,2
24,2,28079060,07,1
24,2,28079004,08,7
24,2,28079011,08,10
24,2,28079016,08,9
24,2,28079017,08,4
24,2,28079018,08,4
24,2,28079024,08,1
24,2,28079027,08,6
24,2,28079035,08,6
24,2,28079036,08,2
24,2,28079038,08,7
24,2,28079039,08,8
24,2,28079040,08,8
24,2,28079047,08,5
24,2,28079048,08,10
24,2,28079049,08,7
24,2,28079050,08,11
24,2,28079054,08,2
24,2,28079055,08,8
24,2,28079056,08,7
24,2,28079057,08,9
24,2,28079058,08,1
24,2,28079059,08,2
24,2,28079060,08,4
24,2,28079024,09,2
24,2,28079038,09,1
24,2,28079047,09,1
24,2,28079048,09,1
24,2,28079050,09,1
24,2,28079018,10,1
24,2,28079024,10,1
24,2,28079036,10,2
24,2,28079038,10,1
24,2,28079040,10,1
24,2,28079047,10,1
24,2,28079048,10,7
24,2,28079050,10,3
24,2,28079055,10,3
24,2,28079057,10,4
24,2,28079060,10,3
24,2,28079016,14,38
24,2,28079017,14,47
24,2,28079018,14,46
24,2,28079024,14,54
24,2,28079027,14,53
24,2,28079035,14,49
24,2,28079039,14,48
24,2,28079049,14,45
24,2,28079054,14,49
24,2,28079056,14,47
24,2,28079058,14,51
24,2,28079059,14,48
24,2,28079060,14,51
24,2,28079011,20,2
24,2,28079018,20,2.3
24,2,28079024,20,0.3
24,2,28079038,20,0.5
24,2,28079055,20,0.5
24,2,28079011,30,1.3
24,2,28079018,30,0.1
24,2,28079024,30,0.5
24,2,28079038,30,0.3
24,2,28079055,30,0.1
24,2,28079011,35,0.6
24,2,28079018,35,1
24,2,28079024,35,0.4
24,2,28079038,35,0.6
24,2,28079055,35,1
24,2,28079024,42,1.33
24,2,28079027,42,1.22
24,2,28079055,42,1.43
24,2,28079024,44,0.24
24,2,28079027,44,0.13
24,2,28079055,44,0.13
24,20,28079004,01,7
24,20,28079017,01,4
24,20,28079018,01,2
24,20,28079024,01,1
24,20,28079035,01,7
24,20,28079036,01,5
24,20,28079038,01,6
24,20,28079040,01,6
24,20,28079057,01,7
24,20,28079004,06,0.5
24,20,28079016,06,0.5
24,20,28079018,06,0.3
24,20,28079024,06,0.2
24,20,28079035,06,0.5
24,20,28079036,06,0.6
24,20,28079039,06,0.3
24,20,28079056,06,0.2
24,20,28079057,06,0.5
24,20,28079004,07,25
24,20,28079011,07,81
24,20,28079016,07,36
24,20,28079017,07,17
24,20,28079018,07,5
24,20,28079024,07,1
24,20,28079027,07,28
24,20,28079035,07,26
24,20,28079036,07,39
24,20,28079038,07,57
24,20,28079039,07,19
24,20,28079040,07,21
24,20,28079047,07,5
24,20,28079048,07,39
24,20,28079049,07,3
24,20,28079050,07,92
24,20,28079054,07,9
24,20,28079055,07,25
24,20,28079056,07,12
24,20,28079057,07,53
24,20,28079058,07,3
24,20,28079059,07,18
24,20,28079060,07,18
24,20,28079004,08,84
24,20,28079011,08,106
24,20,28079016,08,93
24,20,28079017,08,52
24,20,28079018,08,42
24,20,28079024,08,16
24,20,28079027,08,87
24,20,28079035,08,71
24,20,28079036,08,67
24,20,28079038,08,95
24,20,28079039,08,85
24,20,28079040,08,76
24,20,28079047,08,51
24,20,28079048,08,78
24,20,28079049,08,56
24,20,28079050,08,103
24,20,28079054,08,64
24,20,28079055,08,80
24,20,28079056,08,55
24,20,28079057,08,99
24,20,28079058,08,24
24,20,28079059,08,65
24,20,28079060,08,72
24,20,28079024,09,7
24,20,28079038,09,15
24,20,28079047,09,8
24,20,28079048,09,12
24,20,28079050,09,16
24,20,28079018,10,17
24,20,28079024,10,9
24,20,28079036,10,19
24,20,28079038,10,22
24,20,28079040,10,17
24,20,28079047,10,13
24,20,28079048,10,18
24,20,28079050,10,30
24,20,28079055,10,19
24,20,28079057,10,22
24,20,28079060,10,7
24,20,28079016,14,8
24,20,28079017,14,35
24,20,28079018,14,38
24,20,28079024,14,59
24,20,28079027,14,11
24,20,28079035,14,13
24,20,28079039,14,12
24,20,28079049,14,25
24,20,28079054,14,19
24,20,28079056,14,34
24,20,28079058,14,53
24,20,28079059,14,12
24,20,28079060,14,18
24,20,28079011,20,7.8
24,20,28079018,20,1.2
24,20,28079024,20,0.5
24,20,28079038,20,4.7
24,20,28079055,20,1.3
24,20,28079011,30,3.8
24,20,28079018,30,0.2
24,20,28079024,30,0.4
24,20,28079038,30,1.3
24,20,28079055,30,0.6
24,20,28079011,35,1.9
24,20,28079018,35,1
24,20,28079024,35,0.5
24,20,28079038,35,1
24,20,28079055,35,1
24,20,28079024,42,1.33
24,20,28079027,42,1.26
24,20,28079055,42,1.47
24,20,28079024,44,0.25
24,20,28079027,44,0.17
24,20,28079055,44,0.16
24,21,28079004,01,7
24,21,28079017,01,3
24,21,28079018,01,2
24,21,28079024,01,1
24,21,28079035,01,6
24,21,28079036,01,4
24,21,28079038,01,6
24,21,28079040,01,7
24,21,28079057,01,6
24,21,28079004,06,0.5
24,21,28079016,06,0.6
24,21,28079018,06,0.3
24,21,28079024,06,0.2
24,21,28079035,06,0.5
24,21,28079036,06,0.4
24,21,28079039,06,0.4
24,21,28079056,06,0.4
24,21,28079057,06,0.5
24,21,28079004,07,25
24,21,28079011,07,48
24,21,28079016,07,39
24,21,28079017,07,15
24,21,28079018,07,3
24,21,28079024,07,1
24,21,28079027,07,30
24,21,28079035,07,24
24,21,28079036,07,27
24,21,28079038,07,41
24,21,28079039,07,21
24,21,28079040,07,21
24,21,28079047,07,4
24,21,28079048,07,45
24,21,28079049,07,2
24,21,28079050,07,112
24,21,28079054,07,7
24,21,28079055,07,20
24,21,28079056,07,24
24,21,28079057,07,27
24,21,28079058,07,4
24,21,28079059,07,11
24,21,28079060,07,11
24,21,28079004,08,84
24,21,28079011,08,93
24,21,28079016,08,95
24,21,28079017,08,53
24,21,28079018,08,42
24,21,28079024,08,15
24,21,28079027,08,91
24,21,28079035,08,72
24,21,28079036,08,63
24,21,28079038,08,89
24,21,28079039,08,77
24,21,28079040,08,78
24,21,28079047,08,51
24,21,28079048,08,83
24,21,28079049,08,48
24,21,28079050,08,111
24,21,28079054,08,55
24,21,28079055,08,83
24,21,28079056,08,72
24,21,28079057,08,79
24,21,28079058,08,22
24,21,28079059,08,62
24,21,28079060,08,62
24,21,28079024,09,5
24,21,28079038,09,13
24,21,28079047,09,8
24,21,28079048,09,20
24,21,28079050,09,20
24,21,28079018,10,17
24,21,28079024,10,7
24,21,28079036,10,24
24,21,28079038,10,17
24,21,28079040,10,17
24,21,28079047,10,11
24,21,28079048,10,40
24,21,28079050,10,42
24,21,28079055,10,18
24,21,28079057,10,20
24,21,28079060,10,25
24,21,28079016,14,6
24,21,28079017,14,32
24,21,28079018,14,36
24,21,28079024,14,60
24,21,28079027,14,7
24,21,28079035,14,8
24,21,28079039,14,17
24,21,28079049,14,27
24,21,28079054,14,24
24,21,28079056,14,22
24,21,28079058,14,52
24,21,28079059,14,14
24,21,28079060,14,23
24,21,28079011,20,7.1
24,21,28079018,20,0.8
24,21,28079024,20,0.4
24,21,28079038,20,4.6
24,21,28079055,20,2.1
24,21,28079011,30,3.5
24,21,28079018,30,0.2
24,21,28079024,30,0.4
24,21,28079038,30,1.4
24,21,28079055,30,0.7
24,21,28079011,35,1.4
24,21,28079018,35,1
24,21,28079024,35,0.3
24,21,28079038,35,1
24,21,28079055,35,0.5
24,21,28079024,42,1.33
24,21,28079027,42,1.28
24,21,28079055,42,1.51
24,21,28079024,44,0.25
24,21,28079027,44,0.18
24,21,28079055,44,0.18
24,22,28079004,01,7
24,22,28079017,01,3
24,22,28079018,01,2
24,22,28079024,01,1
24,22,28079035,01,7
24,22,28079036,01,4
24,22,28079038,01,6
24,22,28079040,01,7
24,22,28079057,01,7
24,22,28079004,06,0.6
24,22,28079016,06,0.6
24,22,28079018,06,0.4
24,22,28079024,06,0.2
24,22,28079035,06,0.5
24,22,28079036,06,0.5
24,22,28079039,06,0.5
24,22,28079056,06,0.5
24,22,28079057,06,0.5
24,22,28079004,07,25
24,22,28079011,07,34
24,22,28079016,07,42
24,22,28079017,07,14
24,22,28079018,07,5
24,22,28079024,07,1
24,22,28079027,07,54
24,22,28079035,07,18
24,22,28079036,07,31
24,22,28079038,07,42
24,22,28079039,07,39
24,22,28079040,07,26
24,22,28079047,07,3
24,22,28079048,07,36
24,22,28079049,07,3
24,22,28079050,07,71
24,22,28079054,07,9
24,22,28079055,07,71
24,22,28079056,07,49
24,22,28079057,07,36
24,22,28079058,07,9
24,22,28079059,07,21
24,22,28079060,07,15
24,22,28079004,08,85
24,22,28079011,08,84
24,22,28079016,08,93
24,22,28079017,08,60
24,22,28079018,08,53
24,22,28079024,08,17
24,22,28079027,08,97
24,22,28079035,08,67
24,22,28079036,08,66
24,22,28079038,08,89
24,22,28079039,08,93
24,22,28079040,08,86
24,22,28079047,08,49
24,22,28079048,08,78
24,22,28079049,08,54
24,22,28079050,08,95
24,22,28079054,08,67
24,22,28079055,08,99
24,22,28079056,08,88
24,22,28079057,08,93
24,22,28079058,08,47
24,22,28079059,08,69
24,22,28079060,08,70
24,22,28079024,09,4
24,22,28079038,09,9
24,22,28079047,09,7
24,22,28079048,09,5
24,22,28079050,09,16
24,22,28079018,10,13
24,22,28079024,10,6
24,22,28079036,10,10
24,22,28079038,10,14
24,22,28079040,10,17
24,22,28079047,10,9
24,22,28079048,10,11
24,22,28079050,10,33
24,22,28079055,10,23
24,22,28079057,10,21
24,22,28079060,10,7
24,22,28079016,14,6
24,22,28079017,14,24
24,22,28079018,14,27
24,22,28079024,14,50
24,22,28079027,14,6
24,22,28079035,14,14
24,22,28079039,14,8
24,22,28079049,14,22
24,22,28079054,14,14
24,22,28079056,14,10
24,22,28079058,14,30
24,22,28079059,14,6
24,22,28079060,14,16
24,22,28079011,20,6.9
24,22,28079018,20,0.6
24,22,28079024,20,0.4
24,22,28079038,20,4.4
24,22,28079055,20,2.2
24,22,28079011,30,3.5
24,22,28079018,30,0.2
24,22,28079024,30,0.4
24,22,28079038,30,1.3
24,22,28079055,30,0.7
24,22,28079011,35,1.3
24,22,28079018,35,1
24,22,28079024,35,0.3
24,22,28079038,35,0.9
24,22,28079055,35,0.4
24,22,28079024,42,1.34
24,22,28079027,42,1.34
24,22,28079055,42,1.57
24,22,28079024,44,0.26
24,22,28079027,44,0.2
24,22,28079055,44,0.23
24,23,28079004,01,5
24,23,28079017,01,3
24,23,28079018,01,2
24,23,28079024,01,1
24,23,28079035,01,5
24,23,28079036,01,3
24,23,28079038,01,5
24,23,28079040,01,7
24,23,28079057,01,7
24,23,28079004,06,0.5
24,23,28079016,06,0.4
24,23,28079018,06,0.3
24,23,28079024,06,0.2
24,23,28079035,06,0.4
24,23,28079036,06,0.4
24,23,28079039,06,0.3
24,23,28079056,06,0.3
24,23,28079057,06,0.5
24,23,28079004,07,27
24,23,28079011,07,15
24,23,28079016,07,13
24,23,28079017,07,8
24,23,28079018,07,4
24,23,28079024,07,1
24,23,28079027,07,68
24,23,28079035,07,11
24,23,28079036,07,12
24,23,28079038,07,32
24,23,28079039,07,19
24,23,28079040,07,14
24,23,28079047,07,7
24,23,28079048,07,17
24,23,28079049,07,2
24,23,28079050,07,39
24,23,28079054,07,6
24,23,28079055,07,132
24,23,28079056,07,10
24,23,28079057,07,32
24,23,28079058,07,3
24,23,28079059,07,21
24,23,28079060,07,16
24,23,28079004,08,76
24,23,28079011,08,72
24,23,28079016,08,69
24,23,28079017,08,38
24,23,28079018,08,53
24,23,28079024,08,22
24,23,28079027,08,104
24,23,28079035,08,57
24,23,28079036,08,51
24,23,28079038,08,80
24,23,28079039,08,69
24,23,28079040,08,76
24,23,28079047,08,61
24,23,28079048,08,66
24,23,28079049,08,46
24,23,28079050,08,66
24,23,28079054,08,57
24,23,28079055,08,111
24,23,28079056,08,51
24,23,28079057,08,90
24,23,28079058,08,34
24,23,28079059,08,64
24,23,28079060,08,71
24,23,28079024,09,7
24,23,28079038,09,12
24,23,28079047,09,9
24,23,28079048,09,11
24,23,28079050,09,14
24,23,28079018,10,13
24,23,28079024,10,9
24,23,28079036,10,11
24,23,28079038,10,16
24,23,28079040,10,16
24,23,28079047,10,13
24,23,28079048,10,19
24,23,28079050,10,26
24,23,28079055,10,27
24,23,28079057,10,18
24,23,28079060,10,9
24,23,28079016,14,16
24,23,28079017,14,37
24,23,28079018,14,27
24,23,28079024,14,49
24,23,28079027,14,6
24,23,28079035,14,20
24,23,28079039,14,18
24,23,28079049,14,28
24,23,28079054,14,20
24,23,28079056,14,30
24,23,28079058,14,23
24,23,28079059,14,6
24,23,28079060,14,12
24,23,28079011,20,6
24,23,28079018,20,1.3
24,23,28079024,20,0.5
24,23,28079038,20,4.7
24,23,28079055,20,3.2
24,23,28079011,30,3
24,23,28079018,30,0.4
24,23,28079024,30,0.5
24,23,28079038,30,1.3
24,23,28079055,30,1.1
24,23,28079011,35,0.9
24,23,28079018,35,0.9
24,23,28079024,35,0.3
24,23,28079038,35,0.9
24,23,28079055,35,0.8
24,23,28079024,42,1.35
24,23,28079027,42,1.41
24,23,28079055,42,1.64
24,23,28079024,44,0.26
24,23,28079027,44,0.23
24,23,28079055,44,0.26
24,24,28079004,01,4
24,24,28079017,01,3
24,24,28079018,01,2
24,24,28079024,01,1
24,24,28079035,01,4
24,24,28079036,01,2
24,24,28079038,01,6
24,24,28079040,01,5
24,24,28079057,01,7
24,24,28079004,06,0.4
24,24,28079016,06,0.5
24,24,28079018,06,0.3
24,24,28079024,06,0.2
24,24,28079035,06,0.4
24,24,28079036,06,0.4
24,24,28079039,06,0.3
24,24,28079056,06,0.2
24,24,28079057,06,0.4
24,24,28079004,07,35
24,24,28079011,07,14
24,24,28079016,07,11
24,24,28079017,07,3
24,24,28079018,07,1
24,24,28079024,07,1
24,24,28079027,07,107
24,24,28079035,07,7
24,24,28079036,07,11
24,24,28079038,07,17
24,24,28079039,07,12
24,24,28079040,07,5
24,24,28079047,07,2
24,24,28079048,07,11
24,24,28079049,07,2
24,24,28079050,07,46
24,24,28079054,07,6
24,24,28079055,07,185
24,24,28079056,07,5
24,24,28079057,07,33
24,24,28079058,07,4
24,24,28079059,07,42
24,24,28079060,07,27
24,24,28079004,08,81
24,24,28079011,08,70
24,24,28079016,08,75
24,24,28079017,08,23
24,24,28079018,08,24
24,24,28079024,08,11
24,24,28079027,08,104
24,24,28079035,08,49
24,24,28079036,08,49
24,24,28079038,08,61
24,24,28079039,08,68
24,24,28079040,08,52
24,24,28079047,08,36
24,24,28079048,08,58
24,24,28079049,08,39
24,24,28079050,08,72
24,24,28079054,08,48
24,24,28079055,08,115
24,24,28079056,08,39
24,24,28079057,08,88
24,24,28079058,08,30
24,24,28079059,08,64
24,24,28079060,08,75
24,24,28079024,09,7
24,24,28079038,09,11
24,24,28079047,09,8
24,24,28079048,09,12
24,24,28079050,09,14
24,24,28079018,10,10
24,24,28079024,10,8
24,24,28079036,10,18
24,24,28079038,10,13
24,24,28079040,10,14
24,24,28079047,10,11
24,24,28079048,10,18
24,24,28079050,10,29
24,24,28079055,10,33
24,24,28079057,10,19
24,24,28079060,10,19
24,24,28079016,14,10
24,24,28079017,14,50
24,24,28079018,14,43
24,24,28079024,14,57
24,24,28079027,14,6
24,24,28079035,14,22
24,24,28079039,14,12
24,24,28079049,14,28
24,24,28079054,14,24
24,24,28079056,14,39
24,24,28079058,14,17
24,24,28079059,14,5
24,24,28079060,14,5
24,24,28079011,20,5.4
24,24,28079018,20,0.6
24,24,28079024,20,0.5
24,24,28079038,20,3.4
24,24,28079055,20,4.2
24,24,28079011,30,2.6
24,24,28079018,30,0.2
24,24,28079024,30,0.5
24,24,28079038,30,1
24,24,28079055,30,1.3
24,24,28079011,35,0.6
24,24,28079018,35,1
24,24,28079024,35,0.4
24,24,28079038,35,0.7
24,24,28079055,35,1
24,24,28079024,42,1.34
24,24,28079027,42,1.56
24,24,28079055,42,1.87
24,24,28079024,44,0.26
24,24,28079027,44,0.32
24,24,28079055,44,0.35
24,3,28079004,01,2
24,3,28079017,01,3
24,3,28079018,01,2
24,3,28079024,01,1
24,3,28079035,01,2
24,3,28079036,01,1
24,3,28079038,01,2
24,3,28079040,01,3
24,3,28079057,01,3
24,3,28079004,06,0.2
24,3,28079016,06,0.2
24,3,28079018,06,0.2
24,3,28079024,06,0.2
24,3,28079035,06,0.2
24,3,28079036,06,0.2
24,3,28079039,06,0.1
24,3,28079056,06,0.1
24,3,28079057,06,0.2
24,3,28079004,07,4
24,3,28079011,07,1
24,3,28079016,07,1
24,3,28079017,07,1
24,3,28079018,07,1
24,3,28079024,07,1
24,3,28079027,07,1
24,3,28079035,07,2
24,3,28079036,07,1
24,3,28079038,07,2
24,3,28079039,07,1
24,3,28079040,07,1
24,3,28079047,07,1
24,3,28079048,07,2
24,3,28079049,07,1
24,3,28079050,07,6
24,3,28079054,07,4
24,3,28079055,07,1
24,3,28079056,07,5
24,3,28079057,07,1
24,3,28079058,07,1
24,3,28079059,07,2
24,3,28079060,07,1
24,3,28079004,08,6
24,3,28079011,08,9
24,3,28079016,08,7
24,3,28079017,08,3
24,3,28079018,08,4
24,3,28079024,08,1
24,3,28079027,08,5
24,3,28079035,08,4
24,3,28079036,08,1
24,3,28079038,08,7
24,3,28079039,08,5
24,3,28079040,08,6
24,3,28079047,08,4
24,3,28079048,08,8
24,3,28079049,08,6
24,3,28079050,08,7
24,3,28079054,08,2
24,3,28079055,08,6
24,3,28079056,08,7
24,3,28079057,08,7
24,3,28079058,08,1
24,3,28079059,08,2
24,3,28079060,08,3
24,3,28079024,09,3
24,3,28079038,09,2
24,3,28079047,09,1
24,3,28079048,09,4
24,3,28079050,09,2
24,3,28079018,10,1
24,3,28079024,10,2
24,3,28079036,10,4
24,3,28079038,10,2
24,3,28079040,10,2
24,3,28079047,10,2
24,3,28079048,10,11
24,3,28079050,10,2
24,3,28079055,10,2
24,3,28079057,10,3
24,3,28079060,10,7
24,3,28079016,14,38
24,3,28079017,14,48
24,3,28079018,14,45
24,3,28079024,14,53
24,3,28079027,14,53
24,3,28079035,14,49
24,3,28079039,14,49
24,3,28079049,14,43
24,3,28079054,14,48
24,3,28079056,14,47
24,3,28079058,14,51
24,3,28079059,14,44
24,3,28079060,14,50
24,3,28079011,20,1.8
24,3,28079018,20,0.3
24,3,28079024,20,0.3
24,3,28079038,20,0.3
24,3,28079055,20,0.5
24,3,28079011,30,1.2
24,3,28079018,30,0.1
24,3,28079024,30,0.4
24,3,28079038,30,0.3
24,3,28079055,30,0.2
24,3,28079011,35,1
24,3,28079018,35,1
24,3,28079024,35,0.4
24,3,28079038,35,1
24,3,28079055,35,1
24,3,28079024,42,1.33
24,3,28079027,42,1.21
24,3,28079055,42,1.42
24,3,28079024,44,0.24
24,3,28079027,44,0.12
24,3,28079055,44,0.12
24,4,28079004,01,2
24,4,28079017,01,3
24,4,28079018,01,2
24,4,28079024,01,1
24,4,28079035,01,2
24,4,28079036,01,1
24,4,28079038,01,2
24,4,28079040,01,3
24,4,28079057,01,3
24,4,28079004,06,0.2
24,4,28079016,06,0.2
24,4,28079018,06,0.2
24,4,28079024,06,0.2
24,4,28079035,06,0.2
24,4,28079036,06,0.2
24,4,28079039,06,0.1
24,4,28079056,06,0.1
24,4,28079057,06,0.2
24,4,28079004,07,2
24,4,28079011,07,1
24,4,28079016,07,2
24,4,28079017,07,1
24,4,28079018,07,1
24,4,28079024,07,1
24,4,28079027,07,1
24,4,28079035,07,2
24,4,28079036,07,1
24,4,28079038,07,1
24,4,28079039,07,1
24,4,28079040,07,1
24,4,28079047,07,1
24,4,28079048,07,2
24,4,28079049,07,1
24,4,28079050,07,2
24,4,28079054,07,4
24,4,28079055,07,1
24,4,28079056,07,2
24,4,28079057,07,1
24,4,28079058,07,1
24,4,28079059,07,2
24,4,28079060,07,1
24,4,28079004,08,4
24,4,28079011,08,8
24,4,28079016,08,7
24,4,28079017,08,2
24,4,28079018,08,3
24,4,28079024,08,1
24,4,28079027,08,4
24,4,28079035,08,3
24,4,28079036,08,1
24,4,28079038,08,5
24,4,28079039,08,4
24,4,28079040,08,3
24,4,28079047,08,3
24,4,28079048,08,7
24,4,28079049,08,4
24,4,28079050,08,6
24,4,28079054,08,1
24,4,28079055,08,6
24,4,28079056,08,7
24,4,28079057,08,7
24,4,28079058,08,1
24,4,28079059,08,1
24,4,28079060,08,3
24,4,28079024,09,3
24,4,28079038,09,2
24,4,28079047,09,1
24,4,28079048,09,4
24,4,28079050,09,2
24,4,28079018,10,2
24,4,28079024,10,2
24,4,28079036,10,4
24,4,28079038,10,2
24,4,28079040,10,2
24,4,28079047,10,2
24,4,28079048,10,12
24,4,28079050,10,2
24,4,28079055,10,3
24,4,28079057,10,3
24,4,28079060,10,5
24,4,28079016,14,38
24,4,28079017,14,49
24,4,28079018,14,46
24,4,28079024,14,53
24,4,28079027,14,54
24,4,28079035,14,50
24,4,28079039,14,41
24,4,28079049,14,43
24,4,28079054,14,49
24,4,28079056,14,48
24,4,28079058,14,50
24,4,28079059,14,45
24,4,28079060,14,50
24,4,28079011,20,1.4
24,4,28079018,20,0.2
24,4,28079024,20,0.3
24,4,28079038,20,0.3
24,4,28079055,20,0.2
24,4,28079011,30,1.1
24,4,28079018,30,0.1
24,4,28079024,30,0.4
24,4,28079038,30,0.2
24,4,28079055,30,0.2
24,4,28079011,35,1
24,4,28079018,35,1
24,4,28079024,35,0.4
24,4,28079038,35,0.7
24,4,28079055,35,1
24,4,28079024,42,1.32
24,4,28079027,42,1.2
24,4,28079055,42,1.41
24,4,28079024,44,0.24
24,4,28079027,44,0.12
24,4,28079055,44,0.11
24,5,28079004,01,2
24,5,28079017,01,3
24,5,28079018,01,2
24,5,28079024,01,1
24,5,28079035,01,2
24,5,28079036,01,1
24,5,28079038,01,2
24,5,28079040,01,3
24,5,28079057,01,3
24,5,28079004,06,0.2
24,5,28079016,06,0.2
24,5,28079018,06,0.2
24,5,28079024,06,0.2
24,5,28079035,06,0.2
24,5,28079036,06,0.2
24,5,28079039,06,0.1
24,5,28079056,06,0.1
24,5,28079057,06,0.2
24,5,28079004,07,2
24,5,28079011,07,1
24,5,28079016,07,1
24,5,28079017,07,1
24,5,28079018,07,1
24,5,28079024,07,1
24,5,28079027,07,1
24,5,28079035,07,2
24,5,28079036,07,1
24,5,28079038,07,1
24,5,28079039,07,1
24,5,28079040,07,1
24,5,28079047,07,1
24,5,28079048,07,1
24,5,28079049,07,1
24,5,28079050,07,2
24,5,28079054,07,4
24,5,28079055,07,1
24,5,28079056,07,1
24,5,28079057,07,1
24,5,28079058,07,1
24,5,28079059,07,2
24,5,28079060,07,1
24,5,28079004,08,3
24,5,28079011,08,7
24,5,28079016,08,5
24,5,28079017,08,2
24,5,28079018,08,2
24,5,28079024,08,1
24,5,28079027,08,4
24,5,28079035,08,2
24,5,28079036,08,1
24,5,28079038,08,5
24,5,28079039,08,5
24,5,28079040,08,3
24,5,28079047,08,2
24,5,28079048,08,6
24,5,28079049,08,3
24,5,28079050,08,6
24,5,28079054,08,1
24,5,28079055,08,5
24,5,28079056,08,4
24,5,28079057,08,7
24,5,28079058,08,1
24,5,28079059,08,1
24,5,28079060,08,3
24,5,28079024,09,3
24,5,28079038,09,3
24,5,28079047,09,2
24,5,28079048,09,2
24,5,28079050,09,2
24,5,28079018,10,2
24,5,28079024,10,3
24,5,28079036,10,2
24,5,28079038,10,2
24,5,28079040,10,3
24,5,28079047,10,2
24,5,28079048,10,8
24,5,28079050,10,3
24,5,28079055,10,3
24,5,28079057,10,3
24,5,28079060,10,5
24,5,28079016,14,39
24,5,28079017,14,51
24,5,28079018,14,48
24,5,28079024,14,55
24,5,28079027,14,55
24,5,28079035,14,52
24,5,28079039,14,52
24,5,28079049,14,45
24,5,28079054,14,51
24,5,28079056,14,51
24,5,28079058,14,52
24,5,28079059,14,46
24,5,28079060,14,50
24,5,28079011,20,1.1
24,5,28079018,20,0.2
24,5,28079024,20,0.3
24,5,28079038,20,0.3
24,5,28079055,20,0.4
24,5,28079011,30,1
24,5,28079018,30,0.1
24,5,28079024,30,0.4
24,5,28079038,30,0.2
24,5,28079055,30,0.2
24,5,28079011,35,1
24,5,28079018,35,1
24,5,28079024,35,0.4
24,5,28079038,35,0.6
24,5,28079055,35,1
24,5,28079024,42,1.32
24,5,28079027,42,1.2
24,5,28079055,42,1.41
24,5,28079024,44,0.23
24,5,28079027,44,0.12
24,5,28079055,44,0.12
24,6,28079004,01,2
24,6,28079017,01,3
24,6,28079018,01,2
24,6,28079024,01,1
24,6,28079035,01,2
24,6,28079036,01,1
24,6,28079038,01,2
24,6,28079040,01,3
24,6,28079057,01,4
24,6,28079004,06,0.2
24,6,28079016,06,0.2
24,6,28079018,06,0.2
24,6,28079024,06,0.2
24,6,28079035,06,0.2
24,6,28079036,06,0.2
24,6,28079039,06,0.1
24,6,28079056,06,0.1
24,6,28079057,06,0.2
24,6,28079004,07,2
24,6,28079011,07,1
24,6,28079016,07,1
24,6,28079017,07,1
24,6,28079018,07,1
24,6,28079024,07,1
24,6,28079027,07,1
24,6,28079035,07,9
24,6,28079036,07,1
24,6,28079038,07,1
24,6,28079039,07,1
24,6,28079040,07,1
24,6,28079047,07,1
24,6,28079048,07,2
24,6,28079049,07,1
24,6,28079050,07,5
24,6,28079054,07,4
24,6,28079055,07,1
24,6,28079056,07,1
24,6,28079057,07,1
24,6,28079058,07,1
24,6,28079059,07,2
24,6,28079060,07,1
24,6,28079004,08,5
24,6,28079011,08,10
24,6,28079016,08,7
24,6,28079017,08,5
24,6,28079018,08,5
24,6,28079024,08,1
24,6,28079027,08,4
24,6,28079035,08,11
24,6,28079036,08,1
24,6,28079038,08,7
24,6,28079039,08,8
24,6,28079040,08,6
24,6,28079047,08,4
24,6,28079048,08,9
24,6,28079049,08,5
24,6,28079050,08,12
24,6,28079054,08,2
24,6,28079055,08,7
24,6,28079056,08,8
24,6,28079057,08,8
24,6,28079058,08,1
24,6,28079059,08,3
24,6,28079060,08,5
24,6,28079024,09,3
24,6,28079038,09,2
24,6,28079047,09,3
24,6,28079048,09,1
24,6,28079050,09,3
24,6,28079018,10,4
24,6,28079024,10,4
24,6,28079036,10,3
24,6,28079038,10,3
24,6,28079040,10,3
24,6,28079047,10,4
24,6,28079048,10,4
24,6,28079050,10,3
24,6,28079055,10,3
24,6,28079057,10,3
24,6,28079060,10,4
24,6,28079016,14,40
24,6,28079017,14,53
24,6,28079018,14,50
24,6,28079024,14,58
24,6,28079027,14,57
24,6,28079035,14,51
24,6,28079039,14,51
24,6,28079049,14,48
24,6,28079054,14,53
24,6,28079056,14,52
24,6,28079058,14,57
24,6,28079059,14,47
24,6,28079060,14,37
24,6,28079011,20,1
24,6,28079018,20,0.2
24,6,28079024,20,0.2
24,6,28079038,20,0.3
24,6,28079055,20,1
24,6,28079011,30,0.9
24,6,28079018,30,0.2
24,6,28079024,30,0.4
24,6,28079038,30,0.2
24,6,28079055,30,0.2
24,6,28079011,35,1
24,6,28079018,35,1
24,6,28079024,35,0.4
24,6,28079038,35,1
24,6,28079055,35,1
24,6,28079024,42,1.31
24,6,28079027,42,1.19
24,6,28079055,42,1.4
24,6,28079024,44,0.23
24,6,28079027,44,0.12
24,6,28079055,44,0.11
24,7,28079004,01,2
24,7,28079017,01,3
24,7,28079018,01,2
24,7,28079024,01,1
24,7,28079035,01,2
24,7,28079036,01,1
24,7,28079038,01,3
24,7,28079040,01,3
24,7,28079057,01,4
24,7,28079004,06,0.2
24,7,28079016,06,0.2
24,7,28079018,06,0.2
24,7,28079024,06,0.2
24,7,28079035,06,0.2
24,7,28079036,06,0.2
24,7,28079039,06,0.2
24,7,28079056,06,0.1
24,7,28079057,06,0.2
24,7,28079004,07,3
24,7,28079011,07,1
24,7,28079016,07,3
24,7,28079017,07,4
24,7,28079018,07,1
24,7,28079024,07,1
24,7,28079027,07,2
24,7,28079035,07,4
24,7,28079036,07,2
24,7,28079038,07,2
24,7,28079039,07,6
24,7,28079040,07,3
24,7,28079047,07,1
24,7,28079048,07,4
24,7,28079049,07,1
24,7,28079050,07,15
24,7,28079054,07,5
24,7,28079055,07,2
24,7,28079056,07,14
24,7,28079057,07,1
24,7,28079058,07,2
24,7,28079059,07,2
24,7,28079060,07,1
24,7,28079004,08,14
24,7,28079011,08,15
24,7,28079016,08,17
24,7,28079017,08,15
24,7,28079018,08,10
24,7,28079024,08,2
24,7,28079027,08,10
24,7,28079035,08,11
24,7,28079036,08,10
24,7,28079038,08,11
24,7,28079039,08,21
24,7,28079040,08,18
24,7,28079047,08,11
24,7,28079048,08,18
24,7,28079049,08,11
24,7,28079050,08,23
24,7,28079054,08,14
24,7,28079055,08,16
24,7,28079056,08,26
24,7,28079057,08,14
24,7,28079058,08,1
24,7,28079059,08,7
24,7,28079060,08,9
24,7,28079024,09,3
24,7,28079038,09,2
24,7,28079047,09,3
24,7,28079048,09,1
24,7,28079050,09,3
24,7,28079018,10,5
24,7,28079024,10,4
24,7,28079036,10,4
24,7,28079038,10,3
24,7,28079040,10,6
24,7,28079047,10,5
24,7,28079048,10,4
24,7,28079050,10,3
24,7,28079055,10,4
24,7,28079057,10,4
24,7,28079060,10,4
24,7,28079016,14,37
24,7,28079017,14,45
24,7,28079018,14,47
24,7,28079024,14,59
24,7,28079027,14,57
24,7,28079035,14,50
24,7,28079039,14,46
24,7,28079049,14,45
24,7,28079054,14,45
24,7,28079056,14,42
24,7,28079058,14,64
24,7,28079059,14,46
24,7,28079060,14,55
24,7,28079011,20,1.4
24,7,28079018,20,0.2
24,7,28079024,20,0.2
24,7,28079038,20,0.4
24,7,28079055,20,0.3
24,7,28079011,30,0.9
24,7,28079018,30,0.2
24,7,28079024,30,0.4
24,7,28079038,30,0.1
24,7,28079055,30,0.2
24,7,28079011,35,1
24,7,28079018,35,1
24,7,28079024,35,0.4
24,7,28079038,35,0.6
24,7,28079055,35,1
24,7,28079024,42,1.3
24,7,28079027,42,1.19
24,7,28079055,42,1.42
24,7,28079024,44,0.23
24,7,28079027,44,0.13
24,7,28079055,44,0.12
24,8,28079004,01,3
24,8,28079017,01,3
24,8,28079018,01,2
24,8,28079024,01,1
24,8,28079035,01,4
24,8,28079036,01,1
24,8,28079038,01,4
24,8,28079040,01,3
24,8,28079057,01,4
24,8,28079004,06,0.2
24,8,28079016,06,0.3
24,8,28079018,06,0.3
24,8,28079024,06,0.2
24,8,28079035,06,0.3
24,8,28079036,06,0.2
24,8,28079039,06,0.2
24,8,28079056,06,0.3
24,8,28079057,06,0.2
24,8,28079004,07,7
24,8,28079011,07,6
24,8,28079016,07,8
24,8,28079017,07,8
24,8,28079018,07,1
24,8,28079024,07,1
24,8,28079027,07,2
24,8,28079035,07,8
24,8,28079036,07,8
24,8,28079038,07,12
24,8,28079039,07,10
24,8,28079040,07,7
24,8,28079047,07,2
24,8,28079048,07,13
24,8,28079049,07,1
24,8,28079050,07,39
24,8,28079054,07,5
24,8,28079055,07,3
24,8,28079056,07,30
24,8,28079057,07,3
24,8,28079058,07,3
24,8,28079059,07,7
24,8,28079060,07,2
24,8,28079004,08,32
24,8,28079011,08,38
24,8,28079016,08,33
24,8,28079017,08,30
24,8,28079018,08,18
24,8,28079024,08,4
24,8,28079027,08,18
24,8,28079035,08,29
24,8,28079036,08,23
24,8,28079038,08,33
24,8,28079039,08,29
24,8,28079040,08,36
24,8,28079047,08,24
24,8,28079048,08,39
24,8,28079049,08,22
24,8,28079050,08,46
24,8,28079054,08,27
24,8,28079055,08,22
24,8,28079056,08,54
24,8,28079057,08,17
24,8,28079058,08,3
24,8,28079059,08,16
24,8,28079060,08,16
24,8,28079024,09,1
24,8,28079038,09,3
24,8,28079047,09,5
24,8,28079048,09,1
24,8,28079050,09,4
24,8,28079018,10,6
24,8,28079024,10,4
24,8,28079036,10,4
24,8,28079038,10,3
24,8,28079040,10,5
24,8,28079047,10,2
24,8,28079048,10,4
24,8,28079050,10,4
24,8,28079055,10,3
24,8,28079057,10,5
24,8,28079060,10,4
24,8,28079016,14,34
24,8,28079017,14,37
24,8,28079018,14,47
24,8,28079024,14,65
24,8,28079027,14,57
24,8,28079035,14,41
24,8,28079039,14,49
24,8,28079049,14,39
24,8,28079054,14,38
24,8,28079056,14,34
24,8,28079058,14,67
24,8,28079059,14,42
24,8,28079060,14,59
24,8,28079011,20,1.5
24,8,28079018,20,0.2
24,8,28079024,20,0.2
24,8,28079038,20,0.6
24,8,28079055,20,0.3
24,8,28079011,30,0.9
24,8,28079018,30,0.2
24,8,28079024,30,0.4
24,8,28079038,30,0.3
24,8,28079055,30,0.2
24,8,28079011,35,1
24,8,28079018,35,1
24,8,28079024,35,0.4
24,8,28079038,35,0.6
24,8,28079055,35,1
24,8,28079024,42,1.3
24,8,28079027,42,1.19
24,8,28079055,42,1.42
24,8,28079024,44,0.24
24,8,28079027,44,0.12
24,8,28079055,44,0.12
24,9,28079004,01,4
24,9,28079017,01,3
24,9,28079018,01,2
24,9,28079024,01,1
24,9,28079035,01,5
24,9,28079036,01,1
24,9,28079038,01,4
24,9,28079040,01,3
24,9,28079057,01,4
24,9,28079004,06,0.3
24,9,28079016,06,0.3
24,9,28079018,06,0.4
24,9,28079024,06,0.2
24,9,28079035,06,0.3
24,9,28079036,06,0.3
24,9,28079039,06,0.2
24,9,28079056,06,0.3
24,9,28079057,06,0.3
24,9,28079004,07,9
24,9,28079011,07,37
24,9,28079016,07,13
24,9,28079017,07,27
24,9,28079018,07,6
24,9,28079024,07,1
24,9,28079027,07,5
24,9,28079035,07,11
24,9,28079036,07,11
24,9,28079038,07,25
24,9,28079039,07,10
24,9,28079040,07,7
24,9,28079047,07,3
24,9,28079048,07,19
24,9,28079049,07,2
24,9,28079050,07,48
24,9,28079054,07,5
24,9,28079055,07,8
24,9,28079056,07,17
24,9,28079057,07,4
24,9,28079058,07,3
24,9,28079059,07,4
24,9,28079060,07,3
24,9,28079004,08,41
24,9,28079011,08,79
24,9,28079016,08,41
24,9,28079017,08,48
24,9,28079018,08,29
24,9,28079024,08,8
24,9,28079027,08,33
24,9,28079035,08,38
24,9,28079036,08,28
24,9,28079038,08,42
24,9,28079039,08,33
24,9,28079040,08,33
24,9,28079047,08,27
24,9,28079048,08,42
24,9,28079049,08,27
24,9,28079050,08,55
24,9,28079054,08,24
24,9,28079055,08,32
24,9,28079056,08,53
24,9,28079057,08,19
24,9,28079058,08,4
24,9,28079059,08,17
24,9,28079060,08,19
24,9,28079024,09,2
24,9,28079038,09,6
24,9,28079047,09,4
24,9,28079048,09,2
24,9,28079050,09,8
24,9,28079018,10,4
24,9,28079024,10,5
24,9,28079036,10,3
24,9,28079038,10,7
24,9,28079040,10,5
24,9,28079047,10,6
24,9,28079048,10,4
24,9,28079050,10,11
24,9,28079055,10,5
24,9,28079057,10,8
24,9,28079060,10,3
24,9,28079016,14,34
24,9,28079017,14,34
24,9,28079018,14,38
24,9,28079024,14,67
24,9,28079027,14,50
24,9,28079035,14,41
24,9,28079039,14,49
24,9,28079049,14,42
24,9,28079054,14,46
24,9,28079056,14,35
24,9,28079058,14,67
24,9,28079059,14,44
24,9,28079060,14,58
24,9,28079011,20,3.1
24,9,28079018,20,0.4
24,9,28079024,20,0.2
24,9,28079038,20,1.3
24,9,28079055,20,0.5
24,9,28079011,30,1.8
24,9,28079018,30,0.2
24,9,28079024,30,0.4
24,9,28079038,30,0.5
24,9,28079055,30,0.2
24,9,28079011,35,0.3
24,9,28079018,35,1
24,9,28079024,35,0.5
24,9,28079038,35,0.2
24,9,28079055,35,1
24,9,28079024,42,1.31
24,9,28079027,42,1.19
24,9,28079055,42,1.42
24,9,28079024,44,0.24
24,9,28079027,44,0.12
24,9,28079055,44,0.13
25,1,28079004,01,4
25,1,28079017,01,3
25,1,28079018,01,2
25,1,28079024,01,1
25,1,28079035,01,5
25,1,28079036,01,2
25,1,28079038,01,5
25,1,28079040,01,5
25,1,28079057,01,7
25,1,28079004,06,0.5
25,1,28079016,06,0.6
25,1,28079018,06,0.3
25,1,28079024,06,0.2
25,1,28079035,06,0.4
25,1,28079036,06,0.5
25,1,28079039,06,0.4
25,1,28079056,06,0.3
25,1,28079057,06,0.5
25,1,28079004,07,25
25,1,28079011,07,30
25,1,28079016,07,43
25,1,28079017,07,3
25,1,28079018,07,2
25,1,28079024,07,1
25,1,28079027,07,117
25,1,28079035,07,14
25,1,28079036,07,31
25,1,28079038,07,57
25,1,28079039,07,23
25,1,28079040,07,8
25,1,28079047,07,3
25,1,28079048,07,12
25,1,28079049,07,3
25,1,28079050,07,21
25,1,28079054,07,16
25,1,28079055,07,148
25,1,28079056,07,10
25,1,28079057,07,47
25,1,28079058,07,3
25,1,28079059,07,70
25,1,28079060,07,12
25,1,28079004,08,68
25,1,28079011,08,79
25,1,28079016,08,88
25,1,28079017,08,28
25,1,28079018,08,34
25,1,28079024,08,16
25,1,28079027,08,93
25,1,28079035,08,61
25,1,28079036,08,59
25,1,28079038,08,84
25,1,28079039,08,77
25,1,28079040,08,49
25,1,28079047,08,40
25,1,28079048,08,63
25,1,28079049,08,51
25,1,28079050,08,64
25,1,28079054,08,64
25,1,28079055,08,95
25,1,28079056,08,46
25,1,28079057,08,93
25,1,28079058,08,21
25,1,28079059,08,68
25,1,28079060,08,67
25,1,28079024,09,7
25,1,28079038,09,11
25,1,28079047,09,8
25,1,28079048,09,7
25,1,28079050,09,10
25,1,28079018,10,11
25,1,28079024,10,9
25,1,28079036,10,16
25,1,28079038,10,15
25,1,28079040,10,11
25,1,28079047,10,10
25,1,28079048,10,8
25,1,28079050,10,17
25,1,28079055,10,28
25,1,28079057,10,22
25,1,28079060,10,12
25,1,28079016,14,4
25,1,28079017,14,41
25,1,28079018,14,33
25,1,28079024,14,50
25,1,28079027,14,6
25,1,28079035,14,11
25,1,28079039,14,7
25,1,28079049,14,15
25,1,28079054,14,8
25,1,28079056,14,31
25,1,28079058,14,19
25,1,28079059,14,6
25,1,28079060,14,5
25,1,28079011,20,7.2
25,1,28079018,20,0.7
25,1,28079024,20,0.4
25,1,28079038,20,6.5
25,1,28079055,20,5.2
25,1,28079011,30,3.3
25,1,28079018,30,0.2
25,1,28079024,30,0.5
25,1,28079038,30,1.6
25,1,28079055,30,1.3
25,1,28079011,35,1.1
25,1,28079018,35,1
25,1,28079024,35,0.3
25,1,28079038,35,1.1
25,1,28079055,35,1.2
25,1,28079024,42,1.35
25,1,28079027,42,1.63
25,1,28079055,42,1.91
25,1,28079024,44,0.26
25,1,28079027,44,0.35
25,1,28079055,44,0.37
25,10,28079004,01,10
25,10,28079017,01,7
25,10,28079018,01,7
25,10,28079024,01,2
25,10,28079035,01,12
25,10,28079036,01,10
25,10,28079038,01,17
25,10,28079040,01,9
25,10,28079057,01,9
25,10,28079004,06,1.3
25,10,28079016,06,0.9
25,10,28079018,06,0.8
25,10,28079024,06,0.4
25,10,28079035,06,0.6
25,10,28079036,06,1
25,10,28079039,06,0.8
25,10,28079056,06,1
25,10,28079057,06,0.9
25,10,28079004,07,240
25,10,28079011,07,120
25,10,28079016,07,179
25,10,28079017,07,202
25,10,28079018,07,120
25,10,28079024,07,47
25,10,28079027,07,99
25,10,28079035,07,89
25,10,28079036,07,247
25,10,28079038,07,234
25,10,28079039,07,155
25,10,28079040,07,149
25,10,28079047,07,152
25,10,28079048,07,160
25,10,28079049,07,123
25,10,28079050,07,80
25,10,28079054,07,215
25,10,28079055,07,184
25,10,28079056,07,208
25,10,28079057,07,179
25,10,28079058,07,34
25,10,28079059,07,144
25,10,28079060,07,185
25,10,28079004,08,103
25,10,28079011,08,103
25,10,28079016,08,111
25,10,28079017,08,112
25,10,28079018,08,76
25,10,28079024,08,48
25,10,28079027,08,80
25,10,28079035,08,73
25,10,28079036,08,129
25,10,28079038,08,115
25,10,28079039,08,99
25,10,28079040,08,96
25,10,28079047,08,84
25,10,28079048,08,98
25,10,28079049,08,70
25,10,28079050,08,122
25,10,28079054,08,77
25,10,28079055,08,104
25,10,28079056,08,106
25,10,28079057,08,118
25,10,28079058,08,28
25,10,28079059,08,48
25,10,28079060,08,119
25,10,28079024,09,14
25,10,28079038,09,26
25,10,28079047,09,20
25,10,28079048,09,18
25,10,28079050,09,13
25,10,28079018,10,33
25,10,28079024,10,16
25,10,28079036,10,46
25,10,28079038,10,47
25,10,28079040,10,34
25,10,28079047,10,32
25,10,28079048,10,34
25,10,28079050,10,27
25,10,28079055,10,35
25,10,28079057,10,40
25,10,28079060,10,36
25,10,28079016,14,4
25,10,28079017,14,4
25,10,28079018,14,4
25,10,28079024,14,6
25,10,28079027,14,6
25,10,28079035,14,2
25,10,28079039,14,4
25,10,28079049,14,3
25,10,28079054,14,4
25,10,28079056,14,5
25,10,28079058,14,4
25,10,28079059,14,7
25,10,28079060,14,6
25,10,28079011,20,7.5
25,10,28079018,20,4.7
25,10,28079024,20,0.6
25,10,28079038,20,17.1
25,10,28079055,20,5.5
25,10,28079011,30,3.7
25,10,28079018,30,1.2
25,10,28079024,30,0.5
25,10,28079038,30,4.4
25,10,28079055,30,1.7
25,10,28079011,35,1.4
25,10,28079018,35,0.3
25,10,28079024,35,0.4
25,10,28079038,35,3.1
25,10,28079055,35,1
25,10,28079024,42,1.48
25,10,28079027,42,1.74
25,10,28079055,42,2.16
25,10,28079024,44,0.3
25,10,28079027,44,0.28
25,10,28079055,44,0.39
25,11,28079004,01,11
25,11,28079017,01,8
25,11,28079018,01,8
25,11,28079024,01,3
25,11,28079035,01,11
25,11,28079036,01,7
25,11,28079038,01,16
25,11,28079040,01,9
25,11,28079057,01,8
25,11,28079004,06,1.2
25,11,28079016,06,1.1
25,11,28079018,06,0.7
25,11,28079024,06,0.5
25,11,28079035,06,0.6
25,11,28079036,06,0.9
25,11,28079039,06,0.7
25,11,28079056,06,0.9
25,11,28079057,06,0.6
25,11,28079004,07,228
25,11,28079011,07,169
25,11,28079016,07,268
25,11,28079017,07,204
25,11,28079018,07,123
25,11,28079024,07,75
25,11,28079027,07,81
25,11,28079035,07,89
25,11,28079036,07,179
25,11,28079038,07,166
25,11,28079039,07,119
25,11,28079040,07,146
25,11,28079047,07,169
25,11,28079048,07,166
25,11,28079049,07,136
25,11,28079054,07,207
25,11,28079055,07,100
25,11,28079056,07,256
25,11,28079057,07,115
25,11,28079058,07,23
25,11,28079059,07,126
25,11,28079060,07,117
25,11,28079004,08,101
25,11,28079011,08,112
25,11,28079016,08,136
25,11,28079017,08,98
25,11,28079018,08,83
25,11,28079024,08,55
25,11,28079027,08,82
25,11,28079035,08,80
25,11,28079036,08,102
25,11,28079038,08,101
25,11,28079039,08,89
25,11,28079040,08,97
25,11,28079047,08,87
25,11,28079048,08,98
25,11,28079049,08,81
25,11,28079054,08,79
25,11,28079055,08,82
25,11,28079056,08,126
25,11,28079057,08,89
25,11,28079058,08,26
25,11,28079059,08,53
25,11,28079060,08,96
25,11,28079024,09,24
25,11,28079038,09,25
25,11,28079047,09,22
25,11,28079048,09,20
25,11,28079050,09,26
25,11,28079018,10,33
25,11,28079024,10,25
25,11,28079036,10,37
25,11,28079038,10,40
25,11,28079040,10,37
25,11,28079047,10,36
25,11,28079048,10,42
25,11,28079050,10,55
25,11,28079055,10,31
25,11,28079057,10,40
25,11,28079060,10,30
25,11,28079016,14,6
25,11,28079017,14,8
25,11,28079018,14,6
25,11,28079024,14,8
25,11,28079027,14,12
25,11,28079035,14,4
25,11,28079039,14,6
25,11,28079049,14,3
25,11,28079054,14,7
25,11,28079056,14,5
25,11,28079058,14,11
25,11,28079059,14,10
25,11,28079060,14,8
25,11,28079011,20,9.6
25,11,28079018,20,3.8
25,11,28079024,20,1.3
25,11,28079038,20,7.2
25,11,28079055,20,4.4
25,11,28079011,30,4.1
25,11,28079018,30,0.9
25,11,28079024,30,1.2
25,11,28079038,30,2
25,11,28079055,30,1.2
25,11,28079011,35,1.5
25,11,28079018,35,0.2
25,11,28079024,35,0.5
25,11,28079038,35,1.5
25,11,28079055,35,0.8
25,11,28079024,42,1.56
25,11,28079027,42,1.62
25,11,28079055,42,1.97
25,11,28079024,44,0.33
25,11,28079027,44,0.28
25,11,28079055,44,0.34
25,12,28079004,01,9
25,12,28079017,01,6
25,12,28079018,01,10
25,12,28079024,01,5
25,12,28079035,01,11
25,12,28079036,01,5
25,12,28079038,01,8
25,12,28079040,01,8
25,12,28079057,01,9
25,12,28079004,06,0.6
25,12,28079016,06,0.7
25,12,28079018,06,0.8
25,12,28079024,06,0.6
25,12,28079035,06,0.6
25,12,28079036,06,0.6
25,12,28079039,06,0.5
25,12,28079056,06,0.5
25,12,28079057,06,0.7
25,12,28079004,07,98
25,12,28079011,07,106
25,12,28079016,07,106
25,12,28079017,07,89
25,12,28079018,07,138
25,12,28079024,07,103
25,12,28079027,07,59
25,12,28079035,07,71
25,12,28079036,07,108
25,12,28079038,07,57
25,12,28079039,07,58
25,12,28079040,07,114
25,12,28079047,07,130
25,12,28079048,07,65
25,12,28079049,07,94
25,12,28079050,07,100
25,12,28079054,07,73
25,12,28079055,07,105
25,12,28079056,07,142
25,12,28079057,07,128
25,12,28079058,07,28
25,12,28079059,07,99
25,12,28079060,07,99
25,12,28079004,08,86
25,12,28079011,08,97
25,12,28079016,08,94
25,12,28079017,08,74
25,12,28079018,08,98
25,12,28079024,08,78
25,12,28079027,08,74
25,12,28079035,08,74
25,12,28079036,08,85
25,12,28079038,08,68
25,12,28079039,08,71
25,12,28079040,08,89
25,12,28079047,08,84
25,12,28079048,08,72
25,12,28079049,08,83
25,12,28079050,08,82
25,12,28079054,08,58
25,12,28079055,08,89
25,12,28079056,08,104
25,12,28079057,08,95
25,12,28079058,08,47
25,12,28079059,08,51
25,12,28079060,08,81
25,12,28079024,09,21
25,12,28079038,09,14
25,12,28079047,09,21
25,12,28079048,09,13
25,12,28079050,09,19
25,12,28079018,10,43
25,12,28079024,10,31
25,12,28079036,10,25
25,12,28079038,10,25
25,12,28079040,10,36
25,12,28079047,10,37
25,12,28079048,10,27
25,12,28079050,10,37
25,12,28079055,10,25
25,12,28079057,10,37
25,12,28079060,10,26
25,12,28079016,14,8
25,12,28079017,14,17
25,12,28079018,14,7
25,12,28079024,14,12
25,12,28079027,14,17
25,12,28079035,14,13
25,12,28079039,14,15
25,12,28079049,14,7
25,12,28079054,14,12
25,12,28079056,14,8
25,12,28079058,14,17
25,12,28079059,14,11
25,12,28079060,14,15
25,12,28079011,20,11.1
25,12,28079018,20,5.2
25,12,28079024,20,2.4
25,12,28079038,20,5.2
25,12,28079055,20,4.9
25,12,28079011,30,4.2
25,12,28079018,30,0.9
25,12,28079024,30,1.4
25,12,28079038,30,1.3
25,12,28079055,30,1.1
25,12,28079011,35,1.4
25,12,28079018,35,0.5
25,12,28079024,35,0.5
25,12,28079038,35,1
25,12,28079055,35,1.5
25,12,28079024,42,1.57
25,12,28079027,42,1.6
25,12,28079055,42,2.02
25,12,28079024,44,0.37
25,12,28079027,44,0.28
25,12,28079055,44,0.39
25,13,28079004,01,6
25,13,28079017,01,3
25,13,28079018,01,3
25,13,28079024,01,1
25,13,28079035,01,9
25,13,28079036,01,4
25,13,28079038,01,7
25,13,28079040,01,7
25,13,28079057,01,10
25,13,28079004,06,0.4
25,13,28079016,06,0.6
25,13,28079018,06,0.3
25,13,28079024,06,0.2
25,13,28079035,06,0.3
25,13,28079036,06,0.4
25,13,28079039,06,0.4
25,13,28079056,06,0.3
25,13,28079057,06,0.6
25,13,28079004,07,38
25,13,28079011,07,52
25,13,28079016,07,78
25,13,28079017,07,13
25,13,28079018,07,10
25,13,28079024,07,2
25,13,28079027,07,148
25,13,28079035,07,31
25,13,28079036,07,63
25,13,28079038,07,54
25,13,28079039,07,42
25,13,28079040,07,58
25,13,28079047,07,46
25,13,28079048,07,50
25,13,28079049,07,42
25,13,28079050,07,75
25,13,28079054,07,29
25,13,28079055,07,163
25,13,28079056,07,30
25,13,28079057,07,78
25,13,28079058,07,25
25,13,28079059,07,143
25,13,28079060,07,28
25,13,28079004,08,52
25,13,28079011,08,81
25,13,28079016,08,85
25,13,28079017,08,32
25,13,28079018,08,36
25,13,28079024,08,9
25,13,28079027,08,93
25,13,28079035,08,41
25,13,28079036,08,67
25,13,28079038,08,61
25,13,28079039,08,64
25,13,28079040,08,67
25,13,28079047,08,49
25,13,28079048,08,58
25,13,28079049,08,52
25,13,28079050,08,73
25,13,28079054,08,42
25,13,28079055,08,95
25,13,28079056,08,50
25,13,28079057,08,84
25,13,28079058,08,49
25,13,28079059,08,55
25,13,28079060,08,52
25,13,28079024,09,10
25,13,28079038,09,17
25,13,28079047,09,14
25,13,28079048,09,21
25,13,28079050,09,18
25,13,28079018,10,20
25,13,28079024,10,15
25,13,28079036,10,32
25,13,28079038,10,22
25,13,28079040,10,30
25,13,28079047,10,24
25,13,28079048,10,50
25,13,28079050,10,37
25,13,28079055,10,42
25,13,28079057,10,32
25,13,28079060,10,21
25,13,28079016,14,13
25,13,28079017,14,43
25,13,28079018,14,37
25,13,28079024,14,58
25,13,28079027,14,10
25,13,28079035,14,37
25,13,28079039,14,24
25,13,28079049,14,29
25,13,28079054,14,29
25,13,28079056,14,33
25,13,28079058,14,25
25,13,28079059,14,10
25,13,28079060,14,31
25,13,28079011,20,7.5
25,13,28079018,20,3.3
25,13,28079024,20,3.6
25,13,28079038,20,4.6
25,13,28079055,20,6.3
25,13,28079011,30,3.3
25,13,28079018,30,0.5
25,13,28079024,30,1.2
25,13,28079038,30,1.1
25,13,28079055,30,1.2
25,13,28079011,35,1.8
25,13,28079018,35,0.4
25,13,28079024,35,0.6
25,13,28079038,35,0.9
25,13,28079055,35,2.1
25,13,28079024,42,1.33
25,13,28079027,42,1.92
25,13,28079055,42,2.4
25,13,28079024,44,0.25
25,13,28079027,44,0.36
25,13,28079055,44,0.43
25,14,28079004,01,5
25,14,28079017,01,3
25,14,28079018,01,3
25,14,28079024,01,1
25,14,28079035,01,8
25,14,28079036,01,3
25,14,28079038,01,5
25,14,28079040,01,7
25,14,28079057,01,8
25,14,28079004,06,0.3
25,14,28079016,06,0.4
25,14,28079018,06,0.3
25,14,28079024,06,0.2
25,14,28079035,06,0.3
25,14,28079036,06,0.3
25,14,28079039,06,0.2
25,14,28079056,06,0.2
25,14,28079057,06,0.4
25,14,28079004,07,14
25,14,28079011,07,23
25,14,28079016,07,23
25,14,28079017,07,10
25,14,28079018,07,5
25,14,28079024,07,1
25,14,28079027,07,79
25,14,28079035,07,10
25,14,28079036,07,22
25,14,28079038,07,17
25,14,28079039,07,14
25,14,28079040,07,18
25,14,28079047,07,8
25,14,28079048,07,17
25,14,28079049,07,7
25,14,28079050,07,56
25,14,28079054,07,12
25,14,28079055,07,72
25,14,28079056,07,13
25,14,28079057,07,42
25,14,28079058,07,10
25,14,28079059,07,61
25,14,28079060,07,13
25,14,28079004,08,32
25,14,28079011,08,64
25,14,28079016,08,51
25,14,28079017,08,26
25,14,28079018,08,24
25,14,28079024,08,5
25,14,28079027,08,77
25,14,28079035,08,23
25,14,28079036,08,38
25,14,28079038,08,30
25,14,28079039,08,33
25,14,28079040,08,38
25,14,28079047,08,24
25,14,28079048,08,32
25,14,28079049,08,28
25,14,28079050,08,54
25,14,28079054,08,23
25,14,28079055,08,70
25,14,28079056,08,33
25,14,28079057,08,57
25,14,28079058,08,27
25,14,28079059,08,48
25,14,28079060,08,39
25,14,28079024,09,6
25,14,28079038,09,6
25,14,28079047,09,7
25,14,28079048,09,5
25,14,28079050,09,13
25,14,28079018,10,12
25,14,28079024,10,7
25,14,28079036,10,16
25,14,28079038,10,11
25,14,28079040,10,17
25,14,28079047,10,12
25,14,28079048,10,15
25,14,28079050,10,22
25,14,28079055,10,29
25,14,28079057,10,21
25,14,28079060,10,11
25,14,28079016,14,32
25,14,28079017,14,51
25,14,28079018,14,48
25,14,28079024,14,66
25,14,28079027,14,17
25,14,28079035,14,51
25,14,28079039,14,45
25,14,28079049,14,46
25,14,28079054,14,48
25,14,28079056,14,48
25,14,28079058,14,44
25,14,28079059,14,25
25,14,28079060,14,42
25,14,28079011,20,7.2
25,14,28079018,20,0.8
25,14,28079024,20,1.1
25,14,28079038,20,2
25,14,28079055,20,6.3
25,14,28079011,30,3
25,14,28079018,30,0.2
25,14,28079024,30,0.7
25,14,28079038,30,0.5
25,14,28079055,30,0.9
25,14,28079011,35,1.3
25,14,28079018,35,1
25,14,28079024,35,0.5
25,14,28079038,35,0.4
25,14,28079055,35,1.7
25,14,28079024,42,1.33
25,14,28079027,42,1.88
25,14,28079055,42,2.02
25,14,28079024,44,0.24
25,14,28079027,44,0.29
25,14,28079055,44,0.28
25,15,28079004,01,5
25,15,28079017,01,3
25,15,28079018,01,3
25,15,28079024,01,1
25,15,28079035,01,7
25,15,28079036,01,3
25,15,28079038,01,4
25,15,28079040,01,6
25,15,28079057,01,6
25,15,28079004,06,0.3
25,15,28079016,06,0.4
25,15,28079018,06,0.3
25,15,28079024,06,0.2
25,15,28079035,06,0.3
25,15,28079036,06,0.3
25,15,28079039,06,0.2
25,15,28079056,06,0.2
25,15,28079057,06,0.3
25,15,28079004,07,17
25,15,28079011,07,16
25,15,28079016,07,16
25,15,28079017,07,11
25,15,28079018,07,7
25,15,28079024,07,2
25,15,28079027,07,18
25,15,28079035,07,11
25,15,28079036,07,20
25,15,28079038,07,18
25,15,28079039,07,17
25,15,28079040,07,13
25,15,28079047,07,4
25,15,28079048,07,18
25,15,28079049,07,4
25,15,28079050,07,58
25,15,28079054,07,8
25,15,28079055,07,18
25,15,28079056,07,19
25,15,28079057,07,14
25,15,28079058,07,5
25,15,28079059,07,10
25,15,28079060,07,7
25,15,28079004,08,38
25,15,28079011,08,62
25,15,28079016,08,40
25,15,28079017,08,27
25,15,28079018,08,27
25,15,28079024,08,9
25,15,28079027,08,45
25,15,28079035,08,27
25,15,28079036,08,36
25,15,28079038,08,32
25,15,28079039,08,36
25,15,28079040,08,31
25,15,28079047,08,17
25,15,28079048,08,33
25,15,28079049,08,23
25,15,28079050,08,58
25,15,28079054,08,17
25,15,28079055,08,45
25,15,28079056,08,34
25,15,28079057,08,30
25,15,28079058,08,12
25,15,28079059,08,24
25,15,28079060,08,26
25,15,28079024,09,7
25,15,28079038,09,9
25,15,28079047,09,6
25,15,28079048,09,13
25,15,28079050,09,13
25,15,28079018,10,13
25,15,28079024,10,8
25,15,28079036,10,14
25,15,28079038,10,12
25,15,28079040,10,14
25,15,28079047,10,11
25,15,28079048,10,31
25,15,28079050,10,26
25,15,28079055,10,15
25,15,28079057,10,12
25,15,28079060,10,17
25,15,28079016,14,41
25,15,28079017,14,50
25,15,28079018,14,46
25,15,28079024,14,64
25,15,28079027,14,41
25,15,28079035,14,49
25,15,28079039,14,47
25,15,28079049,14,52
25,15,28079054,14,54
25,15,28079056,14,48
25,15,28079058,14,59
25,15,28079059,14,43
25,15,28079060,14,53
25,15,28079011,20,6.4
25,15,28079018,20,0.7
25,15,28079024,20,0.7
25,15,28079038,20,2.1
25,15,28079055,20,3.4
25,15,28079011,30,2.7
25,15,28079018,30,0.2
25,15,28079024,30,0.5
25,15,28079038,30,0.5
25,15,28079055,30,0.5
25,15,28079011,35,1.2
25,15,28079018,35,1
25,15,28079024,35,0.5
25,15,28079038,35,0.4
25,15,28079055,35,0.8
25,15,28079024,42,1.33
25,15,28079027,42,1.31
25,15,28079055,42,1.49
25,15,28079024,44,0.24
25,15,28079027,44,0.17
25,15,28079055,44,0.17
25,16,28079004,01,6
25,16,28079017,01,4
25,16,28079018,01,3
25,16,28079024,01,1
25,16,28079035,01,7
25,16,28079036,01,2
25,16,28079038,01,5
25,16,28079040,01,6
25,16,28079057,01,6
25,16,28079004,06,0.4
25,16,28079016,06,0.4
25,16,28079018,06,0.3
25,16,28079024,06,0.2
25,16,28079035,06,0.3
25,16,28079036,06,0.3
25,16,28079039,06,0.2
25,16,28079056,06,0.2
25,16,28079057,06,0.3
25,16,28079004,07,21
25,16,28079011,07,37
25,16,28079016,07,20
25,16,28079017,07,8
25,16,28079018,07,5
25,16,28079024,07,1
25,16,28079027,07,11
25,16,28079035,07,8
25,16,28079036,07,17
25,16,28079038,07,24
25,16,28079039,07,10
25,16,28079040,07,11
25,16,28079047,07,4
25,16,28079048,07,25
25,16,28079049,07,4
25,16,28079050,07,53
25,16,28079054,07,8
25,16,28079055,07,11
25,16,28079056,07,14
25,16,28079057,07,12
25,16,28079058,07,3
25,16,28079059,07,9
25,16,28079060,07,7
25,16,28079004,08,43
25,16,28079011,08,79
25,16,28079016,08,48
25,16,28079017,08,24
25,16,28079018,08,25
25,16,28079024,08,5
25,16,28079027,08,40
25,16,28079035,08,24
25,16,28079036,08,32
25,16,28079038,08,41
25,16,28079039,08,32
25,16,28079040,08,29
25,16,28079047,08,15
25,16,28079048,08,45
25,16,28079049,08,23
25,16,28079050,08,55
25,16,28079054,08,17
25,16,28079055,08,37
25,16,28079056,08,30
25,16,28079057,08,29
25,16,28079058,08,9
25,16,28079059,08,24
25,16,28079060,08,27
25,16,28079024,09,7
25,16,28079038,09,12
25,16,28079047,09,8
25,16,28079048,09,9
25,16,28079050,09,14
25,16,28079018,10,11
25,16,28079024,10,8
25,16,28079036,10,13
25,16,28079038,10,12
25,16,28079040,10,12
25,16,28079047,10,10
25,16,28079048,10,20
25,16,28079050,10,26
25,16,28079055,10,18
25,16,28079057,10,15
25,16,28079060,10,14
25,16,28079016,14,34
25,16,28079017,14,55
25,16,28079018,14,50
25,16,28079024,14,68
25,16,28079027,14,45
25,16,28079035,14,53
25,16,28079039,14,50
25,16,28079049,14,52
25,16,28079054,14,54
25,16,28079056,14,52
25,16,28079058,14,66
25,16,28079059,14,42
25,16,28079060,14,54
25,16,28079011,20,6.4
25,16,28079018,20,0.9
25,16,28079024,20,0.6
25,16,28079038,20,3.7
25,16,28079055,20,2.4
25,16,28079011,30,3
25,16,28079018,30,0.2
25,16,28079024,30,0.4
25,16,28079038,30,1
25,16,28079055,30,0.5
25,16,28079011,35,1.2
25,16,28079018,35,0.7
25,16,28079024,35,0.6
25,16,28079038,35,0.7
25,16,28079055,35,0.5
25,16,28079024,42,1.32
25,16,28079027,42,1.24
25,16,28079055,42,1.46
25,16,28079024,44,0.24
25,16,28079027,44,0.15
25,16,28079055,44,0.15
25,17,28079004,01,5
25,17,28079017,01,4
25,17,28079018,01,3
25,17,28079024,01,1
25,17,28079035,01,7
25,17,28079036,01,2
25,17,28079038,01,5
25,17,28079040,01,6
25,17,28079057,01,6
25,17,28079004,06,0.3
25,17,28079016,06,0.4
25,17,28079018,06,0.3
25,17,28079024,06,0.2
25,17,28079035,06,0.3
25,17,28079036,06,0.3
25,17,28079039,06,0.3
25,17,28079056,06,0.2
25,17,28079057,06,0.3
25,17,28079004,07,13
25,17,28079011,07,13
25,17,28079016,07,19
25,17,28079017,07,10
25,17,28079018,07,5
25,17,28079024,07,1
25,17,28079027,07,11
25,17,28079035,07,10
25,17,28079036,07,15
25,17,28079038,07,16
25,17,28079039,07,14
25,17,28079040,07,8
25,17,28079047,07,4
25,17,28079048,07,18
25,17,28079049,07,4
25,17,28079050,07,41
25,17,28079054,07,8
25,17,28079055,07,13
25,17,28079056,07,15
25,17,28079057,07,12
25,17,28079058,07,3
25,17,28079059,07,8
25,17,28079060,07,6
25,17,28079004,08,37
25,17,28079011,08,57
25,17,28079016,08,49
25,17,28079017,08,30
25,17,28079018,08,28
25,17,28079024,08,6
25,17,28079027,08,41
25,17,28079035,08,29
25,17,28079036,08,29
25,17,28079038,08,35
25,17,28079039,08,41
25,17,28079040,08,28
25,17,28079047,08,18
25,17,28079048,08,40
25,17,28079049,08,24
25,17,28079050,08,55
25,17,28079054,08,19
25,17,28079055,08,41
25,17,28079056,08,33
25,17,28079057,08,32
25,17,28079058,08,10
25,17,28079059,08,24
25,17,28079060,08,27
25,17,28079024,09,7
25,17,28079038,09,9
25,17,28079047,09,9
25,17,28079048,09,16
25,17,28079050,09,14
25,17,28079018,10,11
25,17,28079024,10,9
25,17,28079036,10,14
25,17,28079038,10,13
25,17,28079040,10,13
25,17,28079047,10,11
25,17,28079048,10,26
25,17,28079050,10,26
25,17,28079055,10,16
25,17,28079057,10,15
25,17,28079060,10,16
25,17,28079016,14,35
25,17,28079017,14,46
25,17,28079018,14,45
25,17,28079024,14,65
25,17,28079027,14,44
25,17,28079035,14,49
25,17,28079039,14,42
25,17,28079049,14,51
25,17,28079054,14,44
25,17,28079056,14,29
25,17,28079058,14,62
25,17,28079059,14,42
25,17,28079060,14,52
25,17,28079011,20,6.5
25,17,28079018,20,0.6
25,17,28079024,20,0.5
25,17,28079038,20,2.3
25,17,28079055,20,1.9
25,17,28079011,30,3.1
25,17,28079018,30,0.2
25,17,28079024,30,0.5
25,17,28079038,30,0.7
25,17,28079055,30,0.3
25,17,28079011,35,1.4
25,17,28079018,35,1
25,17,28079024,35,0.5
25,17,28079038,35,0.4
25,17,28079055,35,0.3
25,17,28079024,42,1.32
25,17,28079027,42,1.25
25,17,28079055,42,1.46
25,17,28079024,44,0.24
25,17,28079027,44,0.15
25,17,28079055,44,0.15
25,18,28079004,01,5
25,18,28079017,01,3
25,18,28079018,01,3
25,18,28079024,01,1
25,18,28079035,01,6
25,18,28079036,01,2
25,18,28079038,01,4
25,18,28079040,01,6
25,18,28079057,01,6
25,18,28079004,06,0.3
25,18,28079016,06,0.4
25,18,28079018,06,0.3
25,18,28079024,06,0.2
25,18,28079035,06,0.3
25,18,28079036,06,0.3
25,18,28079039,06,0.3
25,18,28079056,06,0.2
25,18,28079057,06,0.3
25,18,28079004,07,17
25,18,28079011,07,8
25,18,28079016,07,18
25,18,28079017,07,7
25,18,28079018,07,5
25,18,28079024,07,1
25,18,28079027,07,9
25,18,28079035,07,7
25,18,28079036,07,16
25,18,28079038,07,19
25,18,28079039,07,16
25,18,28079040,07,13
25,18,28079047,07,2
25,18,28079048,07,19
25,18,28079049,07,2
25,18,28079050,07,50
25,18,28079054,07,9
25,18,28079055,07,10
25,18,28079056,07,20
25,18,28079057,07,12
25,18,28079058,07,3
25,18,28079059,07,7
25,18,28079060,07,8
25,18,28079004,08,51
25,18,28079011,08,56
25,18,28079016,08,58
25,18,28079017,08,30
25,18,28079018,08,36
25,18,28079024,08,9
25,18,28079027,08,51
25,18,28079035,08,31
25,18,28079036,08,33
25,18,28079038,08,42
25,18,28079039,08,50
25,18,28079040,08,42
25,18,28079047,08,19
25,18,28079048,08,47
25,18,28079049,08,26
25,18,28079050,08,67
25,18,28079054,08,25
25,18,28079055,08,45
25,18,28079056,08,43
25,18,28079057,08,41
25,18,28079058,08,8
25,18,28079059,08,35
25,18,28079060,08,37
25,18,28079024,09,7
25,18,28079038,09,10
25,18,28079047,09,7
25,18,28079048,09,12
25,18,28079050,09,14
25,18,28079018,10,11
25,18,28079024,10,8
25,18,28079036,10,11
25,18,28079038,10,14
25,18,28079040,10,14
25,18,28079047,10,9
25,18,28079048,10,20
25,18,28079050,10,31
25,18,28079055,10,15
25,18,28079057,10,15
25,18,28079060,10,13
25,18,28079016,14,28
25,18,28079017,14,47
25,18,28079018,14,39
25,18,28079024,14,62
25,18,28079027,14,34
25,18,28079035,14,43
25,18,28079039,14,34
25,18,28079049,14,47
25,18,28079054,14,37
25,18,28079056,14,40
25,18,28079058,14,59
25,18,28079059,14,31
25,18,28079060,14,41
25,18,28079011,20,4.9
25,18,28079018,20,0.8
25,18,28079024,20,0.5
25,18,28079038,20,2.7
25,18,28079055,20,1.8
25,18,28079011,30,2
25,18,28079018,30,0.2
25,18,28079024,30,0.5
25,18,28079038,30,0.7
25,18,28079055,30,0.4
25,18,28079011,35,0.6
25,18,28079018,35,0.9
25,18,28079024,35,0.5
25,18,28079038,35,0.5
25,18,28079055,35,0.4
25,18,28079024,42,1.32
25,18,28079027,42,1.25
25,18,28079055,42,1.45
25,18,28079024,44,0.24
25,18,28079027,44,0.16
25,18,28079055,44,0.15
25,19,28079004,01,5
25,19,28079017,01,4
25,19,28079018,01,2
25,19,28079024,01,1
25,19,28079035,01,5
25,19,28079036,01,2
25,19,28079038,01,4
25,19,28079040,01,6
25,19,28079057,01,6
25,19,28079004,06,0.3
25,19,28079016,06,0.5
25,19,28079018,06,0.3
25,19,28079024,06,0.2
25,19,28079035,06,0.3
25,19,28079036,06,0.3
25,19,28079039,06,0.4
25,19,28079056,06,0.3
25,19,28079057,06,0.3
25,19,28079004,07,16
25,19,28079011,07,6
25,19,28079016,07,29
25,19,28079017,07,14
25,19,28079018,07,5
25,19,28079024,07,1
25,19,28079027,07,13
25,19,28079035,07,8
25,19,28079036,07,15
25,19,28079038,07,18
25,19,28079039,07,29
25,19,28079040,07,16
25,19,28079047,07,2
25,19,28079048,07,23
25,19,28079049,07,3
25,19,28079050,07,57
25,19,28079054,07,9
25,19,28079055,07,18
25,19,28079056,07,32
25,19,28079057,07,18
25,19,28079058,07,3
25,19,28079059,07,9
25,19,28079060,07,5
25,19,28079004,08,55
25,19,28079011,08,57
25,19,28079016,08,77
25,19,28079017,08,51
25,19,28079018,08,53
25,19,28079024,08,20
25,19,28079027,08,72
25,19,28079035,08,44
25,19,28079036,08,40
25,19,28079038,08,58
25,19,28079039,08,71
25,19,28079040,08,53
25,19,28079047,08,34
25,19,28079048,08,58
25,19,28079049,08,46
25,19,28079050,08,79
25,19,28079054,08,37
25,19,28079055,08,69
25,19,28079056,08,66
25,19,28079057,08,58
25,19,28079058,08,16
25,19,28079059,08,50
25,19,28079060,08,42
25,19,28079024,09,8
25,19,28079038,09,11
25,19,28079047,09,9
25,19,28079048,09,16
25,19,28079050,09,17
25,19,28079018,10,14
25,19,28079024,10,11
25,19,28079036,10,14
25,19,28079038,10,15
25,19,28079040,10,16
25,19,28079047,10,12
25,19,28079048,10,26
25,19,28079050,10,37
25,19,28079055,10,19
25,19,28079057,10,19
25,19,28079060,10,17
25,19,28079016,14,13
25,19,28079017,14,28
25,19,28079018,14,25
25,19,28079024,14,48
25,19,28079027,14,18
25,19,28079035,14,31
25,19,28079039,14,17
25,19,28079049,14,27
25,19,28079054,14,34
25,19,28079056,14,23
25,19,28079058,14,49
25,19,28079059,14,18
25,19,28079060,14,34
25,19,28079011,20,4.8
25,19,28079018,20,1.1
25,19,28079024,20,0.5
25,19,28079038,20,2
25,19,28079055,20,1.8
25,19,28079011,30,2.1
25,19,28079018,30,0.2
25,19,28079024,30,0.4
25,19,28079038,30,0.5
25,19,28079055,30,0.6
25,19,28079011,35,0.5
25,19,28079018,35,0.4
25,19,28079024,35,0.4
25,19,28079038,35,0.4
25,19,28079055,35,0.4
25,19,28079024,42,1.33
25,19,28079027,42,1.27
25,19,28079055,42,1.48
25,19,28079024,44,0.24
25,19,28079027,44,0.17
25,19,28079055,44,0.17
25,2,28079004,01,5
25,2,28079017,01,3
25,2,28079018,01,2
25,2,28079024,01,1
25,2,28079035,01,4
25,2,28079036,01,2
25,2,28079038,01,3
25,2,28079040,01,5
25,2,28079057,01,6
25,2,28079004,06,0.7
25,2,28079016,06,0.4
25,2,28079018,06,0.3
25,2,28079024,06,0.2
25,2,28079035,06,0.3
25,2,28079036,06,0.4
25,2,28079039,06,0.3
25,2,28079056,06,0.3
25,2,28079057,06,0.4
25,2,28079004,07,97
25,2,28079011,07,7
25,2,28079016,07,9
25,2,28079017,07,1
25,2,28079018,07,2
25,2,28079024,07,1
25,2,28079027,07,121
25,2,28079035,07,8
25,2,28079036,07,24
25,2,28079038,07,7
25,2,28079039,07,11
25,2,28079040,07,2
25,2,28079047,07,2
25,2,28079048,07,5
25,2,28079049,07,2
25,2,28079050,07,10
25,2,28079054,07,18
25,2,28079055,07,134
25,2,28079056,07,16
25,2,28079057,07,23
25,2,28079058,07,6
25,2,28079059,07,51
25,2,28079060,07,4
25,2,28079004,08,82
25,2,28079011,08,49
25,2,28079016,08,53
25,2,28079017,08,22
25,2,28079018,08,32
25,2,28079024,08,10
25,2,28079027,08,91
25,2,28079035,08,43
25,2,28079036,08,56
25,2,28079038,08,33
25,2,28079039,08,52
25,2,28079040,08,47
25,2,28079047,08,39
25,2,28079048,08,35
25,2,28079049,08,44
25,2,28079050,08,35
25,2,28079054,08,67
25,2,28079055,08,87
25,2,28079056,08,56
25,2,28079057,08,70
25,2,28079058,08,25
25,2,28079059,08,57
25,2,28079060,08,40
25,2,28079024,09,6
25,2,28079038,09,7
25,2,28079047,09,8
25,2,28079048,09,12
25,2,28079050,09,9
25,2,28079018,10,9
25,2,28079024,10,8
25,2,28079036,10,11
25,2,28079038,10,10
25,2,28079040,10,12
25,2,28079047,10,10
25,2,28079048,10,26
25,2,28079050,10,15
25,2,28079055,10,24
25,2,28079057,10,14
25,2,28079060,10,13
25,2,28079016,14,22
25,2,28079017,14,43
25,2,28079018,14,30
25,2,28079024,14,51
25,2,28079027,14,6
25,2,28079035,14,25
25,2,28079039,14,22
25,2,28079049,14,18
25,2,28079054,14,5
25,2,28079056,14,17
25,2,28079058,14,12
25,2,28079059,14,9
25,2,28079060,14,31
25,2,28079011,20,6.7
25,2,28079018,20,0.7
25,2,28079024,20,0.5
25,2,28079038,20,3.1
25,2,28079055,20,6.4
25,2,28079011,30,3.1
25,2,28079018,30,0.2
25,2,28079024,30,0.5
25,2,28079038,30,0.7
25,2,28079055,30,1.3
25,2,28079011,35,0.9
25,2,28079018,35,1
25,2,28079024,35,0.3
25,2,28079038,35,0.6
25,2,28079055,35,1.3
25,2,28079024,42,1.35
25,2,28079027,42,1.69
25,2,28079055,42,1.97
25,2,28079024,44,0.26
25,2,28079027,44,0.38
25,2,28079055,44,0.39
25,20,28079004,01,5
25,20,28079017,01,3
25,20,28079018,01,2
25,20,28079024,01,1
25,20,28079035,01,5
25,20,28079036,01,2
25,20,28079038,01,4
25,20,28079040,01,6
25,20,28079057,01,6
25,20,28079004,06,0.4
25,20,28079016,06,0.5
25,20,28079018,06,0.4
25,20,28079024,06,0.2
25,20,28079035,06,0.4
25,20,28079036,06,0.3
25,20,28079039,06,0.4
25,20,28079056,06,0.3
25,20,28079057,06,0.3
25,20,28079004,07,20
25,20,28079011,07,7
25,20,28079016,07,37
25,20,28079017,07,13
25,20,28079018,07,8
25,20,28079024,07,1
25,20,28079027,07,14
25,20,28079035,07,11
25,20,28079036,07,16
25,20,28079038,07,19
25,20,28079039,07,27
25,20,28079040,07,19
25,20,28079047,07,3
25,20,28079048,07,25
25,20,28079049,07,3
25,20,28079050,07,64
25,20,28079054,07,12
25,20,28079055,07,18
25,20,28079056,07,37
25,20,28079057,07,15
25,20,28079058,07,2
25,20,28079059,07,11
25,20,28079060,07,6
25,20,28079004,08,67
25,20,28079011,08,61
25,20,28079016,08,84
25,20,28079017,08,53
25,20,28079018,08,62
25,20,28079024,08,29
25,20,28079027,08,76
25,20,28079035,08,57
25,20,28079036,08,43
25,20,28079038,08,62
25,20,28079039,08,72
25,20,28079040,08,67
25,20,28079047,08,45
25,20,28079048,08,65
25,20,28079049,08,53
25,20,28079050,08,80
25,20,28079054,08,43
25,20,28079055,08,75
25,20,28079056,08,71
25,20,28079057,08,58
25,20,28079058,08,21
25,20,28079059,08,58
25,20,28079060,08,53
25,20,28079024,09,10
25,20,28079038,09,13
25,20,28079047,09,10
25,20,28079048,09,17
25,20,28079050,09,18
25,20,28079018,10,16
25,20,28079024,10,13
25,20,28079036,10,14
25,20,28079038,10,14
25,20,28079040,10,17
25,20,28079047,10,14
25,20,28079048,10,29
25,20,28079050,10,35
25,20,28079055,10,20
25,20,28079057,10,18
25,20,28079060,10,17
25,20,28079016,14,8
25,20,28079017,14,23
25,20,28079018,14,15
25,20,28079024,14,39
25,20,28079027,14,14
25,20,28079035,14,11
25,20,28079039,14,15
25,20,28079049,14,17
25,20,28079054,14,27
25,20,28079056,14,16
25,20,28079058,14,41
25,20,28079059,14,10
25,20,28079060,14,23
25,20,28079011,20,5.7
25,20,28079018,20,2.1
25,20,28079024,20,1
25,20,28079038,20,2.3
25,20,28079055,20,2.3
25,20,28079011,30,2.5
25,20,28079018,30,0.3
25,20,28079024,30,0.5
25,20,28079038,30,0.6
25,20,28079055,30,0.8
25,20,28079011,35,0.7
25,20,28079018,35,0.2
25,20,28079024,35,0.6
25,20,28079038,35,0.4
25,20,28079055,35,0.5
25,20,28079024,42,1.34
25,20,28079027,42,1.28
25,20,28079055,42,1.5
25,20,28079024,44,0.25
25,20,28079027,44,0.18
25,20,28079055,44,0.18
25,21,28079004,01,4
25,21,28079017,01,3
25,21,28079018,01,2
25,21,28079024,01,1
25,21,28079035,01,4
25,21,28079036,01,2
25,21,28079038,01,4
25,21,28079040,01,6
25,21,28079057,01,6
25,21,28079004,06,0.3
25,21,28079016,06,0.5
25,21,28079018,06,0.3
25,21,28079024,06,0.2
25,21,28079035,06,0.4
25,21,28079036,06,0.4
25,21,28079039,06,0.4
25,21,28079056,06,0.4
25,21,28079057,06,0.4
25,21,28079004,07,15
25,21,28079011,07,9
25,21,28079016,07,27
25,21,28079017,07,15
25,21,28079018,07,7
25,21,28079024,07,1
25,21,28079027,07,19
25,21,28079035,07,10
25,21,28079036,07,20
25,21,28079038,07,24
25,21,28079039,07,31
25,21,28079040,07,12
25,21,28079047,07,5
25,21,28079048,07,19
25,21,28079049,07,3
25,21,28079050,07,60
25,21,28079054,07,10
25,21,28079055,07,18
25,21,28079056,07,40
25,21,28079057,07,21
25,21,28079058,07,3
25,21,28079059,07,11
25,21,28079060,07,4
25,21,28079004,08,48
25,21,28079011,08,58
25,21,28079016,08,74
25,21,28079017,08,51
25,21,28079018,08,52
25,21,28079024,08,12
25,21,28079027,08,79
25,21,28079035,08,47
25,21,28079036,08,45
25,21,28079038,08,58
25,21,28079039,08,67
25,21,28079040,08,47
25,21,28079047,08,53
25,21,28079048,08,53
25,21,28079049,08,45
25,21,28079050,08,68
25,21,28079054,08,47
25,21,28079055,08,72
25,21,28079056,08,74
25,21,28079057,08,60
25,21,28079058,08,25
25,21,28079059,08,50
25,21,28079060,08,44
25,21,28079024,09,9
25,21,28079038,09,12
25,21,28079047,09,11
25,21,28079048,09,14
25,21,28079050,09,16
25,21,28079018,10,15
25,21,28079024,10,12
25,21,28079036,10,16
25,21,28079038,10,13
25,21,28079040,10,15
25,21,28079047,10,15
25,21,28079048,10,24
25,21,28079050,10,24
25,21,28079055,10,19
25,21,28079057,10,19
25,21,28079060,10,18
25,21,28079016,14,9
25,21,28079017,14,20
25,21,28079018,14,18
25,21,28079024,14,28
25,21,28079027,14,9
25,21,28079035,14,19
25,21,28079039,14,15
25,21,28079049,14,21
25,21,28079054,14,19
25,21,28079056,14,10
25,21,28079058,14,35
25,21,28079059,14,12
25,21,28079060,14,26
25,21,28079011,20,5.1
25,21,28079018,20,1.6
25,21,28079024,20,1
25,21,28079038,20,3.5
25,21,28079055,20,2.6
25,21,28079011,30,2.4
25,21,28079018,30,0.4
25,21,28079024,30,0.5
25,21,28079038,30,1.1
25,21,28079055,30,0.7
25,21,28079011,35,0.5
25,21,28079018,35,0.7
25,21,28079024,35,0.6
25,21,28079038,35,0.7
25,21,28079055,35,0.6
25,21,28079024,42,1.33
25,21,28079027,42,1.29
25,21,28079055,42,1.5
25,21,28079024,44,0.24
25,21,28079027,44,0.18
25,21,28079055,44,0.17
25,22,28079004,01,4
25,22,28079017,01,3
25,22,28079018,01,2
25,22,28079024,01,1
25,22,28079035,01,4
25,22,28079036,01,2
25,22,28079038,01,4
25,22,28079040,01,6
25,22,28079057,01,6
25,22,28079004,06,0.4
25,22,28079016,06,0.4
25,22,28079018,06,0.3
25,22,28079024,06,0.2
25,22,28079035,06,0.3
25,22,28079036,06,0.4
25,22,28079039,06,0.4
25,22,28079056,06,0.4
25,22,28079057,06,0.4
25,22,28079004,07,12
25,22,28079011,07,8
25,22,28079016,07,9
25,22,28079017,07,13
25,22,28079018,07,6
25,22,28079024,07,1
25,22,28079027,07,19
25,22,28079035,07,11
25,22,28079036,07,21
25,22,28079038,07,21
25,22,28079039,07,24
25,22,28079040,07,17
25,22,28079047,07,6
25,22,28079048,07,27
25,22,28079049,07,2
25,22,28079050,07,46
25,22,28079054,07,10
25,22,28079055,07,25
25,22,28079056,07,31
25,22,28079057,07,16
25,22,28079058,07,4
25,22,28079059,07,5
25,22,28079060,07,5
25,22,28079004,08,41
25,22,28079011,08,54
25,22,28079016,08,48
25,22,28079017,08,40
25,22,28079018,08,49
25,22,28079024,08,10
25,22,28079027,08,69
25,22,28079035,08,37
25,22,28079036,08,50
25,22,28079038,08,50
25,22,28079039,08,63
25,22,28079040,08,60
25,22,28079047,08,48
25,22,28079048,08,53
25,22,28079049,08,41
25,22,28079050,08,62
25,22,28079054,08,45
25,22,28079055,08,68
25,22,28079056,08,63
25,22,28079057,08,54
25,22,28079058,08,31
25,22,28079059,08,35
25,22,28079060,08,42
25,22,28079024,09,8
25,22,28079038,09,12
25,22,28079047,09,11
25,22,28079048,09,13
25,22,28079050,09,16
25,22,28079018,10,15
25,22,28079024,10,10
25,22,28079036,10,13
25,22,28079038,10,12
25,22,28079040,10,16
25,22,28079047,10,14
25,22,28079048,10,19
25,22,28079050,10,24
25,22,28079055,10,20
25,22,28079057,10,17
25,22,28079060,10,15
25,22,28079016,14,20
25,22,28079017,14,24
25,22,28079018,14,18
25,22,28079024,14,47
25,22,28079027,14,12
25,22,28079035,14,24
25,22,28079039,14,13
25,22,28079049,14,22
25,22,28079054,14,17
25,22,28079056,14,15
25,22,28079058,14,28
25,22,28079059,14,20
25,22,28079060,14,24
25,22,28079011,20,4.9
25,22,28079018,20,0.8
25,22,28079024,20,0.6
25,22,28079038,20,2.6
25,22,28079055,20,3.1
25,22,28079011,30,2.4
25,22,28079018,30,0.3
25,22,28079024,30,0.6
25,22,28079038,30,0.9
25,22,28079055,30,1
25,22,28079011,35,0.5
25,22,28079018,35,1
25,22,28079024,35,0.6
25,22,28079038,35,0.5
25,22,28079055,35,0.5
25,22,28079024,42,1.33
25,22,28079027,42,1.29
25,22,28079055,42,1.53
25,22,28079024,44,0.24
25,22,28079027,44,0.17
25,22,28079055,44,0.19
25,23,28079004,01,3
25,23,28079017,01,3
25,23,28079018,01,2
25,23,28079024,01,1
25,23,28079035,01,4
25,23,28079036,01,1
25,23,28079038,01,3
25,23,28079040,01,7
25,23,28079057,01,6
25,23,28079004,06,0.3
25,23,28079016,06,0.4
25,23,28079018,06,0.3
25,23,28079024,06,0.2
25,23,28079035,06,0.3
25,23,28079036,06,0.3
25,23,28079039,06,0.4
25,23,28079056,06,0.3
25,23,28079057,06,0.3
25,23,28079004,07,12
25,23,28079011,07,4
25,23,28079016,07,8
25,23,28079017,07,7
25,23,28079018,07,2
25,23,28079024,07,1
25,23,28079027,07,9
25,23,28079035,07,8
25,23,28079036,07,7
25,23,28079038,07,16
25,23,28079039,07,17
25,23,28079040,07,18
25,23,28079047,07,2
25,23,28079048,07,19
25,23,28079049,07,1
25,23,28079050,07,36
25,23,28079054,07,10
25,23,28079055,07,13
25,23,28079056,07,20
25,23,28079057,07,11
25,23,28079058,07,3
25,23,28079059,07,5
25,23,28079060,07,2
25,23,28079004,08,37
25,23,28079011,08,50
25,23,28079016,08,44
25,23,28079017,08,34
25,23,28079018,08,34
25,23,28079024,08,6
25,23,28079027,08,59
25,23,28079035,08,29
25,23,28079036,08,37
25,23,28079038,08,42
25,23,28079039,08,55
25,23,28079040,08,57
25,23,28079047,08,30
25,23,28079048,08,51
25,23,28079049,08,28
25,23,28079050,08,49
25,23,28079054,08,36
25,23,28079055,08,57
25,23,28079056,08,50
25,23,28079057,08,50
25,23,28079058,08,20
25,23,28079059,08,38
25,23,28079060,08,38
25,23,28079024,09,6
25,23,28079038,09,8
25,23,28079047,09,8
25,23,28079048,09,9
25,23,28079050,09,13
25,23,28079018,10,10
25,23,28079024,10,8
25,23,28079036,10,7
25,23,28079038,10,9
25,23,28079040,10,15
25,23,28079047,10,9
25,23,28079048,10,14
25,23,28079050,10,17
25,23,28079055,10,11
25,23,28079057,10,12
25,23,28079060,10,8
25,23,28079016,14,21
25,23,28079017,14,29
25,23,28079018,14,28
25,23,28079024,14,49
25,23,28079027,14,15
25,23,28079035,14,29
25,23,28079039,14,17
25,23,28079049,14,29
25,23,28079054,14,21
25,23,28079056,14,19
25,23,28079058,14,32
25,23,28079059,14,13
25,23,28079060,14,26
25,23,28079011,20,4.3
25,23,28079018,20,0.6
25,23,28079024,20,0.5
25,23,28079038,20,2.5
25,23,28079055,20,2.2
25,23,28079011,30,2.1
25,23,28079018,30,0.2
25,23,28079024,30,0.5
25,23,28079038,30,0.8
25,23,28079055,30,0.6
25,23,28079011,35,0.3
25,23,28079018,35,1
25,23,28079024,35,0.5
25,23,28079038,35,0.5
25,23,28079055,35,0.4
25,23,28079024,42,1.33
25,23,28079027,42,1.29
25,23,28079055,42,1.51
25,23,28079024,44,0.24
25,23,28079027,44,0.17
25,23,28079055,44,0.18
25,24,28079004,01,3
25,24,28079017,01,3
25,24,28079018,01,2
25,24,28079024,01,1
25,24,28079035,01,3
25,24,28079036,01,1
25,24,28079038,01,3
25,24,28079040,01,6
25,24,28079057,01,6
25,24,28079004,06,0.3
25,24,28079016,06,0.3
25,24,28079018,06,0.3
25,24,28079024,06,0.2
25,24,28079035,06,0.3
25,24,28079036,06,0.3
25,24,28079039,06,0.3
25,24,28079056,06,0.3
25,24,28079057,06,0.3
25,24,28079004,07,5
25,24,28079011,07,1
25,24,28079016,07,5
25,24,28079017,07,2
25,24,28079018,07,3
25,24,28079024,07,1
25,24,28079027,07,29
25,24,28079035,07,7
25,24,28079036,07,6
25,24,28079038,07,6
25,24,28079039,07,7
25,24,28079040,07,4
25,24,28079047,07,3
25,24,28079048,07,9
25,24,28079049,07,1
25,24,28079050,07,29
25,24,28079054,07,6
25,24,28079055,07,43
25,24,28079056,07,31
25,24,28079057,07,3
25,24,28079058,07,3
25,24,28079059,07,3
25,24,28079060,07,1
25,24,28079004,08,23
25,24,28079011,08,35
25,24,28079016,08,33
25,24,28079017,08,26
25,24,28079018,08,35
25,24,28079024,08,6
25,24,28079027,08,66
25,24,28079035,08,29
25,24,28079036,08,36
25,24,28079038,08,23
25,24,28079039,08,36
25,24,28079040,08,34
25,24,28079047,08,38
25,24,28079048,08,32
25,24,28079049,08,25
25,24,28079050,08,40
25,24,28079054,08,27
25,24,28079055,08,65
25,24,28079056,08,57
25,24,28079057,08,30
25,24,28079058,08,19
25,24,28079059,08,26
25,24,28079060,08,25
25,24,28079024,09,6
25,24,28079038,09,5
25,24,28079047,09,8
25,24,28079048,09,8
25,24,28079050,09,11
25,24,28079018,10,9
25,24,28079024,10,7
25,24,28079036,10,6
25,24,28079038,10,7
25,24,28079040,10,9
25,24,28079047,10,9
25,24,28079048,10,13
25,24,28079050,10,16
25,24,28079055,10,14
25,24,28079057,10,8
25,24,28079060,10,8
25,24,28079016,14,27
25,24,28079017,14,30
25,24,28079018,14,25
25,24,28079024,14,46
25,24,28079027,14,9
25,24,28079035,14,27
25,24,28079039,14,25
25,24,28079049,14,26
25,24,28079054,14,27
25,24,28079056,14,15
25,24,28079058,14,27
25,24,28079059,14,23
25,24,28079060,14,32
25,24,28079011,20,4.4
25,24,28079018,20,0.6
25,24,28079024,20,0.5
25,24,28079038,20,1.7
25,24,28079055,20,3.4
25,24,28079011,30,2
25,24,28079018,30,0.2
25,24,28079024,30,0.5
25,24,28079038,30,0.5
25,24,28079055,30,0.7
25,24,28079011,35,0.3
25,24,28079018,35,1
25,24,28079024,35,0.5
25,24,28079038,35,0.4
25,24,28079055,35,0.5
25,24,28079024,42,1.34
25,24,28079027,42,1.39
25,24,28079055,42,1.67
25,24,28079024,44,0.24
25,24,28079027,44,0.22
25,24,28079055,44,0.23
25,3,28079004,01,3
25,3,28079017,01,3
25,3,28079018,01,3
25,3,28079024,01,1
25,3,28079035,01,3
25,3,28079036,01,1
25,3,28079038,01,4
25,3,28079040,01,4
25,3,28079057,01,4
25,3,28079004,06,0.3
25,3,28079016,06,0.3
25,3,28079018,06,0.4
25,3,28079024,06,0.2
25,3,28079035,06,0.3
25,3,28079036,06,0.3
25,3,28079039,06,0.2
25,3,28079056,06,0.4
25,3,28079057,06,0.3
25,3,28079004,07,8
25,3,28079011,07,3
25,3,28079016,07,1
25,3,28079017,07,1
25,3,28079018,07,10
25,3,28079024,07,1
25,3,28079027,07,76
25,3,28079035,07,4
25,3,28079036,07,3
25,3,28079038,07,7
25,3,28079039,07,1
25,3,28079040,07,1
25,3,28079047,07,3
25,3,28079048,07,2
25,3,28079049,07,2
25,3,28079050,07,10
25,3,28079054,07,7
25,3,28079055,07,83
25,3,28079056,07,36
25,3,28079057,07,2
25,3,28079058,07,5
25,3,28079059,07,4
25,3,28079060,07,1
25,3,28079004,08,41
25,3,28079011,08,43
25,3,28079016,08,29
25,3,28079017,08,21
25,3,28079018,08,47
25,3,28079024,08,6
25,3,28079027,08,79
25,3,28079035,08,27
25,3,28079036,08,26
25,3,28079038,08,33
25,3,28079039,08,33
25,3,28079040,08,28
25,3,28079047,08,30
25,3,28079048,08,25
25,3,28079049,08,25
25,3,28079050,08,29
25,3,28079054,08,50
25,3,28079055,08,77
25,3,28079056,08,73
25,3,28079057,08,39
25,3,28079058,08,22
25,3,28079059,08,21
25,3,28079060,08,16
25,3,28079024,09,6
25,3,28079038,09,7
25,3,28079047,09,7
25,3,28079048,09,6
25,3,28079050,09,9
25,3,28079018,10,10
25,3,28079024,10,8
25,3,28079036,10,8
25,3,28079038,10,8
25,3,28079040,10,9
25,3,28079047,10,9
25,3,28079048,10,7
25,3,28079050,10,12
25,3,28079055,10,23
25,3,28079057,10,11
25,3,28079060,10,7
25,3,28079016,14,34
25,3,28079017,14,40
25,3,28079018,14,16
25,3,28079024,14,57
25,3,28079027,14,5
25,3,28079035,14,39
25,3,28079039,14,27
25,3,28079049,14,30
25,3,28079054,14,16
25,3,28079056,14,8
25,3,28079058,14,8
25,3,28079059,14,34
25,3,28079060,14,47
25,3,28079011,20,7
25,3,28079018,20,0.9
25,3,28079024,20,0.4
25,3,28079038,20,1.2
25,3,28079055,20,6
25,3,28079011,30,1.9
25,3,28079018,30,0.2
25,3,28079024,30,0.4
25,3,28079038,30,0.4
25,3,28079055,30,1.4
25,3,28079011,35,0.4
25,3,28079018,35,1
25,3,28079024,35,0.5
25,3,28079038,35,0.2
25,3,28079055,35,1.3
25,3,28079024,42,1.34
25,3,28079027,42,1.55
25,3,28079055,42,1.85
25,3,28079024,44,0.25
25,3,28079027,44,0.31
25,3,28079055,44,0.36
25,4,28079004,01,4
25,4,28079017,01,3
25,4,28079018,01,2
25,4,28079024,01,1
25,4,28079035,01,3
25,4,28079036,01,1
25,4,28079038,01,3
25,4,28079040,01,4
25,4,28079057,01,4
25,4,28079004,06,0.4
25,4,28079016,06,0.3
25,4,28079018,06,0.4
25,4,28079024,06,0.2
25,4,28079035,06,0.3
25,4,28079036,06,0.3
25,4,28079039,06,0.2
25,4,28079056,06,0.4
25,4,28079057,06,0.3
25,4,28079004,07,41
25,4,28079011,07,1
25,4,28079016,07,4
25,4,28079017,07,3
25,4,28079018,07,4
25,4,28079024,07,1
25,4,28079027,07,13
25,4,28079035,07,3
25,4,28079036,07,13
25,4,28079038,07,4
25,4,28079039,07,1
25,4,28079040,07,1
25,4,28079047,07,2
25,4,28079048,07,1
25,4,28079049,07,2
25,4,28079050,07,8
25,4,28079054,07,4
25,4,28079055,07,9
25,4,28079056,07,32
25,4,28079057,07,1
25,4,28079058,07,2
25,4,28079059,07,2
25,4,28079060,07,1
25,4,28079004,08,63
25,4,28079011,08,34
25,4,28079016,08,30
25,4,28079017,08,31
25,4,28079018,08,42
25,4,28079024,08,11
25,4,28079027,08,64
25,4,28079035,08,27
25,4,28079036,08,28
25,4,28079038,08,22
25,4,28079039,08,23
25,4,28079040,08,30
25,4,28079047,08,36
25,4,28079048,08,19
25,4,28079049,08,21
25,4,28079050,08,25
25,4,28079054,08,36
25,4,28079055,08,56
25,4,28079056,08,67
25,4,28079057,08,32
25,4,28079058,08,13
25,4,28079059,08,12
25,4,28079060,08,12
25,4,28079024,09,6
25,4,28079038,09,5
25,4,28079047,09,7
25,4,28079048,09,1
25,4,28079050,09,8
25,4,28079018,10,11
25,4,28079024,10,8
25,4,28079036,10,6
25,4,28079038,10,7
25,4,28079040,10,9
25,4,28079047,10,9
25,4,28079048,10,4
25,4,28079050,10,12
25,4,28079055,10,10
25,4,28079057,10,8
25,4,28079060,10,3
25,4,28079016,14,32
25,4,28079017,14,27
25,4,28079018,14,17
25,4,28079024,14,50
25,4,28079027,14,6
25,4,28079035,14,38
25,4,28079039,14,44
25,4,28079049,14,34
25,4,28079054,14,25
25,4,28079056,14,5
25,4,28079058,14,15
25,4,28079059,14,37
25,4,28079060,14,50
25,4,28079011,20,8
25,4,28079018,20,1.5
25,4,28079024,20,0.4
25,4,28079038,20,1.6
25,4,28079055,20,3.1
25,4,28079011,30,2.4
25,4,28079018,30,0.3
25,4,28079024,30,0.4
25,4,28079038,30,0.4
25,4,28079055,30,0.7
25,4,28079011,35,0.9
25,4,28079018,35,0.7
25,4,28079024,35,0.3
25,4,28079038,35,0.3
25,4,28079055,35,0.7
25,4,28079024,42,1.35
25,4,28079027,42,1.41
25,4,28079055,42,1.56
25,4,28079024,44,0.25
25,4,28079027,44,0.22
25,4,28079055,44,0.2
25,5,28079004,01,4
25,5,28079017,01,3
25,5,28079018,01,3
25,5,28079024,01,1
25,5,28079035,01,3
25,5,28079036,01,1
25,5,28079038,01,2
25,5,28079040,01,4
25,5,28079057,01,4
25,5,28079004,06,0.5
25,5,28079016,06,0.3
25,5,28079018,06,0.4
25,5,28079024,06,0.2
25,5,28079035,06,0.3
25,5,28079036,06,0.2
25,5,28079039,06,0.2
25,5,28079056,06,0.3
25,5,28079057,06,0.3
25,5,28079004,07,81
25,5,28079011,07,1
25,5,28079016,07,1
25,5,28079017,07,5
25,5,28079018,07,11
25,5,28079024,07,1
25,5,28079027,07,13
25,5,28079035,07,3
25,5,28079036,07,1
25,5,28079038,07,2
25,5,28079039,07,1
25,5,28079040,07,1
25,5,28079047,07,1
25,5,28079048,07,1
25,5,28079049,07,1
25,5,28079050,07,7
25,5,28079054,07,7
25,5,28079055,07,20
25,5,28079056,07,34
25,5,28079057,07,2
25,5,28079058,07,2
25,5,28079059,07,2
25,5,28079060,07,1
25,5,28079004,08,61
25,5,28079011,08,25
25,5,28079016,08,17
25,5,28079017,08,46
25,5,28079018,08,48
25,5,28079024,08,6
25,5,28079027,08,51
25,5,28079035,08,25
25,5,28079036,08,10
25,5,28079038,08,18
25,5,28079039,08,21
25,5,28079040,08,22
25,5,28079047,08,30
25,5,28079048,08,16
25,5,28079049,08,13
25,5,28079050,08,24
25,5,28079054,08,51
25,5,28079055,08,56
25,5,28079056,08,66
25,5,28079057,08,37
25,5,28079058,08,7
25,5,28079059,08,19
25,5,28079060,08,15
25,5,28079024,09,6
25,5,28079038,09,5
25,5,28079047,09,7
25,5,28079048,09,4
25,5,28079050,09,8
25,5,28079018,10,11
25,5,28079024,10,8
25,5,28079036,10,4
25,5,28079038,10,6
25,5,28079040,10,7
25,5,28079047,10,7
25,5,28079048,10,6
25,5,28079050,10,11
25,5,28079055,10,11
25,5,28079057,10,8
25,5,28079060,10,3
25,5,28079016,14,40
25,5,28079017,14,12
25,5,28079018,14,7
25,5,28079024,14,44
25,5,28079027,14,12
25,5,28079035,14,38
25,5,28079039,14,40
25,5,28079049,14,47
25,5,28079054,14,13
25,5,28079056,14,5
25,5,28079058,14,15
25,5,28079059,14,31
25,5,28079060,14,31
25,5,28079011,20,8.4
25,5,28079018,20,2
25,5,28079024,20,0.4
25,5,28079038,20,1
25,5,28079055,20,2.2
25,5,28079011,30,1.5
25,5,28079018,30,0.3
25,5,28079024,30,0.4
25,5,28079038,30,0.3
25,5,28079055,30,0.5
25,5,28079011,35,0.2
25,5,28079018,35,0.5
25,5,28079024,35,0.3
25,5,28079038,35,0.6
25,5,28079055,35,0.6
25,5,28079024,42,1.34
25,5,28079027,42,1.4
25,5,28079055,42,1.6
25,5,28079024,44,0.25
25,5,28079027,44,0.21
25,5,28079055,44,0.22
25,6,28079004,01,4
25,6,28079017,01,3
25,6,28079018,01,3
25,6,28079024,01,1
25,6,28079035,01,3
25,6,28079036,01,1
25,6,28079038,01,2
25,6,28079040,01,3
25,6,28079057,01,4
25,6,28079004,06,0.5
25,6,28079016,06,0.3
25,6,28079018,06,0.4
25,6,28079024,06,0.2
25,6,28079035,06,0.3
25,6,28079036,06,0.2
25,6,28079039,06,0.2
25,6,28079056,06,0.4
25,6,28079057,06,0.3
25,6,28079004,07,84
25,6,28079011,07,1
25,6,28079016,07,1
25,6,28079017,07,14
25,6,28079018,07,24
25,6,28079024,07,1
25,6,28079027,07,35
25,6,28079035,07,7
25,6,28079036,07,2
25,6,28079038,07,3
25,6,28079039,07,1
25,6,28079040,07,1
25,6,28079047,07,4
25,6,28079048,07,2
25,6,28079049,07,1
25,6,28079050,07,11
25,6,28079054,07,4
25,6,28079055,07,69
25,6,28079056,07,60
25,6,28079057,07,4
25,6,28079058,07,2
25,6,28079059,07,21
25,6,28079060,07,5
25,6,28079004,08,52
25,6,28079011,08,25
25,6,28079016,08,23
25,6,28079017,08,48
25,6,28079018,08,51
25,6,28079024,08,11
25,6,28079027,08,56
25,6,28079035,08,31
25,6,28079036,08,13
25,6,28079038,08,16
25,6,28079039,08,30
25,6,28079040,08,18
25,6,28079047,08,34
25,6,28079048,08,15
25,6,28079049,08,15
25,6,28079050,08,25
25,6,28079054,08,30
25,6,28079055,08,67
25,6,28079056,08,68
25,6,28079057,08,48
25,6,28079058,08,8
25,6,28079059,08,32
25,6,28079060,08,30
25,6,28079024,09,5
25,6,28079038,09,5
25,6,28079047,09,7
25,6,28079048,09,3
25,6,28079050,09,7
25,6,28079018,10,10
25,6,28079024,10,7
25,6,28079036,10,5
25,6,28079038,10,6
25,6,28079040,10,7
25,6,28079047,10,8
25,6,28079048,10,5
25,6,28079050,10,17
25,6,28079055,10,13
25,6,28079057,10,9
25,6,28079060,10,8
25,6,28079016,14,34
25,6,28079017,14,10
25,6,28079018,14,3
25,6,28079024,14,35
25,6,28079027,14,4
25,6,28079035,14,30
25,6,28079039,14,29
25,6,28079049,14,46
25,6,28079054,14,30
25,6,28079056,14,4
25,6,28079058,14,15
25,6,28079059,14,13
25,6,28079060,14,28
25,6,28079011,20,5.1
25,6,28079018,20,1.4
25,6,28079024,20,0.4
25,6,28079038,20,0.6
25,6,28079055,20,3.7
25,6,28079011,30,1.2
25,6,28079018,30,0.3
25,6,28079024,30,0.5
25,6,28079038,30,0.2
25,6,28079055,30,0.8
25,6,28079011,35,0.2
25,6,28079018,35,0.6
25,6,28079024,35,0.3
25,6,28079038,35,1
25,6,28079055,35,0.8
25,6,28079024,42,1.35
25,6,28079027,42,1.59
25,6,28079055,42,1.82
25,6,28079024,44,0.26
25,6,28079027,44,0.22
25,6,28079055,44,0.35
25,7,28079004,01,5
25,7,28079017,01,4
25,7,28079018,01,2
25,7,28079024,01,1
25,7,28079035,01,3
25,7,28079036,01,1
25,7,28079038,01,3
25,7,28079040,01,4
25,7,28079057,01,4
25,7,28079004,06,0.5
25,7,28079016,06,0.4
25,7,28079018,06,0.4
25,7,28079024,06,0.2
25,7,28079035,06,0.3
25,7,28079036,06,0.3
25,7,28079039,06,0.3
25,7,28079056,06,0.3
25,7,28079057,06,0.4
25,7,28079004,07,116
25,7,28079011,07,1
25,7,28079016,07,33
25,7,28079017,07,52
25,7,28079018,07,10
25,7,28079024,07,1
25,7,28079027,07,54
25,7,28079035,07,8
25,7,28079036,07,7
25,7,28079038,07,13
25,7,28079039,07,12
25,7,28079040,07,5
25,7,28079047,07,3
25,7,28079048,07,3
25,7,28079049,07,1
25,7,28079050,07,21
25,7,28079054,07,46
25,7,28079055,07,47
25,7,28079056,07,34
25,7,28079057,07,16
25,7,28079058,07,7
25,7,28079059,07,35
25,7,28079060,07,2
25,7,28079004,08,57
25,7,28079011,08,34
25,7,28079016,08,50
25,7,28079017,08,61
25,7,28079018,08,44
25,7,28079024,08,12
25,7,28079027,08,66
25,7,28079035,08,37
25,7,28079036,08,24
25,7,28079038,08,39
25,7,28079039,08,46
25,7,28079040,08,38
25,7,28079047,08,35
25,7,28079048,08,26
25,7,28079049,08,19
25,7,28079050,08,57
25,7,28079054,08,44
25,7,28079055,08,64
25,7,28079056,08,60
25,7,28079057,08,56
25,7,28079058,08,14
25,7,28079059,08,42
25,7,28079060,08,41
25,7,28079024,09,5
25,7,28079038,09,6
25,7,28079047,09,7
25,7,28079048,09,3
25,7,28079050,09,9
25,7,28079018,10,9
25,7,28079024,10,6
25,7,28079036,10,5
25,7,28079038,10,8
25,7,28079040,10,9
25,7,28079047,10,8
25,7,28079048,10,6
25,7,28079050,10,19
25,7,28079055,10,11
25,7,28079057,10,10
25,7,28079060,10,9
25,7,28079016,14,18
25,7,28079017,14,4
25,7,28079018,14,4
25,7,28079024,14,27
25,7,28079027,14,4
25,7,28079035,14,25
25,7,28079039,14,16
25,7,28079049,14,35
25,7,28079054,14,19
25,7,28079056,14,8
25,7,28079058,14,9
25,7,28079059,14,5
25,7,28079060,14,19
25,7,28079011,20,3
25,7,28079018,20,1.1
25,7,28079024,20,0.5
25,7,28079038,20,2.3
25,7,28079055,20,5.9
25,7,28079011,30,1.3
25,7,28079018,30,0.2
25,7,28079024,30,0.5
25,7,28079038,30,0.6
25,7,28079055,30,0.6
25,7,28079011,35,1
25,7,28079018,35,1
25,7,28079024,35,0.3
25,7,28079038,35,0.5
25,7,28079055,35,0.9
25,7,28079024,42,1.37
25,7,28079027,42,1.65
25,7,28079055,42,1.81
25,7,28079024,44,0.27
25,7,28079027,44,0.21
25,7,28079055,44,0.23
25,8,28079004,01,6
25,8,28079017,01,6
25,8,28079018,01,2
25,8,28079024,01,1
25,8,28079035,01,6
25,8,28079036,01,10
25,8,28079038,01,6
25,8,28079040,01,6
25,8,28079057,01,5
25,8,28079004,06,0.6
25,8,28079016,06,0.6
25,8,28079018,06,0.4
25,8,28079024,06,0.2
25,8,28079035,06,0.5
25,8,28079036,06,0.9
25,8,28079039,06,0.5
25,8,28079056,06,0.5
25,8,28079057,06,0.4
25,8,28079004,07,140
25,8,28079011,07,27
25,8,28079016,07,80
25,8,28079017,07,131
25,8,28079018,07,16
25,8,28079024,07,1
25,8,28079027,07,67
25,8,28079035,07,63
25,8,28079036,07,142
25,8,28079038,07,77
25,8,28079039,07,84
25,8,28079040,07,63
25,8,28079047,07,39
25,8,28079048,07,29
25,8,28079049,07,3
25,8,28079054,07,173
25,8,28079055,07,131
25,8,28079056,07,57
25,8,28079057,07,22
25,8,28079058,07,26
25,8,28079059,07,72
25,8,28079060,07,35
25,8,28079004,08,69
25,8,28079011,08,66
25,8,28079016,08,88
25,8,28079017,08,84
25,8,28079018,08,54
25,8,28079024,08,11
25,8,28079027,08,74
25,8,28079035,08,60
25,8,28079036,08,67
25,8,28079038,08,82
25,8,28079039,08,83
25,8,28079040,08,73
25,8,28079047,08,55
25,8,28079048,08,62
25,8,28079049,08,32
25,8,28079054,08,71
25,8,28079055,08,89
25,8,28079056,08,69
25,8,28079057,08,67
25,8,28079058,08,27
25,8,28079059,08,42
25,8,28079060,08,64
25,8,28079024,09,5
25,8,28079038,09,14
25,8,28079047,09,11
25,8,28079048,09,8
25,8,28079018,10,14
25,8,28079024,10,7
25,8,28079036,10,34
25,8,28079038,10,21
25,8,28079040,10,19
25,8,28079047,10,14
25,8,28079048,10,16
25,8,28079055,10,21
25,8,28079057,10,14
25,8,28079060,10,20
25,8,28079016,14,3
25,8,28079017,14,4
25,8,28079018,14,5
25,8,28079024,14,30
25,8,28079027,14,5
25,8,28079035,14,4
25,8,28079039,14,5
25,8,28079049,14,17
25,8,28079054,14,4
25,8,28079056,14,7
25,8,28079058,14,5
25,8,28079059,14,5
25,8,28079060,14,6
25,8,28079011,20,3.7
25,8,28079018,20,1.2
25,8,28079024,20,0.5
25,8,28079038,20,3.8
25,8,28079055,20,4.9
25,8,28079011,30,1.8
25,8,28079018,30,0.3
25,8,28079024,30,0.5
25,8,28079038,30,1.1
25,8,28079055,30,0.8
25,8,28079011,35,0.4
25,8,28079018,35,0.7
25,8,28079024,35,0.4
25,8,28079038,35,0.6
25,8,28079055,35,0.4
25,8,28079024,42,1.39
25,8,28079027,42,1.7
25,8,28079055,42,1.94
25,8,28079024,44,0.27
25,8,28079027,44,0.23
25,8,28079055,44,0.29
25,9,28079004,01,8
25,9,28079017,01,7
25,9,28079018,01,6
25,9,28079024,01,1
25,9,28079035,01,13
25,9,28079036,01,11
25,9,28079038,01,23
25,9,28079040,01,11
25,9,28079057,01,7
25,9,28079004,06,0.9
25,9,28079016,06,0.8
25,9,28079018,06,0.8
25,9,28079024,06,0.2
25,9,28079035,06,0.8
25,9,28079036,06,1.3
25,9,28079039,06,0.9
25,9,28079056,06,0.8
25,9,28079057,06,0.6
25,9,28079004,07,188
25,9,28079011,07,107
25,9,28079016,07,127
25,9,28079017,07,197
25,9,28079018,07,93
25,9,28079024,07,10
25,9,28079027,07,157
25,9,28079035,07,137
25,9,28079036,07,300
25,9,28079038,07,428
25,9,28079039,07,202
25,9,28079040,07,230
25,9,28079047,07,93
25,9,28079048,07,85
25,9,28079049,07,82
25,9,28079050,07,56
25,9,28079054,07,208
25,9,28079055,07,176
25,9,28079056,07,146
25,9,28079057,07,87
25,9,28079058,07,26
25,9,28079059,07,113
25,9,28079060,07,103
25,9,28079004,08,93
25,9,28079011,08,96
25,9,28079016,08,94
25,9,28079017,08,106
25,9,28079018,08,68
25,9,28079024,08,28
25,9,28079027,08,104
25,9,28079035,08,83
25,9,28079036,08,123
25,9,28079038,08,151
25,9,28079039,08,105
25,9,28079040,08,115
25,9,28079047,08,72
25,9,28079048,08,83
25,9,28079049,08,64
25,9,28079050,08,80
25,9,28079054,08,81
25,9,28079055,08,106
25,9,28079056,08,92
25,9,28079057,08,94
25,9,28079058,08,26
25,9,28079059,08,45
25,9,28079060,08,96
25,9,28079024,09,7
25,9,28079038,09,37
25,9,28079047,09,15
25,9,28079048,09,12
25,9,28079050,09,16
25,9,28079018,10,27
25,9,28079024,10,8
25,9,28079036,10,49
25,9,28079038,10,57
25,9,28079040,10,44
25,9,28079047,10,22
25,9,28079048,10,21
25,9,28079050,10,24
25,9,28079055,10,30
25,9,28079057,10,17
25,9,28079060,10,21
25,9,28079016,14,4
25,9,28079017,14,4
25,9,28079018,14,3
25,9,28079024,14,9
25,9,28079027,14,5
25,9,28079035,14,2
25,9,28079039,14,3
25,9,28079049,14,2
25,9,28079054,14,4
25,9,28079056,14,5
25,9,28079058,14,4
25,9,28079059,14,6
25,9,28079060,14,4
25,9,28079011,20,5.9
25,9,28079018,20,2.4
25,9,28079024,20,0.5
25,9,28079038,20,12
25,9,28079055,20,4.6
25,9,28079011,30,2.8
25,9,28079018,30,0.7
25,9,28079024,30,0.5
25,9,28079038,30,3.1
25,9,28079055,30,1.3
25,9,28079011,35,0.7
25,9,28079018,35,0.4
25,9,28079024,35,0.4
25,9,28079038,35,2
25,9,28079055,35,0.6
25,9,28079024,42,1.4
25,9,28079027,42,1.63
25,9,28079055,42,1.96
25,9,28079024,44,0.27
25,9,28079027,44,0.24
25,9,28079055,44,0.31
26,1,28079004,01,3
26,1,28079017,01,3
26,1,28079018,01,2
26,1,28079024,01,1
26,1,28079035,01,3
26,1,28079036,01,1
26,1,28079038,01,3
26,1,28079040,01,6
26,1,28079057,01,5
26,1,28079004,06,0.3
26,1,28079016,06,0.3
26,1,28079018,06,0.3
26,1,28079024,06,0.2
26,1,28079035,06,0.3
26,1,28079036,06,0.3
26,1,28079039,06,0.3
26,1,28079056,06,0.3
26,1,28079057,06,0.3
26,1,28079004,07,9
26,1,28079011,07,1
26,1,28079016,07,5
26,1,28079017,07,3
26,1,28079018,07,3
26,1,28079024,07,1
26,1,28079027,07,14
26,1,28079035,07,7
26,1,28079036,07,5
26,1,28079038,07,10
26,1,28079039,07,3
26,1,28079040,07,4
26,1,28079047,07,7
26,1,28079048,07,11
26,1,28079049,07,1
26,1,28079050,07,23
26,1,28079054,07,5
26,1,28079055,07,25
26,1,28079056,07,33
26,1,28079057,07,3
26,1,28079058,07,4
26,1,28079059,07,3
26,1,28079060,07,1
26,1,28079004,08,21
26,1,28079011,08,33
26,1,28079016,08,34
26,1,28079017,08,23
26,1,28079018,08,33
26,1,28079024,08,4
26,1,28079027,08,59
26,1,28079035,08,26
26,1,28079036,08,27
26,1,28079038,08,25
26,1,28079039,08,33
26,1,28079040,08,31
26,1,28079047,08,44
26,1,28079048,08,32
26,1,28079049,08,25
26,1,28079050,08,37
26,1,28079054,08,20
26,1,28079055,08,58
26,1,28079056,08,59
26,1,28079057,08,36
26,1,28079058,08,20
26,1,28079059,08,23
26,1,28079060,08,26
26,1,28079024,09,6
26,1,28079038,09,10
26,1,28079047,09,8
26,1,28079048,09,9
26,1,28079050,09,10
26,1,28079018,10,11
26,1,28079024,10,7
26,1,28079036,10,5
26,1,28079038,10,8
26,1,28079040,10,9
26,1,28079047,10,10
26,1,28079048,10,15
26,1,28079050,10,13
26,1,28079055,10,13
26,1,28079057,10,10
26,1,28079060,10,8
26,1,28079016,14,23
26,1,28079017,14,31
26,1,28079018,14,23
26,1,28079024,14,47
26,1,28079027,14,7
26,1,28079035,14,28
26,1,28079039,14,22
26,1,28079049,14,18
26,1,28079054,14,32
26,1,28079056,14,12
26,1,28079058,14,22
26,1,28079059,14,21
26,1,28079060,14,28
26,1,28079011,20,4.8
26,1,28079018,20,0.7
26,1,28079024,20,0.5
26,1,28079038,20,1.7
26,1,28079055,20,3.9
26,1,28079011,30,1.8
26,1,28079018,30,0.2
26,1,28079024,30,0.5
26,1,28079038,30,0.6
26,1,28079055,30,0.6
26,1,28079011,35,0.2
26,1,28079018,35,1
26,1,28079024,35,0.4
26,1,28079038,35,0.3
26,1,28079055,35,0.7
26,1,28079024,42,1.33
26,1,28079027,42,1.43
26,1,28079055,42,1.55
26,1,28079024,44,0.24
26,1,28079027,44,0.24
26,1,28079055,44,0.2
26,10,28079004,01,6
26,10,28079017,01,3
26,10,28079018,01,2
26,10,28079024,01,1
26,10,28079035,01,7
26,10,28079036,01,2
26,10,28079038,01,4
26,10,28079040,01,7
26,10,28079057,01,5
26,10,28079004,06,0.4
26,10,28079016,06,0.3
26,10,28079018,06,0.3
26,10,28079024,06,0.2
26,10,28079035,06,0.3
26,10,28079036,06,0.3
26,10,28079039,06,0.2
26,10,28079056,06,0.2
26,10,28079057,06,0.3
26,10,28079004,07,11
26,10,28079011,07,6
26,10,28079016,07,6
26,10,28079017,07,11
26,10,28079018,07,2
26,10,28079024,07,1
26,10,28079027,07,6
26,10,28079035,07,23
26,10,28079036,07,7
26,10,28079038,07,16
26,10,28079039,07,5
26,10,28079040,07,6
26,10,28079047,07,5
26,10,28079048,07,9
26,10,28079049,07,2
26,10,28079054,07,9
26,10,28079055,07,3
26,10,28079056,07,18
26,10,28079057,07,6
26,10,28079058,07,2
26,10,28079059,07,3
26,10,28079060,07,1
26,10,28079004,08,40
26,10,28079011,08,45
26,10,28079016,08,31
26,10,28079017,08,28
26,10,28079018,08,15
26,10,28079024,08,2
26,10,28079027,08,23
26,10,28079035,08,47
26,10,28079036,08,19
26,10,28079038,08,35
26,10,28079039,08,21
26,10,28079040,08,27
26,10,28079047,08,24
26,10,28079048,08,28
26,10,28079049,08,18
26,10,28079054,08,24
26,10,28079055,08,16
26,10,28079056,08,41
26,10,28079057,08,24
26,10,28079058,08,5
26,10,28079059,08,10
26,10,28079060,08,15
26,10,28079024,09,1
26,10,28079038,09,3
26,10,28079047,09,2
26,10,28079048,09,1
26,10,28079018,10,20
26,10,28079024,10,2
26,10,28079036,10,4
26,10,28079038,10,5
26,10,28079040,10,4
26,10,28079047,10,5
26,10,28079048,10,4
26,10,28079055,10,4
26,10,28079057,10,9
26,10,28079060,10,4
26,10,28079016,14,45
26,10,28079017,14,47
26,10,28079018,14,53
26,10,28079024,14,69
26,10,28079027,14,64
26,10,28079035,14,33
26,10,28079039,14,60
26,10,28079049,14,55
26,10,28079054,14,45
26,10,28079056,14,42
26,10,28079058,14,73
26,10,28079059,14,52
26,10,28079060,14,62
26,10,28079011,20,3.9
26,10,28079018,20,0.6
26,10,28079024,20,0.4
26,10,28079038,20,2.2
26,10,28079055,20,0.6
26,10,28079011,30,1.7
26,10,28079018,30,0.2
26,10,28079024,30,0.4
26,10,28079038,30,0.6
26,10,28079055,30,0.1
26,10,28079011,35,0.3
26,10,28079018,35,1
26,10,28079024,35,0.4
26,10,28079038,35,0.4
26,10,28079055,35,1
26,10,28079024,42,1.31
26,10,28079027,42,1.22
26,10,28079055,42,1.43
26,10,28079024,44,0.25
26,10,28079027,44,0.14
26,10,28079055,44,0.13
26,11,28079004,01,7
26,11,28079017,01,3
26,11,28079018,01,2
26,11,28079024,01,1
26,11,28079035,01,7
26,11,28079036,01,4
26,11,28079038,01,4
26,11,28079040,01,8
26,11,28079057,01,5
26,11,28079004,06,0.4
26,11,28079016,06,0.3
26,11,28079018,06,0.3
26,11,28079024,06,0.2
26,11,28079035,06,0.3
26,11,28079036,06,0.3
26,11,28079039,06,0.2
26,11,28079056,06,0.3
26,11,28079057,06,0.3
26,11,28079004,07,21
26,11,28079011,07,15
26,11,28079016,07,8
26,11,28079017,07,9
26,11,28079018,07,3
26,11,28079024,07,1
26,11,28079027,07,8
26,11,28079035,07,17
26,11,28079036,07,13
26,11,28079038,07,16
26,11,28079039,07,15
26,11,28079040,07,13
26,11,28079047,07,5
26,11,28079048,07,11
26,11,28079049,07,3
26,11,28079054,07,10
26,11,28079055,07,4
26,11,28079056,07,39
26,11,28079057,07,5
26,11,28079058,07,2
26,11,28079059,07,2
26,11,28079060,07,2
26,11,28079004,08,57
26,11,28079011,08,65
26,11,28079016,08,38
26,11,28079017,08,28
26,11,28079018,08,18
26,11,28079024,08,4
26,11,28079027,08,26
26,11,28079035,08,42
26,11,28079036,08,29
26,11,28079038,08,39
26,11,28079039,08,36
26,11,28079040,08,38
26,11,28079047,08,24
26,11,28079048,08,33
26,11,28079049,08,23
26,11,28079054,08,25
26,11,28079055,08,20
26,11,28079056,08,58
26,11,28079057,08,22
26,11,28079058,08,6
26,11,28079059,08,3
26,11,28079060,08,20
26,11,28079024,09,4
26,11,28079038,09,5
26,11,28079047,09,5
26,11,28079048,09,5
26,11,28079018,10,22
26,11,28079024,10,5
26,11,28079036,10,7
26,11,28079038,10,10
26,11,28079040,10,13
26,11,28079047,10,11
26,11,28079048,10,10
26,11,28079055,10,6
26,11,28079057,10,6
26,11,28079060,10,3
26,11,28079016,14,43
26,11,28079017,14,47
26,11,28079018,14,53
26,11,28079024,14,66
26,11,28079027,14,68
26,11,28079035,14,39
26,11,28079039,14,45
26,11,28079049,14,54
26,11,28079054,14,46
26,11,28079056,14,35
26,11,28079058,14,62
26,11,28079059,14,58
26,11,28079060,14,64
26,11,28079011,20,4.6
26,11,28079018,20,0.6
26,11,28079024,20,0.4
26,11,28079038,20,1.7
26,11,28079055,20,0.4
26,11,28079011,30,1.9
26,11,28079018,30,0.2
26,11,28079024,30,0.4
26,11,28079038,30,0.5
26,11,28079055,30,0.2
26,11,28079011,35,0.5
26,11,28079018,35,1
26,11,28079024,35,0.3
26,11,28079038,35,0.2
26,11,28079055,35,1
26,11,28079024,42,1.32
26,11,28079027,42,1.23
26,11,28079055,42,1.44
26,11,28079024,44,0.25
26,11,28079027,44,0.14
26,11,28079055,44,0.13
26,12,28079004,01,7
26,12,28079017,01,3
26,12,28079018,01,2
26,12,28079024,01,1
26,12,28079035,01,7
26,12,28079036,01,17
26,12,28079038,01,5
26,12,28079040,01,7
26,12,28079057,01,5
26,12,28079004,06,0.3
26,12,28079016,06,0.3
26,12,28079018,06,0.3
26,12,28079024,06,0.2
26,12,28079035,06,0.4
26,12,28079036,06,0.5
26,12,28079039,06,0.3
26,12,28079056,06,0.3
26,12,28079057,06,0.3
26,12,28079004,07,21
26,12,28079011,07,13
26,12,28079016,07,4
26,12,28079017,07,14
26,12,28079018,07,7
26,12,28079024,07,1
26,12,28079027,07,8
26,12,28079035,07,15
26,12,28079036,07,11
26,12,28079038,07,21
26,12,28079039,07,8
26,12,28079040,07,11
26,12,28079047,07,10
26,12,28079048,07,12
26,12,28079049,07,3
26,12,28079054,07,19
26,12,28079055,07,9
26,12,28079056,07,19
26,12,28079057,07,5
26,12,28079058,07,5
26,12,28079059,07,4
26,12,28079060,07,1
26,12,28079004,08,53
26,12,28079011,08,54
26,12,28079016,08,24
26,12,28079017,08,33
26,12,28079018,08,31
26,12,28079024,08,6
26,12,28079027,08,31
26,12,28079035,08,44
26,12,28079036,08,25
26,12,28079038,08,45
26,12,28079039,08,31
26,12,28079040,08,35
26,12,28079047,08,32
26,12,28079048,08,35
26,12,28079049,08,27
26,12,28079054,08,34
26,12,28079055,08,31
26,12,28079056,08,43
26,12,28079057,08,21
26,12,28079058,08,14
26,12,28079059,08,9
26,12,28079060,08,9
26,12,28079024,09,3
26,12,28079038,09,3
26,12,28079047,09,6
26,12,28079048,09,2
26,12,28079018,10,14
26,12,28079024,10,5
26,12,28079036,10,15
26,12,28079038,10,9
26,12,28079040,10,11
26,12,28079047,10,19
26,12,28079048,10,6
26,12,28079055,10,23
26,12,28079057,10,7
26,12,28079060,10,4
26,12,28079016,14,59
26,12,28079017,14,42
26,12,28079018,14,42
26,12,28079024,14,66
26,12,28079027,14,58
26,12,28079035,14,48
26,12,28079039,14,59
26,12,28079049,14,61
26,12,28079054,14,44
26,12,28079056,14,39
26,12,28079058,14,61
26,12,28079059,14,51
26,12,28079060,14,88
26,12,28079011,20,5.3
26,12,28079018,20,1
26,12,28079024,20,0.5
26,12,28079038,20,1.9
26,12,28079055,20,0.4
26,12,28079011,30,2.4
26,12,28079018,30,0.2
26,12,28079024,30,0.4
26,12,28079038,30,0.6
26,12,28079055,30,0.2
26,12,28079011,35,0.5
26,12,28079018,35,1
26,12,28079024,35,0.5
26,12,28079038,35,0.3
26,12,28079055,35,1
26,12,28079024,42,1.32
26,12,28079027,42,1.34
26,12,28079055,42,1.58
26,12,28079024,44,0.25
26,12,28079027,44,0.16
26,12,28079055,44,0.16
26,13,28079004,01,5
26,13,28079017,01,3
26,13,28079018,01,2
26,13,28079024,01,1
26,13,28079035,01,5
26,13,28079036,01,29
26,13,28079038,01,7
26,13,28079040,01,5
26,13,28079057,01,5
26,13,28079004,06,0.4
26,13,28079016,06,0.2
26,13,28079018,06,0.3
26,13,28079024,06,0.2
26,13,28079035,06,0.4
26,13,28079036,06,0.5
26,13,28079039,06,0.2
26,13,28079056,06,0.3
26,13,28079057,06,0.3
26,13,28079004,07,19
26,13,28079011,07,9
26,13,28079016,07,3
26,13,28079017,07,8
26,13,28079018,07,7
26,13,28079024,07,2
26,13,28079027,07,4
26,13,28079035,07,18
26,13,28079036,07,9
26,13,28079038,07,19
26,13,28079039,07,4
26,13,28079040,07,11
26,13,28079047,07,10
26,13,28079048,07,12
26,13,28079049,07,5
26,13,28079054,07,14
26,13,28079055,07,6
26,13,28079056,07,18
26,13,28079057,07,6
26,13,28079058,07,3
26,13,28079059,07,2
26,13,28079060,07,2
26,13,28079004,08,50
26,13,28079011,08,53
26,13,28079016,08,19
26,13,28079017,08,25
26,13,28079018,08,26
26,13,28079024,08,7
26,13,28079027,08,15
26,13,28079035,08,41
26,13,28079036,08,22
26,13,28079038,08,44
26,13,28079039,08,22
26,13,28079040,08,34
26,13,28079047,08,27
26,13,28079048,08,35
26,13,28079049,08,27
26,13,28079054,08,24
26,13,28079055,08,20
26,13,28079056,08,38
26,13,28079057,08,23
26,13,28079058,08,5
26,13,28079059,08,4
26,13,28079060,08,19
26,13,28079024,09,2
26,13,28079038,09,19
26,13,28079047,09,7
26,13,28079048,09,22
26,13,28079018,10,8
26,13,28079024,10,6
26,13,28079036,10,9
26,13,28079038,10,21
26,13,28079040,10,12
26,13,28079047,10,8
26,13,28079048,10,47
26,13,28079055,10,3
26,13,28079057,10,15
26,13,28079060,10,50
26,13,28079016,14,62
26,13,28079017,14,57
26,13,28079018,14,53
26,13,28079024,14,73
26,13,28079027,14,78
26,13,28079035,14,45
26,13,28079039,14,75
26,13,28079049,14,56
26,13,28079054,14,64
26,13,28079056,14,50
26,13,28079058,14,75
26,13,28079059,14,65
26,13,28079060,14,74
26,13,28079011,20,3.8
26,13,28079018,20,1.4
26,13,28079024,20,0.4
26,13,28079038,20,2.1
26,13,28079055,20,0.8
26,13,28079011,30,1.6
26,13,28079018,30,0.3
26,13,28079024,30,0.4
26,13,28079038,30,0.5
26,13,28079055,30,0.2
26,13,28079011,35,0.3
26,13,28079018,35,0.7
26,13,28079024,35,0.5
26,13,28079038,35,0.4
26,13,28079055,35,1
26,13,28079024,42,1.33
26,13,28079027,42,1.22
26,13,28079055,42,1.43
26,13,28079024,44,0.26
26,13,28079027,44,0.14
26,13,28079055,44,0.14
26,14,28079004,01,5
26,14,28079017,01,3
26,14,28079018,01,3
26,14,28079024,01,2
26,14,28079035,01,4
26,14,28079036,01,17
26,14,28079038,01,6
26,14,28079040,01,6
26,14,28079057,01,5
26,14,28079004,06,0.3
26,14,28079016,06,0.2
26,14,28079018,06,0.3
26,14,28079024,06,0.2
26,14,28079035,06,0.4
26,14,28079036,06,0.3
26,14,28079039,06,0.3
26,14,28079056,06,0.3
26,14,28079057,06,0.3
26,14,28079004,07,15
26,14,28079011,07,3
26,14,28079016,07,3
26,14,28079017,07,5
26,14,28079018,07,7
26,14,28079024,07,5
26,14,28079027,07,9
26,14,28079035,07,18
26,14,28079036,07,7
26,14,28079038,07,13
26,14,28079039,07,8
26,14,28079040,07,9
26,14,28079047,07,7
26,14,28079048,07,8
26,14,28079049,07,3
26,14,28079054,07,12
26,14,28079055,07,7
26,14,28079056,07,30
26,14,28079057,07,6
26,14,28079058,07,4
26,14,28079059,07,2
26,14,28079060,07,1
26,14,28079004,08,45
26,14,28079011,08,38
26,14,28079016,08,14
26,14,28079017,08,22
26,14,28079018,08,29
26,14,28079024,08,19
26,14,28079027,08,27
26,14,28079035,08,39
26,14,28079036,08,18
26,14,28079038,08,39
26,14,28079039,08,32
26,14,28079040,08,27
26,14,28079047,08,24
26,14,28079048,08,29
26,14,28079049,08,24
26,14,28079054,08,22
26,14,28079055,08,24
26,14,28079056,08,55
26,14,28079057,08,18
26,14,28079058,08,9
26,14,28079059,08,2
26,14,28079060,08,14
26,14,28079024,09,2
26,14,28079038,09,1
26,14,28079047,09,4
26,14,28079048,09,1
26,14,28079018,10,6
26,14,28079024,10,6
26,14,28079036,10,5
26,14,28079038,10,6
26,14,28079040,10,6
26,14,28079047,10,7
26,14,28079048,10,4
26,14,28079055,10,5
26,14,28079057,10,5
26,14,28079060,10,19
26,14,28079016,14,68
26,14,28079017,14,68
26,14,28079018,14,61
26,14,28079024,14,70
26,14,28079027,14,70
26,14,28079035,14,58
26,14,28079039,14,67
26,14,28079049,14,71
26,14,28079054,14,68
26,14,28079056,14,50
26,14,28079058,14,78
26,14,28079059,14,69
26,14,28079060,14,81
26,14,28079011,20,4.1
26,14,28079018,20,1
26,14,28079024,20,0.5
26,14,28079038,20,2.3
26,14,28079055,20,0.3
26,14,28079011,30,1.7
26,14,28079018,30,0.2
26,14,28079024,30,0.4
26,14,28079038,30,0.7
26,14,28079055,30,0.2
26,14,28079011,35,0.4
26,14,28079018,35,0.7
26,14,28079024,35,0.3
26,14,28079038,35,0.5
26,14,28079055,35,1
26,14,28079024,42,1.36
26,14,28079027,42,1.23
26,14,28079055,42,1.44
26,14,28079024,44,0.28
26,14,28079027,44,0.13
26,14,28079055,44,0.14
26,15,28079004,01,4
26,15,28079017,01,4
26,15,28079018,01,2
26,15,28079024,01,2
26,15,28079035,01,5
26,15,28079036,01,4
26,15,28079038,01,6
26,15,28079040,01,5
26,15,28079057,01,5
26,15,28079004,06,0.4
26,15,28079016,06,0.3
26,15,28079018,06,0.3
26,15,28079024,06,0.2
26,15,28079035,06,0.4
26,15,28079036,06,0.3
26,15,28079039,06,0.3
26,15,28079056,06,0.3
26,15,28079057,06,0.3
26,15,28079004,07,16
26,15,28079011,07,10
26,15,28079016,07,9
26,15,28079017,07,10
26,15,28079018,07,6
26,15,28079024,07,5
26,15,28079027,07,3
26,15,28079035,07,16
26,15,28079036,07,11
26,15,28079038,07,19
26,15,28079039,07,15
26,15,28079040,07,15
26,15,28079047,07,5
26,15,28079048,07,17
26,15,28079049,07,4
26,15,28079054,07,14
26,15,28079055,07,4
26,15,28079056,07,30
26,15,28079057,07,9
26,15,28079058,07,4
26,15,28079059,07,3
26,15,28079060,07,4
26,15,28079004,08,49
26,15,28079011,08,59
26,15,28079016,08,37
26,15,28079017,08,33
26,15,28079018,08,31
26,15,28079024,08,21
26,15,28079027,08,14
26,15,28079035,08,41
26,15,28079036,08,31
26,15,28079038,08,48
26,15,28079039,08,50
26,15,28079040,08,37
26,15,28079047,08,20
26,15,28079048,08,46
26,15,28079049,08,26
26,15,28079054,08,26
26,15,28079055,08,15
26,15,28079056,08,56
26,15,28079057,08,24
26,15,28079058,08,8
26,15,28079059,08,8
26,15,28079060,08,25
26,15,28079024,09,5
26,15,28079038,09,9
26,15,28079047,09,5
26,15,28079048,09,13
26,15,28079018,10,9
26,15,28079024,10,8
26,15,28079036,10,12
26,15,28079038,10,12
26,15,28079040,10,8
26,15,28079047,10,7
26,15,28079048,10,29
26,15,28079055,10,3
26,15,28079057,10,3
26,15,28079060,10,6
26,15,28079016,14,55
26,15,28079017,14,58
26,15,28079018,14,58
26,15,28079024,14,69
26,15,28079027,14,84
26,15,28079035,14,55
26,15,28079039,14,52
26,15,28079049,14,67
26,15,28079054,14,65
26,15,28079056,14,47
26,15,28079058,14,80
26,15,28079059,14,69
26,15,28079060,14,70
26,15,28079011,20,3.1
26,15,28079018,20,0.7
26,15,28079024,20,0.9
26,15,28079038,20,2.4
26,15,28079055,20,0.2
26,15,28079011,30,1.3
26,15,28079018,30,0.2
26,15,28079024,30,0.5
26,15,28079038,30,0.6
26,15,28079055,30,0.2
26,15,28079011,35,0.4
26,15,28079018,35,0.4
26,15,28079024,35,0.5
26,15,28079038,35,0.5
26,15,28079055,35,1
26,15,28079024,42,1.36
26,15,28079027,42,1.21
26,15,28079055,42,1.42
26,15,28079024,44,0.28
26,15,28079027,44,0.13
26,15,28079055,44,0.13
26,16,28079004,01,3
26,16,28079017,01,3
26,16,28079018,01,2
26,16,28079024,01,1
26,16,28079035,01,4
26,16,28079036,01,12
26,16,28079038,01,4
26,16,28079040,01,5
26,16,28079057,01,6
26,16,28079004,06,0.3
26,16,28079016,06,0.3
26,16,28079018,06,0.3
26,16,28079024,06,0.2
26,16,28079035,06,0.3
26,16,28079036,06,0.4
26,16,28079039,06,0.3
26,16,28079056,06,0.3
26,16,28079057,06,0.3
26,16,28079004,07,9
26,16,28079011,07,6
26,16,28079016,07,8
26,16,28079017,07,5
26,16,28079018,07,2
26,16,28079024,07,1
26,16,28079027,07,2
26,16,28079035,07,8
26,16,28079036,07,7
26,16,28079038,07,7
26,16,28079039,07,10
26,16,28079040,07,6
26,16,28079047,07,3
26,16,28079048,07,8
26,16,28079049,07,2
26,16,28079054,07,8
26,16,28079055,07,4
26,16,28079056,07,10
26,16,28079057,07,7
26,16,28079058,07,3
26,16,28079059,07,3
26,16,28079060,07,5
26,16,28079004,08,28
26,16,28079011,08,56
26,16,28079016,08,37
26,16,28079017,08,19
26,16,28079018,08,18
26,16,28079024,08,3
26,16,28079027,08,10
26,16,28079035,08,24
26,16,28079036,08,24
26,16,28079038,08,26
26,16,28079039,08,40
26,16,28079040,08,28
26,16,28079047,08,12
26,16,28079048,08,31
26,16,28079049,08,18
26,16,28079054,08,17
26,16,28079055,08,20
26,16,28079056,08,27
26,16,28079057,08,33
26,16,28079058,08,6
26,16,28079059,08,10
26,16,28079060,08,32
26,16,28079024,09,3
26,16,28079038,09,6
26,16,28079047,09,4
26,16,28079048,09,5
26,16,28079018,10,5
26,16,28079024,10,5
26,16,28079036,10,16
26,16,28079038,10,7
26,16,28079040,10,12
26,16,28079047,10,4
26,16,28079048,10,19
26,16,28079055,10,4
26,16,28079057,10,11
26,16,28079060,10,19
26,16,28079016,14,51
26,16,28079017,14,70
26,16,28079018,14,67
26,16,28079024,14,84
26,16,28079027,14,89
26,16,28079035,14,68
26,16,28079039,14,56
26,16,28079049,14,72
26,16,28079054,14,55
26,16,28079056,14,38
26,16,28079058,14,83
26,16,28079059,14,67
26,16,28079060,14,64
26,16,28079011,20,5.2
26,16,28079018,20,1
26,16,28079024,20,0.9
26,16,28079038,20,2.2
26,16,28079055,20,0.3
26,16,28079011,30,2.2
26,16,28079018,30,0.3
26,16,28079024,30,0.4
26,16,28079038,30,0.5
26,16,28079055,30,0.2
26,16,28079011,35,0.7
26,16,28079018,35,0.6
26,16,28079024,35,0.4
26,16,28079038,35,0.5
26,16,28079055,35,1
26,16,28079024,42,1.32
26,16,28079027,42,1.21
26,16,28079055,42,1.43
26,16,28079024,44,0.25
26,16,28079027,44,0.13
26,16,28079055,44,0.13
26,17,28079004,01,4
26,17,28079017,01,3
26,17,28079018,01,2
26,17,28079024,01,1
26,17,28079035,01,4
26,17,28079036,01,34
26,17,28079038,01,6
26,17,28079040,01,5
26,17,28079057,01,5
26,17,28079004,06,0.3
26,17,28079016,06,0.3
26,17,28079018,06,0.3
26,17,28079024,06,0.2
26,17,28079035,06,0.3
26,17,28079036,06,0.6
26,17,28079039,06,0.3
26,17,28079056,06,0.2
26,17,28079057,06,0.3
26,17,28079004,07,8
26,17,28079011,07,1
26,17,28079016,07,2
26,17,28079017,07,8
26,17,28079018,07,2
26,17,28079024,07,1
26,17,28079027,07,1
26,17,28079035,07,11
26,17,28079036,07,3
26,17,28079038,07,9
26,17,28079039,07,5
26,17,28079040,07,4
26,17,28079047,07,3
26,17,28079048,07,5
26,17,28079049,07,2
26,17,28079054,07,11
26,17,28079055,07,2
26,17,28079056,07,6
26,17,28079057,07,2
26,17,28079058,07,3
26,17,28079059,07,2
26,17,28079060,07,1
26,17,28079004,08,30
26,17,28079011,08,38
26,17,28079016,08,19
26,17,28079017,08,24
26,17,28079018,08,23
26,17,28079024,08,5
26,17,28079027,08,5
26,17,28079035,08,28
26,17,28079036,08,17
26,17,28079038,08,40
26,17,28079039,08,39
26,17,28079040,08,30
26,17,28079047,08,17
26,17,28079048,08,33
26,17,28079049,08,24
26,17,28079054,08,24
26,17,28079055,08,14
26,17,28079056,08,32
26,17,28079057,08,18
26,17,28079058,08,9
26,17,28079059,08,4
26,17,28079060,08,21
26,17,28079024,09,6
26,17,28079038,09,5
26,17,28079047,09,5
26,17,28079048,09,10
26,17,28079018,10,10
26,17,28079024,10,9
26,17,28079036,10,4
26,17,28079038,10,8
26,17,28079040,10,6
26,17,28079047,10,9
26,17,28079048,10,8
26,17,28079055,10,6
26,17,28079057,10,6
26,17,28079060,10,4
26,17,28079016,14,65
26,17,28079017,14,63
26,17,28079018,14,59
26,17,28079024,14,79
26,17,28079027,14,91
26,17,28079035,14,62
26,17,28079039,14,58
26,17,28079049,14,65
26,17,28079054,14,64
26,17,28079056,14,59
26,17,28079058,14,79
26,17,28079059,14,72
26,17,28079060,14,76
26,17,28079011,20,4.2
26,17,28079018,20,1.6
26,17,28079024,20,0.4
26,17,28079038,20,1.9
26,17,28079055,20,0.4
26,17,28079011,30,1.6
26,17,28079018,30,0.2
26,17,28079024,30,0.4
26,17,28079038,30,0.5
26,17,28079055,30,0.2
26,17,28079011,35,0.4
26,17,28079018,35,1
26,17,28079024,35,0.5
26,17,28079038,35,0.4
26,17,28079055,35,1
26,17,28079024,42,1.33
26,17,28079027,42,1.2
26,17,28079055,42,1.42
26,17,28079024,44,0.26
26,17,28079027,44,0.13
26,17,28079055,44,0.13
26,18,28079004,01,5
26,18,28079017,01,4
26,18,28079018,01,4
26,18,28079024,01,1
26,18,28079035,01,6
26,18,28079036,01,38
26,18,28079038,01,7
26,18,28079040,01,5
26,18,28079057,01,5
26,18,28079004,06,0.4
26,18,28079016,06,0.4
26,18,28079018,06,0.3
26,18,28079024,06,0.2
26,18,28079035,06,0.4
26,18,28079036,06,0.7
26,18,28079039,06,0.3
26,18,28079056,06,0.4
26,18,28079057,06,0.3
26,18,28079004,07,17
26,18,28079011,07,3
26,18,28079016,07,13
26,18,28079017,07,12
26,18,28079018,07,4
26,18,28079024,07,1
26,18,28079027,07,2
26,18,28079035,07,7
26,18,28079036,07,9
26,18,28079038,07,21
26,18,28079039,07,8
26,18,28079040,07,5
26,18,28079047,07,3
26,18,28079048,07,2
26,18,28079049,07,2
26,18,28079054,07,12
26,18,28079055,07,3
26,18,28079056,07,39
26,18,28079057,07,5
26,18,28079058,07,5
26,18,28079059,07,1
26,18,28079060,07,2
26,18,28079004,08,62
26,18,28079011,08,43
26,18,28079016,08,46
26,18,28079017,08,46
26,18,28079018,08,49
26,18,28079024,08,11
26,18,28079027,08,20
26,18,28079035,08,39
26,18,28079036,08,27
26,18,28079038,08,62
26,18,28079039,08,52
26,18,28079040,08,46
26,18,28079047,08,36
26,18,28079048,08,37
26,18,28079049,08,29
26,18,28079054,08,33
26,18,28079055,08,27
26,18,28079056,08,78
26,18,28079057,08,39
26,18,28079058,08,24
26,18,28079059,08,8
26,18,28079060,08,39
26,18,28079024,09,5
26,18,28079038,09,12
26,18,28079047,09,6
26,18,28079048,09,1
26,18,28079018,10,10
26,18,28079024,10,9
26,18,28079036,10,10
26,18,28079038,10,13
26,18,28079040,10,10
26,18,28079047,10,10
26,18,28079048,10,4
26,18,28079055,10,12
26,18,28079057,10,7
26,18,28079060,10,12
26,18,28079016,14,44
26,18,28079017,14,42
26,18,28079018,14,39
26,18,28079024,14,71
26,18,28079027,14,73
26,18,28079035,14,48
26,18,28079039,14,48
26,18,28079049,14,54
26,18,28079054,14,55
26,18,28079056,14,24
26,18,28079058,14,60
26,18,28079059,14,63
26,18,28079060,14,57
26,18,28079011,20,3.2
26,18,28079018,20,2.1
26,18,28079024,20,0.4
26,18,28079038,20,2.3
26,18,28079055,20,0.6
26,18,28079011,30,1.3
26,18,28079018,30,0.3
26,18,28079024,30,0.5
26,18,28079038,30,0.5
26,18,28079055,30,0.2
26,18,28079011,35,0.3
26,18,28079018,35,1
26,18,28079024,35,0.4
26,18,28079038,35,0.4
26,18,28079055,35,1
26,18,28079024,42,1.33
26,18,28079027,42,1.24
26,18,28079055,42,1.44
26,18,28079024,44,0.26
26,18,28079027,44,0.15
26,18,28079055,44,0.15
26,19,28079004,01,6
26,19,28079017,01,4
26,19,28079018,01,4
26,19,28079024,01,1
26,19,28079035,01,9
26,19,28079036,01,8
26,19,28079038,01,8
26,19,28079040,01,7
26,19,28079057,01,6
26,19,28079004,06,0.5
26,19,28079016,06,1.1
26,19,28079018,06,0.3
26,19,28079024,06,0.2
26,19,28079035,06,0.5
26,19,28079036,06,0.6
26,19,28079039,06,0.4
26,19,28079056,06,0.4
26,19,28079057,06,0.5
26,19,28079004,07,37
26,19,28079011,07,28
26,19,28079016,07,52
26,19,28079017,07,13
26,19,28079018,07,5
26,19,28079024,07,1
26,19,28079027,07,5
26,19,28079035,07,14
26,19,28079036,07,51
26,19,28079038,07,39
26,19,28079039,07,24
26,19,28079040,07,28
26,19,28079047,07,13
26,19,28079048,07,36
26,19,28079049,07,2
26,19,28079054,07,23
26,19,28079055,07,8
26,19,28079056,07,32
26,19,28079057,07,34
26,19,28079058,07,12
26,19,28079059,07,4
26,19,28079060,07,5
26,19,28079004,08,88
26,19,28079011,08,86
26,19,28079016,08,105
26,19,28079017,08,54
26,19,28079018,08,51
26,19,28079024,08,15
26,19,28079027,08,56
26,19,28079035,08,70
26,19,28079036,08,68
26,19,28079038,08,87
26,19,28079039,08,71
26,19,28079040,08,93
26,19,28079047,08,64
26,19,28079048,08,86
26,19,28079049,08,47
26,19,28079054,08,70
26,19,28079055,08,65
26,19,28079056,08,78
26,19,28079057,08,96
26,19,28079058,08,46
26,19,28079059,08,40
26,19,28079060,08,59
26,19,28079024,09,7
26,19,28079038,09,17
26,19,28079047,09,10
26,19,28079048,09,42
26,19,28079018,10,16
26,19,28079024,10,12
26,19,28079036,10,41
26,19,28079038,10,18
26,19,28079040,10,20
26,19,28079047,10,14
26,19,28079048,10,77
26,19,28079055,10,17
26,19,28079057,10,18
26,19,28079060,10,53
26,19,28079016,14,8
26,19,28079017,14,33
26,19,28079018,14,32
26,19,28079024,14,64
26,19,28079027,14,41
26,19,28079035,14,11
26,19,28079039,14,27
26,19,28079049,14,29
26,19,28079054,14,19
26,19,28079056,14,23
26,19,28079058,14,32
26,19,28079059,14,35
26,19,28079060,14,32
26,19,28079011,20,4.9
26,19,28079018,20,1.8
26,19,28079024,20,0.5
26,19,28079038,20,4.3
26,19,28079055,20,0.9
26,19,28079011,30,2.1
26,19,28079018,30,0.3
26,19,28079024,30,0.5
26,19,28079038,30,1.3
26,19,28079055,30,0.3
26,19,28079011,35,0.6
26,19,28079018,35,0.3
26,19,28079024,35,0.3
26,19,28079038,35,0.9
26,19,28079055,35,1
26,19,28079024,42,1.34
26,19,28079027,42,1.26
26,19,28079055,42,1.46
26,19,28079024,44,0.26
26,19,28079027,44,0.16
26,19,28079055,44,0.16
26,2,28079004,01,3
26,2,28079017,01,3
26,2,28079018,01,2
26,2,28079024,01,1
26,2,28079035,01,3
26,2,28079036,01,1
26,2,28079038,01,3
26,2,28079040,01,5
26,2,28079057,01,5
26,2,28079004,06,0.3
26,2,28079016,06,0.4
26,2,28079018,06,0.2
26,2,28079024,06,0.2
26,2,28079035,06,0.3
26,2,28079036,06,0.3
26,2,28079039,06,0.2
26,2,28079056,06,0.2
26,2,28079057,06,0.3
26,2,28079004,07,11
26,2,28079011,07,1
26,2,28079016,07,12
26,2,28079017,07,2
26,2,28079018,07,2
26,2,28079024,07,1
26,2,28079027,07,8
26,2,28079035,07,6
26,2,28079036,07,3
26,2,28079038,07,9
26,2,28079039,07,2
26,2,28079040,07,2
26,2,28079047,07,1
26,2,28079048,07,7
26,2,28079049,07,2
26,2,28079050,07,16
26,2,28079054,07,4
26,2,28079055,07,21
26,2,28079056,07,10
26,2,28079057,07,2
26,2,28079058,07,1
26,2,28079059,07,3
26,2,28079060,07,1
26,2,28079004,08,25
26,2,28079011,08,28
26,2,28079016,08,50
26,2,28079017,08,12
26,2,28079018,08,17
26,2,28079024,08,6
26,2,28079027,08,51
26,2,28079035,08,25
26,2,28079036,08,22
26,2,28079038,08,28
26,2,28079039,08,23
26,2,28079040,08,19
26,2,28079047,08,22
26,2,28079048,08,28
26,2,28079049,08,27
26,2,28079050,08,27
26,2,28079054,08,17
26,2,28079055,08,51
26,2,28079056,08,29
26,2,28079057,08,21
26,2,28079058,08,2
26,2,28079059,08,18
26,2,28079060,08,19
26,2,28079024,09,6
26,2,28079038,09,6
26,2,28079047,09,6
26,2,28079048,09,4
26,2,28079050,09,7
26,2,28079018,10,8
26,2,28079024,10,6
26,2,28079036,10,7
26,2,28079038,10,6
26,2,28079040,10,6
26,2,28079047,10,8
26,2,28079048,10,9
26,2,28079050,10,10
26,2,28079055,10,9
26,2,28079057,10,6
26,2,28079060,10,9
26,2,28079016,14,13
26,2,28079017,14,41
26,2,28079018,14,35
26,2,28079024,14,47
26,2,28079027,14,7
26,2,28079035,14,29
26,2,28079039,14,26
26,2,28079049,14,19
26,2,28079054,14,32
26,2,28079056,14,31
26,2,28079058,14,47
26,2,28079059,14,27
26,2,28079060,14,33
26,2,28079011,20,5
26,2,28079018,20,0.6
26,2,28079024,20,0.4
26,2,28079038,20,1.7
26,2,28079055,20,2.3
26,2,28079011,30,1.8
26,2,28079018,30,0.2
26,2,28079024,30,0.5
26,2,28079038,30,0.5
26,2,28079055,30,0.5
26,2,28079011,35,0.2
26,2,28079018,35,1
26,2,28079024,35,0.4
26,2,28079038,35,0.3
26,2,28079055,35,0.3
26,2,28079024,42,1.33
26,2,28079027,42,1.51
26,2,28079055,42,1.57
26,2,28079024,44,0.24
26,2,28079027,44,0.26
26,2,28079055,44,0.21
26,20,28079004,01,10
26,20,28079017,01,5
26,20,28079018,01,4
26,20,28079024,01,1
26,20,28079035,01,11
26,20,28079036,01,12
26,20,28079038,01,8
26,20,28079040,01,12
26,20,28079057,01,8
26,20,28079004,06,0.6
26,20,28079016,06,0.7
26,20,28079018,06,0.6
26,20,28079024,06,0.2
26,20,28079035,06,0.6
26,20,28079036,06,0.7
26,20,28079039,06,0.5
26,20,28079056,06,0.5
26,20,28079057,06,0.5
26,20,28079004,07,69
26,20,28079011,07,55
26,20,28079016,07,48
26,20,28079017,07,34
26,20,28079018,07,10
26,20,28079024,07,1
26,20,28079027,07,10
26,20,28079035,07,53
26,20,28079036,07,78
26,20,28079038,07,48
26,20,28079039,07,44
26,20,28079040,07,39
26,20,28079047,07,20
26,20,28079048,07,24
26,20,28079049,07,4
26,20,28079054,07,49
26,20,28079055,07,40
26,20,28079056,07,72
26,20,28079057,07,50
26,20,28079058,07,7
26,20,28079059,07,3
26,20,28079060,07,6
26,20,28079004,08,114
26,20,28079011,08,100
26,20,28079016,08,111
26,20,28079017,08,86
26,20,28079018,08,76
26,20,28079024,08,25
26,20,28079027,08,65
26,20,28079035,08,97
26,20,28079036,08,82
26,20,28079038,08,98
26,20,28079039,08,95
26,20,28079040,08,95
26,20,28079047,08,75
26,20,28079048,08,81
26,20,28079049,08,68
26,20,28079054,08,94
26,20,28079055,08,99
26,20,28079056,08,106
26,20,28079057,08,108
26,20,28079058,08,32
26,20,28079059,08,35
26,20,28079060,08,69
26,20,28079024,09,6
26,20,28079038,09,12
26,20,28079047,09,9
26,20,28079048,09,15
26,20,28079018,10,15
26,20,28079024,10,9
26,20,28079036,10,27
26,20,28079038,10,16
26,20,28079040,10,18
26,20,28079047,10,13
26,20,28079048,10,20
26,20,28079055,10,22
26,20,28079057,10,24
26,20,28079060,10,22
26,20,28079016,14,4
26,20,28079017,14,13
26,20,28079018,14,14
26,20,28079024,14,33
26,20,28079027,14,30
26,20,28079035,14,4
26,20,28079039,14,9
26,20,28079049,14,12
26,20,28079054,14,7
26,20,28079056,14,11
26,20,28079058,14,30
26,20,28079059,14,34
26,20,28079060,14,19
26,20,28079011,20,6.3
26,20,28079018,20,1.9
26,20,28079024,20,0.5
26,20,28079038,20,4.4
26,20,28079055,20,1.1
26,20,28079011,30,3
26,20,28079018,30,0.5
26,20,28079024,30,0.5
26,20,28079038,30,1.3
26,20,28079055,30,0.6
26,20,28079011,35,1.1
26,20,28079018,35,0.6
26,20,28079024,35,0.4
26,20,28079038,35,0.9
26,20,28079055,35,1
26,20,28079024,42,1.35
26,20,28079027,42,1.27
26,20,28079055,42,1.51
26,20,28079024,44,0.26
26,20,28079027,44,0.16
26,20,28079055,44,0.18
26,21,28079004,01,14
26,21,28079017,01,5
26,21,28079018,01,6
26,21,28079024,01,2
26,21,28079035,01,12
26,21,28079036,01,20
26,21,28079038,01,9
26,21,28079040,01,13
26,21,28079057,01,7
26,21,28079004,06,0.9
26,21,28079016,06,0.7
26,21,28079018,06,0.6
26,21,28079024,06,0.3
26,21,28079035,06,0.7
26,21,28079036,06,1
26,21,28079039,06,0.8
26,21,28079056,06,0.8
26,21,28079057,06,0.5
26,21,28079004,07,123
26,21,28079011,07,120
26,21,28079016,07,56
26,21,28079017,07,39
26,21,28079018,07,36
26,21,28079024,07,1
26,21,28079027,07,11
26,21,28079035,07,55
26,21,28079036,07,149
26,21,28079038,07,59
26,21,28079039,07,91
26,21,28079040,07,71
26,21,28079047,07,42
26,21,28079048,07,46
26,21,28079049,07,8
26,21,28079054,07,83
26,21,28079055,07,6
26,21,28079056,07,195
26,21,28079057,07,45
26,21,28079058,07,8
26,21,28079059,07,4
26,21,28079060,07,65
26,21,28079004,08,128
26,21,28079011,08,121
26,21,28079016,08,108
26,21,28079017,08,94
26,21,28079018,08,99
26,21,28079024,08,45
26,21,28079027,08,69
26,21,28079035,08,97
26,21,28079036,08,101
26,21,28079038,08,101
26,21,28079039,08,113
26,21,28079040,08,110
26,21,28079047,08,91
26,21,28079048,08,92
26,21,28079049,08,72
26,21,28079054,08,103
26,21,28079055,08,63
26,21,28079056,08,144
26,21,28079057,08,101
26,21,28079058,08,37
26,21,28079059,08,43
26,21,28079060,08,103
26,21,28079024,09,7
26,21,28079038,09,12
26,21,28079047,09,14
26,21,28079048,09,7
26,21,28079018,10,20
26,21,28079024,10,10
26,21,28079036,10,34
26,21,28079038,10,20
26,21,28079040,10,23
26,21,28079047,10,19
26,21,28079048,10,9
26,21,28079055,10,14
26,21,28079057,10,20
26,21,28079060,10,30
26,21,28079016,14,4
26,21,28079017,14,6
26,21,28079018,14,4
26,21,28079024,14,33
26,21,28079027,14,23
26,21,28079035,14,3
26,21,28079039,14,4
26,21,28079049,14,4
26,21,28079054,14,5
26,21,28079056,14,4
26,21,28079058,14,21
26,21,28079059,14,26
26,21,28079060,14,5
26,21,28079011,20,7.3
26,21,28079018,20,2.7
26,21,28079024,20,0.6
26,21,28079038,20,5.1
26,21,28079055,20,0.9
26,21,28079011,30,3.8
26,21,28079018,30,0.6
26,21,28079024,30,0.5
26,21,28079038,30,1.5
26,21,28079055,30,0.5
26,21,28079011,35,1.6
26,21,28079018,35,0.2
26,21,28079024,35,0.5
26,21,28079038,35,0.9
26,21,28079055,35,1
26,21,28079024,42,1.36
26,21,28079027,42,1.27
26,21,28079055,42,1.49
26,21,28079024,44,0.28
26,21,28079027,44,0.17
26,21,28079055,44,0.17
26,22,28079004,01,11
26,22,28079017,01,6
26,22,28079018,01,8
26,22,28079024,01,2
26,22,28079035,01,10
26,22,28079036,01,14
26,22,28079038,01,8
26,22,28079040,01,10
26,22,28079057,01,11
26,22,28079004,06,0.7
26,22,28079016,06,0.9
26,22,28079018,06,0.7
26,22,28079024,06,0.3
26,22,28079035,06,0.7
26,22,28079036,06,1.2
26,22,28079039,06,0.9
26,22,28079056,06,1
26,22,28079057,06,0.9
26,22,28079004,07,98
26,22,28079011,07,108
26,22,28079016,07,100
26,22,28079017,07,94
26,22,28079018,07,52
26,22,28079024,07,16
26,22,28079027,07,38
26,22,28079035,07,51
26,22,28079036,07,182
26,22,28079038,07,61
26,22,28079039,07,123
26,22,28079040,07,79
26,22,28079047,07,153
26,22,28079048,07,41
26,22,28079049,07,25
26,22,28079054,07,203
26,22,28079055,07,51
26,22,28079056,07,281
26,22,28079057,07,173
26,22,28079058,07,5
26,22,28079059,07,7
26,22,28079060,07,93
26,22,28079004,08,121
26,22,28079011,08,114
26,22,28079016,08,115
26,22,28079017,08,105
26,22,28079018,08,103
26,22,28079024,08,60
26,22,28079027,08,86
26,22,28079035,08,95
26,22,28079036,08,108
26,22,28079038,08,108
26,22,28079039,08,123
26,22,28079040,08,113
26,22,28079047,08,115
26,22,28079048,08,90
26,22,28079049,08,78
26,22,28079054,08,118
26,22,28079055,08,91
26,22,28079056,08,173
26,22,28079057,08,146
26,22,28079058,08,33
26,22,28079059,08,47
26,22,28079060,08,113
26,22,28079024,09,9
26,22,28079038,09,11
26,22,28079047,09,21
26,22,28079048,09,13
26,22,28079018,10,23
26,22,28079024,10,12
26,22,28079036,10,39
26,22,28079038,10,18
26,22,28079040,10,22
26,22,28079047,10,32
26,22,28079048,10,14
26,22,28079055,10,18
26,22,28079057,10,33
26,22,28079060,10,20
26,22,28079016,14,4
26,22,28079017,14,5
26,22,28079018,14,4
26,22,28079024,14,19
26,22,28079027,14,11
26,22,28079035,14,2
26,22,28079039,14,4
26,22,28079049,14,3
26,22,28079054,14,4
26,22,28079056,14,4
26,22,28079058,14,20
26,22,28079059,14,17
26,22,28079060,14,5
26,22,28079011,20,8.1
26,22,28079018,20,3
26,22,28079024,20,0.9
26,22,28079038,20,5.2
26,22,28079055,20,2.2
26,22,28079011,30,4
26,22,28079018,30,0.6
26,22,28079024,30,0.6
26,22,28079038,30,1.6
26,22,28079055,30,0.8
26,22,28079011,35,2
26,22,28079018,35,0.2
26,22,28079024,35,0.6
26,22,28079038,35,1.1
26,22,28079055,35,0.7
26,22,28079024,42,1.39
26,22,28079027,42,1.35
26,22,28079055,42,1.58
26,22,28079024,44,0.28
26,22,28079027,44,0.21
26,22,28079055,44,0.23
26,23,28079004,01,15
26,23,28079017,01,8
26,23,28079018,01,7
26,23,28079024,01,3
26,23,28079035,01,14
26,23,28079036,01,12
26,23,28079038,01,8
26,23,28079040,01,11
26,23,28079057,01,10
26,23,28079004,06,1.3
26,23,28079016,06,0.9
26,23,28079018,06,0.9
26,23,28079024,06,0.4
26,23,28079035,06,0.8
26,23,28079036,06,1.3
26,23,28079039,06,1.2
26,23,28079056,06,0.9
26,23,28079057,06,0.9
26,23,28079004,07,248
26,23,28079011,07,133
26,23,28079016,07,109
26,23,28079017,07,207
26,23,28079018,07,76
26,23,28079024,07,28
26,23,28079027,07,90
26,23,28079035,07,68
26,23,28079036,07,191
26,23,28079038,07,63
26,23,28079039,07,187
26,23,28079040,07,97
26,23,28079047,07,179
26,23,28079048,07,60
26,23,28079049,07,16
26,23,28079054,07,384
26,23,28079055,07,125
26,23,28079056,07,299
26,23,28079057,07,98
26,23,28079058,07,6
26,23,28079059,07,64
26,23,28079060,07,106
26,23,28079004,08,159
26,23,28079011,08,120
26,23,28079016,08,115
26,23,28079017,08,124
26,23,28079018,08,105
26,23,28079024,08,85
26,23,28079027,08,101
26,23,28079035,08,101
26,23,28079036,08,113
26,23,28079038,08,105
26,23,28079039,08,138
26,23,28079040,08,117
26,23,28079047,08,122
26,23,28079048,08,96
26,23,28079049,08,72
26,23,28079054,08,154
26,23,28079055,08,107
26,23,28079056,08,174
26,23,28079057,08,119
26,23,28079058,08,35
26,23,28079059,08,68
26,23,28079060,08,110
26,23,28079024,09,11
26,23,28079038,09,15
26,23,28079047,09,26
26,23,28079048,09,14
26,23,28079018,10,24
26,23,28079024,10,16
26,23,28079036,10,32
26,23,28079038,10,20
26,23,28079040,10,28
26,23,28079047,10,39
26,23,28079048,10,24
26,23,28079055,10,24
26,23,28079057,10,28
26,23,28079060,10,22
26,23,28079016,14,4
26,23,28079017,14,5
26,23,28079018,14,4
26,23,28079024,14,4
26,23,28079027,14,6
26,23,28079035,14,1
26,23,28079039,14,4
26,23,28079049,14,3
26,23,28079054,14,5
26,23,28079056,14,4
26,23,28079058,14,14
26,23,28079059,14,6
26,23,28079060,14,6
26,23,28079011,20,8.4
26,23,28079018,20,3.7
26,23,28079024,20,1.1
26,23,28079038,20,6.8
26,23,28079055,20,3.1
26,23,28079011,30,4
26,23,28079018,30,0.9
26,23,28079024,30,0.7
26,23,28079038,30,2.1
26,23,28079055,30,1
26,23,28079011,35,2.2
26,23,28079018,35,0.3
26,23,28079024,35,0.6
26,23,28079038,35,1.3
26,23,28079055,35,0.5
26,23,28079024,42,1.43
26,23,28079027,42,1.5
26,23,28079055,42,1.71
26,23,28079024,44,0.3
26,23,28079027,44,0.32
26,23,28079055,44,0.32
26,24,28079004,01,12
26,24,28079017,01,7
26,24,28079018,01,10
26,24,28079024,01,2
26,24,28079035,01,14
26,24,28079036,01,11
26,24,28079038,01,5
26,24,28079040,01,9
26,24,28079057,01,11
26,24,28079004,06,1.2
26,24,28079016,06,1.1
26,24,28079018,06,1.3
26,24,28079024,06,0.3
26,24,28079035,06,0.8
26,24,28079036,06,1.1
26,24,28079039,06,1.7
26,24,28079056,06,1.2
26,24,28079057,06,1
26,24,28079004,07,231
26,24,28079011,07,81
26,24,28079016,07,163
26,24,28079017,07,181
26,24,28079018,07,147
26,24,28079024,07,5
26,24,28079027,07,98
26,24,28079035,07,67
26,24,28079036,07,173
26,24,28079038,07,20
26,24,28079039,07,296
26,24,28079040,07,72
26,24,28079047,07,214
26,24,28079048,07,27
26,24,28079049,07,101
26,24,28079054,07,157
26,24,28079055,07,210
26,24,28079056,07,354
26,24,28079057,07,162
26,24,28079058,07,4
26,24,28079059,07,95
26,24,28079060,07,123
26,24,28079004,08,140
26,24,28079011,08,99
26,24,28079016,08,129
26,24,28079017,08,111
26,24,28079018,08,117
26,24,28079024,08,55
26,24,28079027,08,95
26,24,28079035,08,92
26,24,28079036,08,103
26,24,28079038,08,71
26,24,28079039,08,161
26,24,28079040,08,107
26,24,28079047,08,125
26,24,28079048,08,75
26,24,28079049,08,88
26,24,28079054,08,98
26,24,28079055,08,127
26,24,28079056,08,183
26,24,28079057,08,137
26,24,28079058,08,29
26,24,28079059,08,75
26,24,28079060,08,115
26,24,28079024,09,13
26,24,28079038,09,15
26,24,28079047,09,27
26,24,28079048,09,34
26,24,28079018,10,34
26,24,28079024,10,15
26,24,28079036,10,38
26,24,28079038,10,18
26,24,28079040,10,25
26,24,28079047,10,41
26,24,28079048,10,63
26,24,28079055,10,38
26,24,28079057,10,33
26,24,28079060,10,29
26,24,28079016,14,4
26,24,28079017,14,5
26,24,28079018,14,4
26,24,28079024,14,15
26,24,28079027,14,6
26,24,28079035,14,1
26,24,28079039,14,4
26,24,28079049,14,3
26,24,28079054,14,4
26,24,28079056,14,4
26,24,28079058,14,15
26,24,28079059,14,6
26,24,28079060,14,5
26,24,28079011,20,9.8
26,24,28079018,20,6.2
26,24,28079024,20,1.4
26,24,28079038,20,3.1
26,24,28079055,20,5.6
26,24,28079011,30,4.3
26,24,28079018,30,1.4
26,24,28079024,30,0.8
26,24,28079038,30,0.8
26,24,28079055,30,2
26,24,28079011,35,2.7
26,24,28079018,35,0.5
26,24,28079024,35,0.6
26,24,28079038,35,0.6
26,24,28079055,35,0.8
26,24,28079024,42,1.38
26,24,28079027,42,1.52
26,24,28079055,42,1.94
26,24,28079024,44,0.28
26,24,28079027,44,0.31
26,24,28079055,44,0.44
26,3,28079004,01,3
26,3,28079017,01,4
26,3,28079018,01,2
26,3,28079024,01,1
26,3,28079035,01,3
26,3,28079036,01,1
26,3,28079038,01,2
26,3,28079040,01,5
26,3,28079057,01,5
26,3,28079004,06,0.3
26,3,28079016,06,0.2
26,3,28079018,06,0.2
26,3,28079024,06,0.2
26,3,28079035,06,0.2
26,3,28079036,06,0.2
26,3,28079039,06,0.2
26,3,28079056,06,0.2
26,3,28079057,06,0.2
26,3,28079004,07,7
26,3,28079011,07,1
26,3,28079016,07,2
26,3,28079017,07,43
26,3,28079018,07,1
26,3,28079024,07,1
26,3,28079027,07,2
26,3,28079035,07,5
26,3,28079036,07,1
26,3,28079038,07,8
26,3,28079039,07,3
26,3,28079040,07,1
26,3,28079047,07,1
26,3,28079048,07,6
26,3,28079049,07,1
26,3,28079050,07,12
26,3,28079054,07,4
26,3,28079055,07,8
26,3,28079056,07,3
26,3,28079057,07,2
26,3,28079058,07,1
26,3,28079059,07,2
26,3,28079060,07,1
26,3,28079004,08,17
26,3,28079011,08,22
26,3,28079016,08,19
26,3,28079017,08,26
26,3,28079018,08,10
26,3,28079024,08,4
26,3,28079027,08,40
26,3,28079035,08,21
26,3,28079036,08,12
26,3,28079038,08,21
26,3,28079039,08,17
26,3,28079040,08,9
26,3,28079047,08,14
26,3,28079048,08,23
26,3,28079049,08,19
26,3,28079050,08,21
26,3,28079054,08,13
26,3,28079055,08,46
26,3,28079056,08,15
26,3,28079057,08,18
26,3,28079058,08,2
26,3,28079059,08,9
26,3,28079060,08,9
26,3,28079024,09,6
26,3,28079038,09,6
26,3,28079047,09,6
26,3,28079048,09,8
26,3,28079050,09,7
26,3,28079018,10,6
26,3,28079024,10,6
26,3,28079036,10,8
26,3,28079038,10,5
26,3,28079040,10,5
26,3,28079047,10,5
26,3,28079048,10,13
26,3,28079050,10,10
26,3,28079055,10,10
26,3,28079057,10,7
26,3,28079060,10,11
26,3,28079016,14,34
26,3,28079017,14,34
26,3,28079018,14,38
26,3,28079024,14,47
26,3,28079027,14,14
26,3,28079035,14,31
26,3,28079039,14,42
26,3,28079049,14,32
26,3,28079054,14,34
26,3,28079056,14,38
26,3,28079058,14,51
26,3,28079059,14,35
26,3,28079060,14,44
26,3,28079011,20,3.3
26,3,28079018,20,0.4
26,3,28079024,20,0.4
26,3,28079038,20,1.2
26,3,28079055,20,1.9
26,3,28079011,30,1.4
26,3,28079018,30,0.1
26,3,28079024,30,0.5
26,3,28079038,30,0.4
26,3,28079055,30,0.3
26,3,28079011,35,0.3
26,3,28079018,35,1
26,3,28079024,35,0.4
26,3,28079038,35,0.2
26,3,28079055,35,1
26,3,28079024,42,1.33
26,3,28079027,42,1.59
26,3,28079055,42,1.85
26,3,28079024,44,0.24
26,3,28079027,44,0.23
26,3,28079055,44,0.23
26,4,28079004,01,3
26,4,28079017,01,3
26,4,28079018,01,2
26,4,28079024,01,1
26,4,28079035,01,3
26,4,28079036,01,1
26,4,28079038,01,2
26,4,28079040,01,5
26,4,28079057,01,5
26,4,28079004,06,0.3
26,4,28079016,06,0.3
26,4,28079018,06,0.2
26,4,28079024,06,0.2
26,4,28079035,06,0.2
26,4,28079036,06,0.2
26,4,28079039,06,0.1
26,4,28079056,06,0.2
26,4,28079057,06,0.2
26,4,28079004,07,9
26,4,28079011,07,1
26,4,28079016,07,4
26,4,28079017,07,2
26,4,28079018,07,1
26,4,28079024,07,1
26,4,28079027,07,2
26,4,28079035,07,6
26,4,28079036,07,2
26,4,28079038,07,4
26,4,28079039,07,1
26,4,28079040,07,1
26,4,28079047,07,1
26,4,28079048,07,5
26,4,28079049,07,2
26,4,28079050,07,11
26,4,28079054,07,4
26,4,28079055,07,7
26,4,28079056,07,2
26,4,28079057,07,1
26,4,28079058,07,1
26,4,28079059,07,2
26,4,28079060,07,1
26,4,28079004,08,23
26,4,28079011,08,23
26,4,28079016,08,27
26,4,28079017,08,11
26,4,28079018,08,10
26,4,28079024,08,3
26,4,28079027,08,38
26,4,28079035,08,16
26,4,28079036,08,9
26,4,28079038,08,15
26,4,28079039,08,8
26,4,28079040,08,14
26,4,28079047,08,13
26,4,28079048,08,22
26,4,28079049,08,17
26,4,28079050,08,15
26,4,28079054,08,7
26,4,28079055,08,42
26,4,28079056,08,16
26,4,28079057,08,9
26,4,28079058,08,1
26,4,28079059,08,9
26,4,28079060,08,5
26,4,28079024,09,4
26,4,28079038,09,9
26,4,28079047,09,5
26,4,28079048,09,10
26,4,28079050,09,5
26,4,28079018,10,5
26,4,28079024,10,4
26,4,28079036,10,4
26,4,28079038,10,4
26,4,28079040,10,5
26,4,28079047,10,4
26,4,28079048,10,25
26,4,28079050,10,6
26,4,28079055,10,8
26,4,28079057,10,7
26,4,28079060,10,11
26,4,28079016,14,26
26,4,28079017,14,35
26,4,28079018,14,35
26,4,28079024,14,44
26,4,28079027,14,14
26,4,28079035,14,34
26,4,28079039,14,46
26,4,28079049,14,31
26,4,28079054,14,37
26,4,28079056,14,34
26,4,28079058,14,52
26,4,28079059,14,33
26,4,28079060,14,34
26,4,28079011,20,3.9
26,4,28079018,20,0.4
26,4,28079024,20,0.4
26,4,28079038,20,0.7
26,4,28079055,20,1.8
26,4,28079011,30,1.2
26,4,28079018,30,0.1
26,4,28079024,30,0.4
26,4,28079038,30,0.3
26,4,28079055,30,0.2
26,4,28079011,35,0.9
26,4,28079018,35,1
26,4,28079024,35,0.4
26,4,28079038,35,0.4
26,4,28079055,35,0.8
26,4,28079024,42,1.32
26,4,28079027,42,1.6
26,4,28079055,42,1.77
26,4,28079024,44,0.24
26,4,28079027,44,0.24
26,4,28079055,44,0.23
26,5,28079004,01,3
26,5,28079017,01,3
26,5,28079018,01,2
26,5,28079024,01,1
26,5,28079035,01,3
26,5,28079036,01,1
26,5,28079038,01,2
26,5,28079040,01,5
26,5,28079057,01,5
26,5,28079004,06,0.3
26,5,28079016,06,0.2
26,5,28079018,06,0.2
26,5,28079024,06,0.2
26,5,28079035,06,0.2
26,5,28079036,06,0.2
26,5,28079039,06,0.1
26,5,28079056,06,0.2
26,5,28079057,06,0.2
26,5,28079004,07,20
26,5,28079011,07,1
26,5,28079016,07,1
26,5,28079017,07,2
26,5,28079018,07,1
26,5,28079024,07,1
26,5,28079027,07,7
26,5,28079035,07,6
26,5,28079036,07,1
26,5,28079038,07,4
26,5,28079039,07,2
26,5,28079040,07,1
26,5,28079047,07,3
26,5,28079048,07,10
26,5,28079049,07,1
26,5,28079050,07,12
26,5,28079054,07,4
26,5,28079055,07,4
26,5,28079056,07,5
26,5,28079057,07,1
26,5,28079058,07,1
26,5,28079059,07,2
26,5,28079060,07,1
26,5,28079004,08,37
26,5,28079011,08,23
26,5,28079016,08,13
26,5,28079017,08,12
26,5,28079018,08,14
26,5,28079024,08,5
26,5,28079027,08,36
26,5,28079035,08,22
26,5,28079036,08,11
26,5,28079038,08,19
26,5,28079039,08,10
26,5,28079040,08,18
26,5,28079047,08,22
26,5,28079048,08,25
26,5,28079049,08,17
26,5,28079050,08,18
26,5,28079054,08,10
26,5,28079055,08,25
26,5,28079056,08,19
26,5,28079057,08,9
26,5,28079058,08,1
26,5,28079059,08,9
26,5,28079060,08,7
26,5,28079024,09,4
26,5,28079038,09,4
26,5,28079047,09,5
26,5,28079048,09,2
26,5,28079050,09,4
26,5,28079018,10,4
26,5,28079024,10,4
26,5,28079036,10,6
26,5,28079038,10,3
26,5,28079040,10,4
26,5,28079047,10,5
26,5,28079048,10,4
26,5,28079050,10,3
26,5,28079055,10,13
26,5,28079057,10,4
26,5,28079060,10,4
26,5,28079016,14,38
26,5,28079017,14,31
26,5,28079018,14,31
26,5,28079024,14,40
26,5,28079027,14,12
26,5,28079035,14,29
26,5,28079039,14,45
26,5,28079049,14,28
26,5,28079054,14,33
26,5,28079056,14,27
26,5,28079058,14,54
26,5,28079059,14,30
26,5,28079060,14,44
26,5,28079011,20,3
26,5,28079018,20,0.5
26,5,28079024,20,0.4
26,5,28079038,20,0.7
26,5,28079055,20,1.4
26,5,28079011,30,1.1
26,5,28079018,30,0.1
26,5,28079024,30,0.4
26,5,28079038,30,0.2
26,5,28079055,30,0.2
26,5,28079011,35,0.7
26,5,28079018,35,1
26,5,28079024,35,0.5
26,5,28079038,35,0.7
26,5,28079055,35,0.5
26,5,28079024,42,1.32
26,5,28079027,42,1.43
26,5,28079055,42,1.53
26,5,28079024,44,0.24
26,5,28079027,44,0.2
26,5,28079055,44,0.16
26,6,28079004,01,3
26,6,28079017,01,3
26,6,28079018,01,2
26,6,28079024,01,1
26,6,28079035,01,3
26,6,28079036,01,1
26,6,28079038,01,3
26,6,28079040,01,5
26,6,28079057,01,5
26,6,28079004,06,0.3
26,6,28079016,06,0.2
26,6,28079018,06,0.2
26,6,28079024,06,0.2
26,6,28079035,06,0.2
26,6,28079036,06,0.2
26,6,28079039,06,0.1
26,6,28079056,06,0.2
26,6,28079057,06,0.2
26,6,28079004,07,12
26,6,28079011,07,1
26,6,28079016,07,1
26,6,28079017,07,3
26,6,28079018,07,1
26,6,28079024,07,1
26,6,28079027,07,7
26,6,28079035,07,7
26,6,28079036,07,1
26,6,28079038,07,4
26,6,28079039,07,1
26,6,28079040,07,1
26,6,28079047,07,2
26,6,28079048,07,8
26,6,28079049,07,1
26,6,28079050,07,8
26,6,28079054,07,4
26,6,28079055,07,13
26,6,28079056,07,18
26,6,28079057,07,1
26,6,28079058,07,1
26,6,28079059,07,3
26,6,28079060,07,1
26,6,28079004,08,27
26,6,28079011,08,22
26,6,28079016,08,10
26,6,28079017,08,16
26,6,28079018,08,13
26,6,28079024,08,1
26,6,28079027,08,32
26,6,28079035,08,17
26,6,28079036,08,7
26,6,28079038,08,11
26,6,28079039,08,8
26,6,28079040,08,17
26,6,28079047,08,21
26,6,28079048,08,19
26,6,28079049,08,14
26,6,28079050,08,10
26,6,28079054,08,15
26,6,28079055,08,38
26,6,28079056,08,33
26,6,28079057,08,7
26,6,28079058,08,3
26,6,28079059,08,8
26,6,28079060,08,7
26,6,28079024,09,3
26,6,28079038,09,3
26,6,28079047,09,4
26,6,28079048,09,1
26,6,28079050,09,3
26,6,28079018,10,3
26,6,28079024,10,2
26,6,28079036,10,4
26,6,28079038,10,3
26,6,28079040,10,4
26,6,28079047,10,3
26,6,28079048,10,4
26,6,28079050,10,2
26,6,28079055,10,7
26,6,28079057,10,4
26,6,28079060,10,4
26,6,28079016,14,43
26,6,28079017,14,25
26,6,28079018,14,33
26,6,28079024,14,58
26,6,28079027,14,19
26,6,28079035,14,41
26,6,28079039,14,51
26,6,28079049,14,29
26,6,28079054,14,26
26,6,28079056,14,19
26,6,28079058,14,49
26,6,28079059,14,36
26,6,28079060,14,48
26,6,28079011,20,2.8
26,6,28079018,20,0.7
26,6,28079024,20,0.4
26,6,28079038,20,0.8
26,6,28079055,20,1.4
26,6,28079011,30,1
26,6,28079018,30,0.1
26,6,28079024,30,0.4
26,6,28079038,30,0.2
26,6,28079055,30,0.2
26,6,28079011,35,0.6
26,6,28079018,35,1
26,6,28079024,35,0.4
26,6,28079038,35,0.7
26,6,28079055,35,1
26,6,28079024,42,1.29
26,6,28079027,42,1.38
26,6,28079055,42,1.65
26,6,28079024,44,0.22
26,6,28079027,44,0.15
26,6,28079055,44,0.17
26,7,28079004,01,3
26,7,28079017,01,3
26,7,28079018,01,2
26,7,28079024,01,1
26,7,28079035,01,4
26,7,28079036,01,1
26,7,28079038,01,3
26,7,28079040,01,4
26,7,28079057,01,5
26,7,28079004,06,0.2
26,7,28079016,06,0.2
26,7,28079018,06,0.2
26,7,28079024,06,0.1
26,7,28079035,06,0.2
26,7,28079036,06,0.2
26,7,28079039,06,0.1
26,7,28079056,06,0.2
26,7,28079057,06,0.2
26,7,28079004,07,5
26,7,28079011,07,3
26,7,28079016,07,1
26,7,28079017,07,3
26,7,28079018,07,2
26,7,28079024,07,1
26,7,28079027,07,1
26,7,28079035,07,6
26,7,28079036,07,2
26,7,28079038,07,3
26,7,28079039,07,2
26,7,28079040,07,1
26,7,28079047,07,1
26,7,28079048,07,3
26,7,28079049,07,1
26,7,28079050,07,11
26,7,28079054,07,6
26,7,28079055,07,1
26,7,28079056,07,4
26,7,28079057,07,1
26,7,28079058,07,4
26,7,28079059,07,2
26,7,28079060,07,1
26,7,28079004,08,17
26,7,28079011,08,24
26,7,28079016,08,7
26,7,28079017,08,15
26,7,28079018,08,12
26,7,28079024,08,1
26,7,28079027,08,7
26,7,28079035,08,17
26,7,28079036,08,2
26,7,28079038,08,11
26,7,28079039,08,9
26,7,28079040,08,11
26,7,28079047,08,7
26,7,28079048,08,10
26,7,28079049,08,8
26,7,28079050,08,14
26,7,28079054,08,18
26,7,28079055,08,7
26,7,28079056,08,20
26,7,28079057,08,5
26,7,28079058,08,10
26,7,28079059,08,2
26,7,28079060,08,6
26,7,28079024,09,2
26,7,28079038,09,4
26,7,28079047,09,3
26,7,28079048,09,3
26,7,28079050,09,3
26,7,28079018,10,4
26,7,28079024,10,2
26,7,28079036,10,4
26,7,28079038,10,2
26,7,28079040,10,3
26,7,28079047,10,4
26,7,28079048,10,7
26,7,28079050,10,3
26,7,28079055,10,14
26,7,28079057,10,4
26,7,28079060,10,6
26,7,28079016,14,49
26,7,28079017,14,32
26,7,28079018,14,34
26,7,28079024,14,56
26,7,28079027,14,51
26,7,28079035,14,43
26,7,28079039,14,50
26,7,28079049,14,41
26,7,28079054,14,32
26,7,28079056,14,36
26,7,28079058,14,41
26,7,28079059,14,45
26,7,28079060,14,50
26,7,28079011,20,1.9
26,7,28079018,20,0.4
26,7,28079024,20,0.3
26,7,28079038,20,0.7
26,7,28079055,20,0.7
26,7,28079011,30,0.8
26,7,28079018,30,0.1
26,7,28079024,30,0.3
26,7,28079038,30,0.2
26,7,28079055,30,0.2
26,7,28079011,35,1
26,7,28079018,35,1
26,7,28079024,35,0.4
26,7,28079038,35,1
26,7,28079055,35,1
26,7,28079024,42,1.29
26,7,28079027,42,1.18
26,7,28079055,42,1.39
26,7,28079024,44,0.23
26,7,28079027,44,0.11
26,7,28079055,44,0.11
26,8,28079004,01,4
26,8,28079017,01,3
26,8,28079018,01,2
26,8,28079024,01,1
26,8,28079035,01,5
26,8,28079036,01,1
26,8,28079038,01,3
26,8,28079040,01,5
26,8,28079057,01,5
26,8,28079004,06,0.2
26,8,28079016,06,0.3
26,8,28079018,06,0.2
26,8,28079024,06,0.2
26,8,28079035,06,0.2
26,8,28079036,06,0.2
26,8,28079039,06,0.2
26,8,28079056,06,0.1
26,8,28079057,06,0.2
26,8,28079004,07,4
26,8,28079011,07,2
26,8,28079016,07,13
26,8,28079017,07,2
26,8,28079018,07,1
26,8,28079024,07,1
26,8,28079027,07,6
26,8,28079035,07,7
26,8,28079036,07,2
26,8,28079038,07,2
26,8,28079039,07,2
26,8,28079040,07,2
26,8,28079047,07,1
26,8,28079048,07,4
26,8,28079049,07,1
26,8,28079054,07,4
26,8,28079055,07,11
26,8,28079056,07,2
26,8,28079057,07,1
26,8,28079058,07,3
26,8,28079059,07,2
26,8,28079060,07,1
26,8,28079004,08,17
26,8,28079011,08,29
26,8,28079016,08,21
26,8,28079017,08,9
26,8,28079018,08,6
26,8,28079024,08,1
26,8,28079027,08,28
26,8,28079035,08,18
26,8,28079036,08,4
26,8,28079038,08,12
26,8,28079039,08,16
26,8,28079040,08,12
26,8,28079047,08,7
26,8,28079048,08,17
26,8,28079049,08,8
26,8,28079054,08,7
26,8,28079055,08,26
26,8,28079056,08,13
26,8,28079057,08,12
26,8,28079058,08,5
26,8,28079059,08,9
26,8,28079060,08,10
26,8,28079024,09,3
26,8,28079038,09,6
26,8,28079047,09,4
26,8,28079048,09,7
26,8,28079018,10,6
26,8,28079024,10,4
26,8,28079036,10,10
26,8,28079038,10,4
26,8,28079040,10,5
26,8,28079047,10,4
26,8,28079048,10,10
26,8,28079055,10,4
26,8,28079057,10,5
26,8,28079060,10,4
26,8,28079016,14,37
26,8,28079017,14,50
26,8,28079018,14,41
26,8,28079024,14,57
26,8,28079027,14,29
26,8,28079035,14,42
26,8,28079039,14,44
26,8,28079049,14,48
26,8,28079054,14,47
26,8,28079056,14,48
26,8,28079058,14,50
26,8,28079059,14,39
26,8,28079060,14,50
26,8,28079011,20,2.4
26,8,28079018,20,0.4
26,8,28079024,20,0.3
26,8,28079038,20,0.5
26,8,28079055,20,0.4
26,8,28079011,30,1
26,8,28079018,30,0.2
26,8,28079024,30,0.3
26,8,28079038,30,0.2
26,8,28079055,30,0.2
26,8,28079011,35,0.1
26,8,28079018,35,1
26,8,28079024,35,0.4
26,8,28079038,35,1
26,8,28079055,35,1
26,8,28079024,42,1.3
26,8,28079027,42,1.29
26,8,28079055,42,1.6
26,8,28079024,44,0.23
26,8,28079027,44,0.14
26,8,28079055,44,0.16
26,9,28079004,01,4
26,9,28079017,01,3
26,9,28079018,01,2
26,9,28079024,01,1
26,9,28079035,01,6
26,9,28079036,01,1
26,9,28079038,01,5
26,9,28079040,01,5
26,9,28079057,01,5
26,9,28079004,06,0.3
26,9,28079016,06,0.3
26,9,28079018,06,0.3
26,9,28079024,06,0.2
26,9,28079035,06,0.3
26,9,28079036,06,0.2
26,9,28079039,06,0.2
26,9,28079056,06,0.2
26,9,28079057,06,0.2
26,9,28079004,07,6
26,9,28079011,07,11
26,9,28079016,07,9
26,9,28079017,07,8
26,9,28079018,07,5
26,9,28079024,07,1
26,9,28079027,07,11
26,9,28079035,07,14
26,9,28079036,07,6
26,9,28079038,07,10
26,9,28079039,07,2
26,9,28079040,07,5
26,9,28079047,07,1
26,9,28079048,07,11
26,9,28079049,07,1
26,9,28079054,07,5
26,9,28079055,07,14
26,9,28079056,07,8
26,9,28079057,07,2
26,9,28079058,07,3
26,9,28079059,07,2
26,9,28079060,07,1
26,9,28079004,08,29
26,9,28079011,08,48
26,9,28079016,08,35
26,9,28079017,08,14
26,9,28079018,08,19
26,9,28079024,08,2
26,9,28079027,08,44
26,9,28079035,08,34
26,9,28079036,08,15
26,9,28079038,08,32
26,9,28079039,08,18
26,9,28079040,08,27
26,9,28079047,08,16
26,9,28079048,08,43
26,9,28079049,08,17
26,9,28079054,08,18
26,9,28079055,08,39
26,9,28079056,08,33
26,9,28079057,08,14
26,9,28079058,08,4
26,9,28079059,08,11
26,9,28079060,08,8
26,9,28079024,09,1
26,9,28079038,09,1
26,9,28079047,09,2
26,9,28079048,09,1
26,9,28079018,10,4
26,9,28079024,10,3
26,9,28079036,10,4
26,9,28079038,10,3
26,9,28079040,10,4
26,9,28079047,10,2
26,9,28079048,10,4
26,9,28079055,10,4
26,9,28079057,10,3
26,9,28079060,10,4
26,9,28079016,14,33
26,9,28079017,14,48
26,9,28079018,14,41
26,9,28079024,14,56
26,9,28079027,14,22
26,9,28079035,14,31
26,9,28079039,14,55
26,9,28079049,14,43
26,9,28079054,14,42
26,9,28079056,14,37
26,9,28079058,14,67
26,9,28079059,14,47
26,9,28079060,14,63
26,9,28079011,20,3.5
26,9,28079018,20,0.4
26,9,28079024,20,0.3
26,9,28079038,20,0.9
26,9,28079055,20,1.2
26,9,28079011,30,1.5
26,9,28079018,30,0.1
26,9,28079024,30,0.4
26,9,28079038,30,0.3
26,9,28079055,30,0.2
26,9,28079011,35,0.8
26,9,28079018,35,1
26,9,28079024,35,0.4
26,9,28079038,35,0.6
26,9,28079055,35,1
26,9,28079024,42,1.31
26,9,28079027,42,1.29
26,9,28079055,42,1.56
26,9,28079024,44,0.24
26,9,28079027,44,0.16
26,9,28079055,44,0.16
27,1,28079004,01,11
27,1,28079017,01,7
27,1,28079018,01,10
27,1,28079024,01,3
27,1,28079035,01,17
27,1,28079036,01,11
27,1,28079038,01,5
27,1,28079040,01,7
27,1,28079057,01,10
27,1,28079004,06,1.1
27,1,28079016,06,1.2
27,1,28079018,06,1
27,1,28079024,06,0.4
27,1,28079035,06,1.2
27,1,28079036,06,1.1
27,1,28079039,06,1.3
27,1,28079056,06,1.7
27,1,28079057,06,0.8
27,1,28079004,07,249
27,1,28079011,07,62
27,1,28079016,07,178
27,1,28079017,07,179
27,1,28079018,07,131
27,1,28079024,07,31
27,1,28079027,07,70
27,1,28079035,07,177
27,1,28079036,07,156
27,1,28079038,07,37
27,1,28079039,07,197
27,1,28079040,07,44
27,1,28079047,07,144
27,1,28079048,07,12
27,1,28079049,07,119
27,1,28079054,07,177
27,1,28079055,07,150
27,1,28079056,07,340
27,1,28079057,07,138
27,1,28079058,07,3
27,1,28079059,07,104
27,1,28079060,07,27
27,1,28079004,08,122
27,1,28079011,08,86
27,1,28079016,08,123
27,1,28079017,08,100
27,1,28079018,08,101
27,1,28079024,08,67
27,1,28079027,08,80
27,1,28079035,08,112
27,1,28079036,08,100
27,1,28079038,08,72
27,1,28079039,08,125
27,1,28079040,08,84
27,1,28079047,08,99
27,1,28079048,08,56
27,1,28079049,08,86
27,1,28079054,08,87
27,1,28079055,08,104
27,1,28079056,08,177
27,1,28079057,08,124
27,1,28079058,08,23
27,1,28079059,08,73
27,1,28079060,08,74
27,1,28079024,09,11
27,1,28079038,09,16
27,1,28079047,09,23
27,1,28079048,09,25
27,1,28079018,10,33
27,1,28079024,10,15
27,1,28079036,10,38
27,1,28079038,10,17
27,1,28079040,10,24
27,1,28079047,10,33
27,1,28079048,10,40
27,1,28079055,10,35
27,1,28079057,10,32
27,1,28079060,10,27
27,1,28079016,14,4
27,1,28079017,14,5
27,1,28079018,14,3
27,1,28079024,14,4
27,1,28079027,14,6
27,1,28079035,14,1
27,1,28079039,14,3
27,1,28079049,14,3
27,1,28079054,14,4
27,1,28079056,14,4
27,1,28079058,14,14
27,1,28079059,14,6
27,1,28079060,14,7
27,1,28079011,20,7.8
27,1,28079018,20,5.5
27,1,28079024,20,1.3
27,1,28079038,20,6.1
27,1,28079055,20,5.2
27,1,28079011,30,3.7
27,1,28079018,30,1.2
27,1,28079024,30,0.8
27,1,28079038,30,1.6
27,1,28079055,30,1.4
27,1,28079011,35,1.8
27,1,28079018,35,0.6
27,1,28079024,35,0.5
27,1,28079038,35,1.2
27,1,28079055,35,1.1
27,1,28079024,42,1.43
27,1,28079027,42,1.53
27,1,28079055,42,2.03
27,1,28079024,44,0.29
27,1,28079027,44,0.27
27,1,28079055,44,0.41
27,10,28079004,01,6
27,10,28079017,01,3
27,10,28079018,01,5
27,10,28079024,01,1
27,10,28079035,01,3
27,10,28079036,01,1
27,10,28079038,01,3
27,10,28079040,01,5
27,10,28079057,01,5
27,10,28079004,06,0.6
27,10,28079016,06,0.5
27,10,28079018,06,0.6
27,10,28079024,06,0.3
27,10,28079035,06,0.3
27,10,28079036,06,0.3
27,10,28079039,06,0.4
27,10,28079056,06,0.4
27,10,28079057,06,0.4
27,10,28079004,07,103
27,10,28079011,07,10
27,10,28079016,07,49
27,10,28079017,07,15
27,10,28079018,07,47
27,10,28079024,07,8
27,10,28079027,07,29
27,10,28079035,07,25
27,10,28079036,07,9
27,10,28079038,07,14
27,10,28079039,07,40
27,10,28079040,07,9
27,10,28079047,07,25
27,10,28079048,07,16
27,10,28079049,07,11
27,10,28079054,07,6
27,10,28079055,07,39
27,10,28079056,07,71
27,10,28079057,07,17
27,10,28079058,07,9
27,10,28079059,07,17
27,10,28079060,07,30
27,10,28079004,08,54
27,10,28079011,08,39
27,10,28079016,08,56
27,10,28079017,08,23
27,10,28079018,08,47
27,10,28079024,08,25
27,10,28079027,08,49
27,10,28079035,08,39
27,10,28079036,08,21
27,10,28079038,08,39
27,10,28079039,08,49
27,10,28079040,08,30
27,10,28079047,08,36
27,10,28079048,08,36
27,10,28079049,08,35
27,10,28079054,08,16
27,10,28079055,08,51
27,10,28079056,08,55
27,10,28079057,08,49
27,10,28079058,08,23
27,10,28079059,08,31
27,10,28079060,08,53
27,10,28079024,09,12
27,10,28079038,09,11
27,10,28079047,09,10
27,10,28079048,09,10
27,10,28079018,10,25
27,10,28079024,10,13
27,10,28079036,10,9
27,10,28079038,10,11
27,10,28079040,10,10
27,10,28079047,10,11
27,10,28079048,10,17
27,10,28079055,10,19
27,10,28079057,10,20
27,10,28079060,10,23
27,10,28079016,14,4
27,10,28079017,14,22
27,10,28079018,14,4
27,10,28079024,14,7
27,10,28079027,14,8
27,10,28079035,14,6
27,10,28079039,14,6
27,10,28079049,14,4
27,10,28079054,14,17
27,10,28079056,14,5
27,10,28079058,14,8
27,10,28079059,14,9
27,10,28079060,14,5
27,10,28079011,20,5.2
27,10,28079018,20,1.7
27,10,28079024,20,1
27,10,28079038,20,1.8
27,10,28079055,20,1.9
27,10,28079011,30,2.3
27,10,28079018,30,0.8
27,10,28079024,30,0.8
27,10,28079038,30,0.6
27,10,28079055,30,0.7
27,10,28079011,35,0.6
27,10,28079018,35,0.4
27,10,28079024,35,0.7
27,10,28079038,35,0.4
27,10,28079055,35,0.8
27,10,28079024,42,1.5
27,10,28079027,42,1.6
27,10,28079055,42,1.92
27,10,28079024,44,0.29
27,10,28079027,44,0.21
27,10,28079055,44,0.25
27,11,28079004,01,6
27,11,28079017,01,3
27,11,28079018,01,3
27,11,28079024,01,1
27,11,28079035,01,4
27,11,28079036,01,1
27,11,28079038,01,3
27,11,28079040,01,5
27,11,28079057,01,6
27,11,28079004,06,0.6
27,11,28079016,06,0.4
27,11,28079018,06,0.4
27,11,28079024,06,0.3
27,11,28079035,06,0.4
27,11,28079036,06,0.2
27,11,28079039,06,0.4
27,11,28079056,06,0.2
27,11,28079057,06,0.4
27,11,28079004,07,92
27,11,28079011,07,7
27,11,28079016,07,14
27,11,28079017,07,7
27,11,28079018,07,12
27,11,28079024,07,9
27,11,28079027,07,32
27,11,28079035,07,23
27,11,28079036,07,5
27,11,28079038,07,18
27,11,28079039,07,36
27,11,28079040,07,4
27,11,28079047,07,4
27,11,28079048,07,21
27,11,28079049,07,8
27,11,28079054,07,7
27,11,28079055,07,55
27,11,28079056,07,10
27,11,28079057,07,33
27,11,28079058,07,6
27,11,28079059,07,40
27,11,28079060,07,38
27,11,28079004,08,55
27,11,28079011,08,39
27,11,28079016,08,38
27,11,28079017,08,16
27,11,28079018,08,24
27,11,28079024,08,24
27,11,28079027,08,52
27,11,28079035,08,41
27,11,28079036,08,13
27,11,28079038,08,41
27,11,28079039,08,48
27,11,28079040,08,16
27,11,28079047,08,18
27,11,28079048,08,41
27,11,28079049,08,32
27,11,28079054,08,11
27,11,28079055,08,56
27,11,28079056,08,23
27,11,28079057,08,53
27,11,28079058,08,20
27,11,28079059,08,33
27,11,28079060,08,48
27,11,28079024,09,15
27,11,28079038,09,12
27,11,28079047,09,8
27,11,28079048,09,8
27,11,28079018,10,17
27,11,28079024,10,16
27,11,28079036,10,7
27,11,28079038,10,10
27,11,28079040,10,8
27,11,28079047,10,8
27,11,28079048,10,12
27,11,28079055,10,27
27,11,28079057,10,28
27,11,28079060,10,48
27,11,28079016,14,14
27,11,28079017,14,30
27,11,28079018,14,22
27,11,28079024,14,10
27,11,28079027,14,9
27,11,28079035,14,9
27,11,28079039,14,6
27,11,28079049,14,14
27,11,28079054,14,25
27,11,28079056,14,24
27,11,28079058,14,14
27,11,28079059,14,8
27,11,28079060,14,6
27,11,28079011,20,5.4
27,11,28079018,20,2.2
27,11,28079024,20,1.1
27,11,28079038,20,1.8
27,11,28079055,20,2.2
27,11,28079011,30,2.5
27,11,28079018,30,0.7
27,11,28079024,30,0.7
27,11,28079038,30,0.6
27,11,28079055,30,0.8
27,11,28079011,35,0.7
27,11,28079018,35,0.3
27,11,28079024,35,0.8
27,11,28079038,35,0.3
27,11,28079055,35,0.5
27,11,28079024,42,1.49
27,11,28079027,42,1.53
27,11,28079055,42,1.96
27,11,28079024,44,0.29
27,11,28079027,44,0.22
27,11,28079055,44,0.32
27,12,28079004,01,4
27,12,28079017,01,3
27,12,28079018,01,2
27,12,28079024,01,1
27,12,28079035,01,3
27,12,28079036,01,1
27,12,28079038,01,4
27,12,28079040,01,5
27,12,28079057,01,6
27,12,28079004,06,0.4
27,12,28079016,06,0.4
27,12,28079018,06,0.3
27,12,28079024,06,0.2
27,12,28079035,06,0.3
27,12,28079036,06,0.2
27,12,28079039,06,0.4
27,12,28079056,06,0.2
27,12,28079057,06,0.5
27,12,28079004,07,29
27,12,28079011,07,11
27,12,28079016,07,13
27,12,28079017,07,7
27,12,28079018,07,3
27,12,28079024,07,1
27,12,28079027,07,50
27,12,28079035,07,8
27,12,28079036,07,7
27,12,28079038,07,19
27,12,28079039,07,29
27,12,28079040,07,6
27,12,28079047,07,3
27,12,28079048,07,22
27,12,28079049,07,3
27,12,28079054,07,5
27,12,28079055,07,60
27,12,28079056,07,11
27,12,28079057,07,45
27,12,28079058,07,10
27,12,28079059,07,35
27,12,28079060,07,18
27,12,28079004,08,39
27,12,28079011,08,42
27,12,28079016,08,33
27,12,28079017,08,15
27,12,28079018,08,17
27,12,28079024,08,4
27,12,28079027,08,41
27,12,28079035,08,22
27,12,28079036,08,11
27,12,28079038,08,37
27,12,28079039,08,47
27,12,28079040,08,15
27,12,28079047,08,13
27,12,28079048,08,39
27,12,28079049,08,19
27,12,28079054,08,5
27,12,28079055,08,52
27,12,28079056,08,22
27,12,28079057,08,55
27,12,28079058,08,29
27,12,28079059,08,32
27,12,28079060,08,37
27,12,28079024,09,11
27,12,28079038,09,10
27,12,28079047,09,6
27,12,28079048,09,7
27,12,28079018,10,7
27,12,28079024,10,10
27,12,28079036,10,4
27,12,28079038,10,9
27,12,28079040,10,6
27,12,28079047,10,6
27,12,28079048,10,16
27,12,28079055,10,24
27,12,28079057,10,29
27,12,28079060,10,27
27,12,28079016,14,20
27,12,28079017,14,33
27,12,28079018,14,28
27,12,28079024,14,39
27,12,28079027,14,9
27,12,28079035,14,24
27,12,28079039,14,8
27,12,28079049,14,26
27,12,28079054,14,37
27,12,28079056,14,27
27,12,28079058,14,15
27,12,28079059,14,9
27,12,28079060,14,13
27,12,28079011,20,4
27,12,28079018,20,0.8
27,12,28079024,20,1
27,12,28079038,20,1.3
27,12,28079055,20,2.4
27,12,28079011,30,2
27,12,28079018,30,0.2
27,12,28079024,30,0.6
27,12,28079038,30,0.5
27,12,28079055,30,0.9
27,12,28079011,35,0.3
27,12,28079018,35,1
27,12,28079024,35,0.7
27,12,28079038,35,0.2
27,12,28079055,35,0.3
27,12,28079024,42,1.33
27,12,28079027,42,1.57
27,12,28079055,42,1.89
27,12,28079024,44,0.23
27,12,28079027,44,0.18
27,12,28079055,44,0.24
27,13,28079004,01,4
27,13,28079017,01,3
27,13,28079018,01,3
27,13,28079024,01,1
27,13,28079035,01,4
27,13,28079036,01,1
27,13,28079038,01,4
27,13,28079040,01,5
27,13,28079057,01,6
27,13,28079004,06,0.3
27,13,28079016,06,0.3
27,13,28079018,06,0.3
27,13,28079024,06,0.2
27,13,28079035,06,0.3
27,13,28079036,06,0.2
27,13,28079039,06,0.3
27,13,28079056,06,0.2
27,13,28079057,06,0.4
27,13,28079004,07,14
27,13,28079011,07,5
27,13,28079016,07,8
27,13,28079017,07,7
27,13,28079018,07,7
27,13,28079024,07,1
27,13,28079027,07,44
27,13,28079035,07,6
27,13,28079036,07,6
27,13,28079038,07,18
27,13,28079039,07,19
27,13,28079040,07,5
27,13,28079047,07,3
27,13,28079048,07,13
27,13,28079049,07,3
27,13,28079050,07,44
27,13,28079054,07,6
27,13,28079055,07,61
27,13,28079056,07,9
27,13,28079057,07,14
27,13,28079058,07,7
27,13,28079059,07,14
27,13,28079060,07,13
27,13,28079004,08,27
27,13,28079011,08,36
27,13,28079016,08,27
27,13,28079017,08,15
27,13,28079018,08,20
27,13,28079024,08,4
27,13,28079027,08,47
27,13,28079035,08,18
27,13,28079036,08,10
27,13,28079038,08,34
27,13,28079039,08,40
27,13,28079040,08,12
27,13,28079047,08,12
27,13,28079048,08,31
27,13,28079049,08,18
27,13,28079050,08,45
27,13,28079054,08,5
27,13,28079055,08,57
27,13,28079056,08,21
27,13,28079057,08,33
27,13,28079058,08,23
27,13,28079059,08,19
27,13,28079060,08,34
27,13,28079024,09,5
27,13,28079038,09,4
27,13,28079047,09,5
27,13,28079048,09,4
27,13,28079050,09,9
27,13,28079018,10,7
27,13,28079024,10,5
27,13,28079036,10,2
27,13,28079038,10,7
27,13,28079040,10,5
27,13,28079047,10,5
27,13,28079048,10,7
27,13,28079050,10,13
27,13,28079055,10,30
27,13,28079057,10,17
27,13,28079060,10,11
27,13,28079016,14,26
27,13,28079017,14,36
27,13,28079018,14,30
27,13,28079024,14,43
27,13,28079027,14,10
27,13,28079035,14,31
27,13,28079039,14,13
27,13,28079049,14,31
27,13,28079054,14,41
27,13,28079056,14,32
27,13,28079058,14,18
27,13,28079059,14,21
27,13,28079060,14,17
27,13,28079011,20,3.7
27,13,28079018,20,0.5
27,13,28079024,20,0.5
27,13,28079038,20,1.7
27,13,28079055,20,2.1
27,13,28079011,30,2
27,13,28079018,30,0.2
27,13,28079024,30,0.6
27,13,28079038,30,0.7
27,13,28079055,30,0.8
27,13,28079011,35,0.2
27,13,28079018,35,1
27,13,28079024,35,0.6
27,13,28079038,35,0.3
27,13,28079055,35,0.1
27,13,28079024,42,1.33
27,13,28079027,42,1.64
27,13,28079055,42,2.04
27,13,28079024,44,0.23
27,13,28079027,44,0.2
27,13,28079055,44,0.26
27,14,28079004,01,4
27,14,28079017,01,3
27,14,28079018,01,2
27,14,28079024,01,1
27,14,28079035,01,4
27,14,28079036,01,1
27,14,28079038,01,4
27,14,28079040,01,5
27,14,28079057,01,6
27,14,28079004,06,0.3
27,14,28079016,06,0.3
27,14,28079018,06,0.3
27,14,28079024,06,0.2
27,14,28079035,06,0.3
27,14,28079036,06,0.2
27,14,28079039,06,0.3
27,14,28079056,06,0.2
27,14,28079057,06,0.3
27,14,28079004,07,14
27,14,28079011,07,4
27,14,28079016,07,10
27,14,28079017,07,8
27,14,28079018,07,4
27,14,28079024,07,1
27,14,28079027,07,26
27,14,28079035,07,7
27,14,28079036,07,7
27,14,28079038,07,12
27,14,28079039,07,11
27,14,28079040,07,7
27,14,28079047,07,3
27,14,28079048,07,17
27,14,28079049,07,3
27,14,28079050,07,42
27,14,28079054,07,5
27,14,28079055,07,14
27,14,28079056,07,11
27,14,28079057,07,10
27,14,28079058,07,5
27,14,28079059,07,6
27,14,28079060,07,5
27,14,28079004,08,30
27,14,28079011,08,32
27,14,28079016,08,28
27,14,28079017,08,18
27,14,28079018,08,18
27,14,28079024,08,4
27,14,28079027,08,35
27,14,28079035,08,18
27,14,28079036,08,11
27,14,28079038,08,29
27,14,28079039,08,30
27,14,28079040,08,14
27,14,28079047,08,13
27,14,28079048,08,33
27,14,28079049,08,18
27,14,28079050,08,43
27,14,28079054,08,6
27,14,28079055,08,26
27,14,28079056,08,24
27,14,28079057,08,25
27,14,28079058,08,12
27,14,28079059,08,11
27,14,28079060,08,22
27,14,28079024,09,5
27,14,28079038,09,3
27,14,28079047,09,5
27,14,28079048,09,1
27,14,28079050,09,8
27,14,28079018,10,9
27,14,28079024,10,6
27,14,28079036,10,3
27,14,28079038,10,7
27,14,28079040,10,7
27,14,28079047,10,7
27,14,28079048,10,4
27,14,28079050,10,13
27,14,28079055,10,18
27,14,28079057,10,9
27,14,28079060,10,8
27,14,28079016,14,27
27,14,28079017,14,37
27,14,28079018,14,33
27,14,28079024,14,45
27,14,28079027,14,25
27,14,28079035,14,33
27,14,28079039,14,24
27,14,28079049,14,33
27,14,28079054,14,42
27,14,28079056,14,32
27,14,28079058,14,30
27,14,28079059,14,32
27,14,28079060,14,31
27,14,28079011,20,2.9
27,14,28079018,20,1
27,14,28079024,20,0.4
27,14,28079038,20,1.3
27,14,28079055,20,1.5
27,14,28079011,30,1.6
27,14,28079018,30,0.3
27,14,28079024,30,0.6
27,14,28079038,30,0.5
27,14,28079055,30,0.5
27,14,28079011,35,0.2
27,14,28079018,35,0.9
27,14,28079024,35,0.5
27,14,28079038,35,0.3
27,14,28079055,35,0.4
27,14,28079024,42,1.33
27,14,28079027,42,1.37
27,14,28079055,42,1.51
27,14,28079024,44,0.23
27,14,28079027,44,0.16
27,14,28079055,44,0.16
27,15,28079004,01,4
27,15,28079017,01,3
27,15,28079018,01,3
27,15,28079024,01,1
27,15,28079035,01,4
27,15,28079036,01,1
27,15,28079038,01,4
27,15,28079040,01,5
27,15,28079057,01,6
27,15,28079004,06,0.3
27,15,28079016,06,0.3
27,15,28079018,06,0.3
27,15,28079024,06,0.2
27,15,28079035,06,0.3
27,15,28079036,06,0.3
27,15,28079039,06,0.3
27,15,28079056,06,0.2
27,15,28079057,06,0.3
27,15,28079004,07,10
27,15,28079011,07,8
27,15,28079016,07,9
27,15,28079017,07,6
27,15,28079018,07,4
27,15,28079024,07,1
27,15,28079027,07,7
27,15,28079035,07,8
27,15,28079036,07,6
27,15,28079038,07,13
27,15,28079039,07,15
27,15,28079040,07,4
27,15,28079047,07,3
27,15,28079048,07,19
27,15,28079049,07,3
27,15,28079050,07,45
27,15,28079054,07,7
27,15,28079055,07,7
27,15,28079056,07,10
27,15,28079057,07,10
27,15,28079058,07,3
27,15,28079059,07,5
27,15,28079060,07,3
27,15,28079004,08,23
27,15,28079011,08,36
27,15,28079016,08,28
27,15,28079017,08,17
27,15,28079018,08,18
27,15,28079024,08,2
27,15,28079027,08,23
27,15,28079035,08,20
27,15,28079036,08,12
27,15,28079038,08,27
27,15,28079039,08,32
27,15,28079040,08,15
27,15,28079047,08,14
27,15,28079048,08,33
27,15,28079049,08,19
27,15,28079050,08,46
27,15,28079054,08,7
27,15,28079055,08,25
27,15,28079056,08,25
27,15,28079057,08,24
27,15,28079058,08,6
27,15,28079059,08,11
27,15,28079060,08,17
27,15,28079024,09,4
27,15,28079038,09,2
27,15,28079047,09,5
27,15,28079048,09,1
27,15,28079050,09,9
27,15,28079018,10,8
27,15,28079024,10,6
27,15,28079036,10,4
27,15,28079038,10,8
27,15,28079040,10,7
27,15,28079047,10,6
27,15,28079048,10,4
27,15,28079050,10,20
27,15,28079055,10,5
27,15,28079057,10,7
27,15,28079060,10,3
27,15,28079016,14,33
27,15,28079017,14,42
27,15,28079018,14,37
27,15,28079024,14,50
27,15,28079027,14,41
27,15,28079035,14,37
27,15,28079039,14,27
27,15,28079049,14,38
27,15,28079054,14,38
27,15,28079056,14,21
27,15,28079058,14,39
27,15,28079059,14,37
27,15,28079060,14,37
27,15,28079011,20,3.2
27,15,28079018,20,0.5
27,15,28079024,20,0.4
27,15,28079038,20,1.5
27,15,28079055,20,0.8
27,15,28079011,30,1.8
27,15,28079018,30,0.2
27,15,28079024,30,0.5
27,15,28079038,30,0.6
27,15,28079055,30,0.3
27,15,28079011,35,0.2
27,15,28079018,35,0.9
27,15,28079024,35,0.5
27,15,28079038,35,0.3
27,15,28079055,35,1
27,15,28079024,42,1.32
27,15,28079027,42,1.23
27,15,28079055,42,1.45
27,15,28079024,44,0.23
27,15,28079027,44,0.13
27,15,28079055,44,0.14
27,16,28079004,01,4
27,16,28079017,01,3
27,16,28079018,01,3
27,16,28079024,01,1
27,16,28079035,01,4
27,16,28079036,01,1
27,16,28079038,01,3
27,16,28079040,01,5
27,16,28079057,01,6
27,16,28079004,06,0.3
27,16,28079016,06,0.3
27,16,28079018,06,0.3
27,16,28079024,06,0.2
27,16,28079035,06,0.3
27,16,28079036,06,0.2
27,16,28079039,06,0.3
27,16,28079056,06,0.2
27,16,28079057,06,0.3
27,16,28079004,07,10
27,16,28079011,07,1
27,16,28079016,07,6
27,16,28079017,07,5
27,16,28079018,07,2
27,16,28079024,07,1
27,16,28079027,07,4
27,16,28079035,07,6
27,16,28079036,07,4
27,16,28079038,07,7
27,16,28079039,07,6
27,16,28079040,07,6
27,16,28079047,07,2
27,16,28079048,07,11
27,16,28079049,07,2
27,16,28079050,07,21
27,16,28079054,07,5
27,16,28079055,07,3
27,16,28079056,07,7
27,16,28079057,07,4
27,16,28079058,07,2
27,16,28079059,07,4
27,16,28079060,07,2
27,16,28079004,08,28
27,16,28079011,08,26
27,16,28079016,08,28
27,16,28079017,08,15
27,16,28079018,08,19
27,16,28079024,08,5
27,16,28079027,08,26
27,16,28079035,08,20
27,16,28079036,08,11
27,16,28079038,08,23
27,16,28079039,08,25
27,16,28079040,08,19
27,16,28079047,08,11
27,16,28079048,08,31
27,16,28079049,08,18
27,16,28079050,08,32
27,16,28079054,08,9
27,16,28079055,08,20
27,16,28079056,08,19
27,16,28079057,08,18
27,16,28079058,08,4
27,16,28079059,08,14
27,16,28079060,08,15
27,16,28079024,09,5
27,16,28079038,09,3
27,16,28079047,09,6
27,16,28079048,09,5
27,16,28079050,09,11
27,16,28079018,10,8
27,16,28079024,10,7
27,16,28079036,10,6
27,16,28079038,10,8
27,16,28079040,10,9
27,16,28079047,10,8
27,16,28079048,10,13
27,16,28079050,10,16
27,16,28079055,10,8
27,16,28079057,10,6
27,16,28079060,10,4
27,16,28079016,14,32
27,16,28079017,14,41
27,16,28079018,14,35
27,16,28079024,14,48
27,16,28079027,14,40
27,16,28079035,14,36
27,16,28079039,14,33
27,16,28079049,14,37
27,16,28079054,14,34
27,16,28079056,14,38
27,16,28079058,14,43
27,16,28079059,14,34
27,16,28079060,14,39
27,16,28079011,20,2.7
27,16,28079018,20,0.5
27,16,28079024,20,0.4
27,16,28079038,20,1.2
27,16,28079055,20,0.7
27,16,28079011,30,1.6
27,16,28079018,30,0.2
27,16,28079024,30,0.5
27,16,28079038,30,0.5
27,16,28079055,30,0.2
27,16,28079011,35,0.2
27,16,28079018,35,1
27,16,28079024,35,0.5
27,16,28079038,35,0.2
27,16,28079055,35,1
27,16,28079024,42,1.33
27,16,28079027,42,1.25
27,16,28079055,42,1.44
27,16,28079024,44,0.24
27,16,28079027,44,0.14
27,16,28079055,44,0.13
27,17,28079004,01,4
27,17,28079017,01,3
27,17,28079018,01,2
27,17,28079024,01,1
27,17,28079035,01,4
27,17,28079036,01,1
27,17,28079038,01,3
27,17,28079040,01,5
27,17,28079057,01,6
27,17,28079004,06,0.3
27,17,28079016,06,0.3
27,17,28079018,06,0.3
27,17,28079024,06,0.2
27,17,28079035,06,0.3
27,17,28079036,06,0.2
27,17,28079039,06,0.2
27,17,28079056,06,0.2
27,17,28079057,06,0.3
27,17,28079004,07,10
27,17,28079011,07,1
27,17,28079016,07,6
27,17,28079017,07,4
27,17,28079018,07,2
27,17,28079024,07,1
27,17,28079027,07,3
27,17,28079035,07,5
27,17,28079036,07,5
27,17,28079038,07,6
27,17,28079039,07,7
27,17,28079040,07,6
27,17,28079047,07,2
27,17,28079048,07,10
27,17,28079049,07,2
27,17,28079050,07,20
27,17,28079054,07,6
27,17,28079055,07,3
27,17,28079056,07,8
27,17,28079057,07,4
27,17,28079058,07,1
27,17,28079059,07,3
27,17,28079060,07,2
27,17,28079004,08,25
27,17,28079011,08,27
27,17,28079016,08,26
27,17,28079017,08,15
27,17,28079018,08,19
27,17,28079024,08,4
27,17,28079027,08,20
27,17,28079035,08,17
27,17,28079036,08,12
27,17,28079038,08,23
27,17,28079039,08,25
27,17,28079040,08,22
27,17,28079047,08,12
27,17,28079048,08,31
27,17,28079049,08,18
27,17,28079050,08,29
27,17,28079054,08,12
27,17,28079055,08,19
27,17,28079056,08,21
27,17,28079057,08,18
27,17,28079058,08,3
27,17,28079059,08,13
27,17,28079060,08,13
27,17,28079024,09,6
27,17,28079038,09,6
27,17,28079047,09,6
27,17,28079048,09,9
27,17,28079050,09,8
27,17,28079018,10,8
27,17,28079024,10,7
27,17,28079036,10,8
27,17,28079038,10,8
27,17,28079040,10,9
27,17,28079047,10,8
27,17,28079048,10,17
27,17,28079050,10,13
27,17,28079055,10,10
27,17,28079057,10,8
27,17,28079060,10,9
27,17,28079016,14,31
27,17,28079017,14,38
27,17,28079018,14,33
27,17,28079024,14,49
27,17,28079027,14,40
27,17,28079035,14,38
27,17,28079039,14,34
27,17,28079049,14,35
27,17,28079054,14,36
27,17,28079056,14,35
27,17,28079058,14,48
27,17,28079059,14,33
27,17,28079060,14,42
27,17,28079011,20,2.4
27,17,28079018,20,0.5
27,17,28079024,20,0.3
27,17,28079038,20,1
27,17,28079055,20,0.6
27,17,28079011,30,1.5
27,17,28079018,30,0.2
27,17,28079024,30,0.5
27,17,28079038,30,0.4
27,17,28079055,30,0.1
27,17,28079011,35,0.6
27,17,28079018,35,1
27,17,28079024,35,0.5
27,17,28079038,35,0.5
27,17,28079055,35,1
27,17,28079024,42,1.32
27,17,28079027,42,1.24
27,17,28079055,42,1.44
27,17,28079024,44,0.23
27,17,28079027,44,0.14
27,17,28079055,44,0.13
27,18,28079004,01,4
27,18,28079017,01,3
27,18,28079018,01,2
27,18,28079024,01,1
27,18,28079035,01,3
27,18,28079036,01,1
27,18,28079038,01,3
27,18,28079040,01,5
27,18,28079057,01,6
27,18,28079004,06,0.3
27,18,28079016,06,0.3
27,18,28079018,06,0.3
27,18,28079024,06,0.2
27,18,28079035,06,0.3
27,18,28079036,06,0.2
27,18,28079039,06,0.3
27,18,28079056,06,0.2
27,18,28079057,06,0.3
27,18,28079004,07,10
27,18,28079011,07,1
27,18,28079016,07,6
27,18,28079017,07,3
27,18,28079018,07,2
27,18,28079024,07,1
27,18,28079027,07,3
27,18,28079035,07,4
27,18,28079036,07,4
27,18,28079038,07,6
27,18,28079039,07,8
27,18,28079040,07,3
27,18,28079047,07,1
27,18,28079048,07,9
27,18,28079049,07,1
27,18,28079050,07,21
27,18,28079054,07,4
27,18,28079055,07,3
27,18,28079056,07,9
27,18,28079057,07,5
27,18,28079058,07,2
27,18,28079059,07,3
27,18,28079060,07,3
27,18,28079004,08,25
27,18,28079011,08,24
27,18,28079016,08,28
27,18,28079017,08,15
27,18,28079018,08,18
27,18,28079024,08,4
27,18,28079027,08,22
27,18,28079035,08,17
27,18,28079036,08,11
27,18,28079038,08,21
27,18,28079039,08,29
27,18,28079040,08,14
27,18,28079047,08,13
27,18,28079048,08,30
27,18,28079049,08,18
27,18,28079050,08,34
27,18,28079054,08,7
27,18,28079055,08,20
27,18,28079056,08,23
27,18,28079057,08,20
27,18,28079058,08,5
27,18,28079059,08,12
27,18,28079060,08,16
27,18,28079024,09,4
27,18,28079038,09,3
27,18,28079047,09,5
27,18,28079048,09,10
27,18,28079050,09,6
27,18,28079018,10,5
27,18,28079024,10,5
27,18,28079036,10,5
27,18,28079038,10,5
27,18,28079040,10,6
27,18,28079047,10,5
27,18,28079048,10,15
27,18,28079050,10,10
27,18,28079055,10,6
27,18,28079057,10,4
27,18,28079060,10,7
27,18,28079016,14,31
27,18,28079017,14,40
27,18,28079018,14,36
27,18,28079024,14,51
27,18,28079027,14,39
27,18,28079035,14,23
27,18,28079039,14,33
27,18,28079049,14,37
27,18,28079054,14,42
27,18,28079056,14,35
27,18,28079058,14,47
27,18,28079059,14,36
27,18,28079060,14,41
27,18,28079011,20,2.1
27,18,28079018,20,0.3
27,18,28079024,20,0.3
27,18,28079038,20,0.7
27,18,28079055,20,0.5
27,18,28079011,30,1.4
27,18,28079018,30,0.1
27,18,28079024,30,0.4
27,18,28079038,30,0.3
27,18,28079055,30,0.1
27,18,28079011,35,1
27,18,28079018,35,1
27,18,28079024,35,0.5
27,18,28079038,35,0.7
27,18,28079055,35,1
27,18,28079024,42,1.32
27,18,28079027,42,1.23
27,18,28079055,42,1.43
27,18,28079024,44,0.23
27,18,28079027,44,0.13
27,18,28079055,44,0.12
27,19,28079004,01,3
27,19,28079017,01,3
27,19,28079018,01,2
27,19,28079024,01,1
27,19,28079035,01,3
27,19,28079036,01,1
27,19,28079038,01,3
27,19,28079040,01,5
27,19,28079057,01,5
27,19,28079004,06,0.3
27,19,28079016,06,0.3
27,19,28079018,06,0.3
27,19,28079024,06,0.2
27,19,28079035,06,0.3
27,19,28079036,06,0.2
27,19,28079039,06,0.3
27,19,28079056,06,0.2
27,19,28079057,06,0.3
27,19,28079004,07,10
27,19,28079011,07,1
27,19,28079016,07,6
27,19,28079017,07,4
27,19,28079018,07,3
27,19,28079024,07,1
27,19,28079027,07,3
27,19,28079035,07,4
27,19,28079036,07,5
27,19,28079038,07,8
27,19,28079039,07,8
27,19,28079040,07,4
27,19,28079047,07,1
27,19,28079048,07,10
27,19,28079049,07,1
27,19,28079050,07,25
27,19,28079054,07,5
27,19,28079055,07,4
27,19,28079056,07,13
27,19,28079057,07,5
27,19,28079058,07,2
27,19,28079059,07,3
27,19,28079060,07,1
27,19,28079004,08,32
27,19,28079011,08,28
27,19,28079016,08,31
27,19,28079017,08,17
27,19,28079018,08,22
27,19,28079024,08,5
27,19,28079027,08,28
27,19,28079035,08,20
27,19,28079036,08,13
27,19,28079038,08,27
27,19,28079039,08,31
27,19,28079040,08,19
27,19,28079047,08,16
27,19,28079048,08,34
27,19,28079049,08,23
27,19,28079050,08,39
27,19,28079054,08,9
27,19,28079055,08,26
27,19,28079056,08,28
27,19,28079057,08,23
27,19,28079058,08,4
27,19,28079059,08,13
27,19,28079060,08,17
27,19,28079024,09,3
27,19,28079038,09,3
27,19,28079047,09,4
27,19,28079048,09,6
27,19,28079050,09,7
27,19,28079018,10,3
27,19,28079024,10,3
27,19,28079036,10,4
27,19,28079038,10,4
27,19,28079040,10,3
27,19,28079047,10,3
27,19,28079048,10,14
27,19,28079050,10,10
27,19,28079055,10,4
27,19,28079057,10,2
27,19,28079060,10,5
27,19,28079016,14,27
27,19,28079017,14,35
27,19,28079018,14,30
27,19,28079024,14,42
27,19,28079027,14,37
27,19,28079035,14,35
27,19,28079039,14,30
27,19,28079049,14,30
27,19,28079054,14,40
27,19,28079056,14,30
27,19,28079058,14,46
27,19,28079059,14,34
27,19,28079060,14,40
27,19,28079011,20,1.7
27,19,28079018,20,0.3
27,19,28079024,20,0.3
27,19,28079038,20,0.7
27,19,28079055,20,0.6
27,19,28079011,30,1.3
27,19,28079018,30,0.1
27,19,28079024,30,0.4
27,19,28079038,30,0.3
27,19,28079055,30,0.1
27,19,28079011,35,1
27,19,28079018,35,1
27,19,28079024,35,0.4
27,19,28079038,35,0.7
27,19,28079055,35,1
27,19,28079024,42,1.32
27,19,28079027,42,1.23
27,19,28079055,42,1.43
27,19,28079024,44,0.23
27,19,28079027,44,0.13
27,19,28079055,44,0.12
27,2,28079004,01,9
27,2,28079017,01,7
27,2,28079018,01,5
27,2,28079024,01,2
27,2,28079035,01,13
27,2,28079036,01,4
27,2,28079038,01,4
27,2,28079040,01,6
27,2,28079057,01,10
27,2,28079004,06,1
27,2,28079016,06,0.9
27,2,28079018,06,0.6
27,2,28079024,06,0.3
27,2,28079035,06,0.9
27,2,28079036,06,0.6
27,2,28079039,06,0.9
27,2,28079056,06,1
27,2,28079057,06,0.8
27,2,28079004,07,229
27,2,28079011,07,37
27,2,28079016,07,145
27,2,28079017,07,173
27,2,28079018,07,79
27,2,28079024,07,18
27,2,28079027,07,121
27,2,28079035,07,138
27,2,28079036,07,87
27,2,28079038,07,28
27,2,28079039,07,144
27,2,28079040,07,38
27,2,28079047,07,159
27,2,28079048,07,45
27,2,28079049,07,97
27,2,28079054,07,103
27,2,28079055,07,111
27,2,28079056,07,238
27,2,28079057,07,130
27,2,28079058,07,3
27,2,28079059,07,128
27,2,28079060,07,19
27,2,28079004,08,110
27,2,28079011,08,74
27,2,28079016,08,108
27,2,28079017,08,94
27,2,28079018,08,76
27,2,28079024,08,60
27,2,28079027,08,70
27,2,28079035,08,94
27,2,28079036,08,80
27,2,28079038,08,66
27,2,28079039,08,101
27,2,28079040,08,70
27,2,28079047,08,94
27,2,28079048,08,68
27,2,28079049,08,76
27,2,28079054,08,65
27,2,28079055,08,85
27,2,28079056,08,135
27,2,28079057,08,112
27,2,28079058,08,19
27,2,28079059,08,70
27,2,28079060,08,63
27,2,28079024,09,10
27,2,28079038,09,15
27,2,28079047,09,21
27,2,28079048,09,24
27,2,28079018,10,23
27,2,28079024,10,12
27,2,28079036,10,46
27,2,28079038,10,17
27,2,28079040,10,17
27,2,28079047,10,29
27,2,28079048,10,44
27,2,28079055,10,28
27,2,28079057,10,28
27,2,28079060,10,13
27,2,28079016,14,4
27,2,28079017,14,5
27,2,28079018,14,3
27,2,28079024,14,4
27,2,28079027,14,5
27,2,28079035,14,1
27,2,28079039,14,5
27,2,28079049,14,3
27,2,28079054,14,4
27,2,28079056,14,3
27,2,28079058,14,11
27,2,28079059,14,6
27,2,28079060,14,11
27,2,28079011,20,7
27,2,28079018,20,4.4
27,2,28079024,20,1.4
27,2,28079038,20,4.3
27,2,28079055,20,4.6
27,2,28079011,30,3.5
27,2,28079018,30,1
27,2,28079024,30,0.8
27,2,28079038,30,1.2
27,2,28079055,30,1.2
27,2,28079011,35,1.4
27,2,28079018,35,0.3
27,2,28079024,35,0.6
27,2,28079038,35,0.9
27,2,28079055,35,1
27,2,28079024,42,1.41
27,2,28079027,42,1.5
27,2,28079055,42,1.98
27,2,28079024,44,0.29
27,2,28079027,44,0.21
27,2,28079055,44,0.41
27,20,28079004,01,3
27,20,28079017,01,3
27,20,28079018,01,2
27,20,28079024,01,1
27,20,28079035,01,3
27,20,28079036,01,1
27,20,28079038,01,3
27,20,28079040,01,5
27,20,28079057,01,5
27,20,28079004,06,0.3
27,20,28079016,06,0.3
27,20,28079018,06,0.3
27,20,28079024,06,0.2
27,20,28079035,06,0.3
27,20,28079036,06,0.2
27,20,28079039,06,0.3
27,20,28079056,06,0.2
27,20,28079057,06,0.3
27,20,28079004,07,12
27,20,28079011,07,2
27,20,28079016,07,9
27,20,28079017,07,5
27,20,28079018,07,2
27,20,28079024,07,1
27,20,28079027,07,2
27,20,28079035,07,5
27,20,28079036,07,5
27,20,28079038,07,8
27,20,28079039,07,9
27,20,28079040,07,9
27,20,28079047,07,1
27,20,28079048,07,8
27,20,28079049,07,1
27,20,28079050,07,22
27,20,28079054,07,5
27,20,28079055,07,4
27,20,28079056,07,9
27,20,28079057,07,6
27,20,28079058,07,1
27,20,28079059,07,3
27,20,28079060,07,2
27,20,28079004,08,31
27,20,28079011,08,36
27,20,28079016,08,34
27,20,28079017,08,18
27,20,28079018,08,21
27,20,28079024,08,6
27,20,28079027,08,26
27,20,28079035,08,23
27,20,28079036,08,15
27,20,28079038,08,27
27,20,28079039,08,31
27,20,28079040,08,23
27,20,28079047,08,17
27,20,28079048,08,33
27,20,28079049,08,23
27,20,28079050,08,36
27,20,28079054,08,13
27,20,28079055,08,23
27,20,28079056,08,27
27,20,28079057,08,24
27,20,28079058,08,4
27,20,28079059,08,14
27,20,28079060,08,17
27,20,28079024,09,4
27,20,28079038,09,5
27,20,28079047,09,5
27,20,28079048,09,6
27,20,28079050,09,7
27,20,28079018,10,4
27,20,28079024,10,4
27,20,28079036,10,4
27,20,28079038,10,4
27,20,28079040,10,6
27,20,28079047,10,4
27,20,28079048,10,8
27,20,28079050,10,8
27,20,28079055,10,4
27,20,28079057,10,5
27,20,28079060,10,5
27,20,28079016,14,23
27,20,28079017,14,34
27,20,28079018,14,29
27,20,28079024,14,43
27,20,28079027,14,33
27,20,28079035,14,28
27,20,28079039,14,27
27,20,28079049,14,28
27,20,28079054,14,35
27,20,28079056,14,29
27,20,28079058,14,44
27,20,28079059,14,29
27,20,28079060,14,36
27,20,28079011,20,2.2
27,20,28079018,20,0.5
27,20,28079024,20,0.3
27,20,28079038,20,0.8
27,20,28079055,20,0.5
27,20,28079011,30,1.5
27,20,28079018,30,0.2
27,20,28079024,30,0.5
27,20,28079038,30,0.4
27,20,28079055,30,0.1
27,20,28079011,35,0.4
27,20,28079018,35,1
27,20,28079024,35,0.5
27,20,28079038,35,0.2
27,20,28079055,35,1
27,20,28079024,42,1.32
27,20,28079027,42,1.23
27,20,28079055,42,1.43
27,20,28079024,44,0.22
27,20,28079027,44,0.13
27,20,28079055,44,0.12
27,21,28079004,01,3
27,21,28079017,01,3
27,21,28079018,01,2
27,21,28079024,01,1
27,21,28079035,01,3
27,21,28079036,01,1
27,21,28079038,01,3
27,21,28079040,01,5
27,21,28079057,01,5
27,21,28079004,06,0.3
27,21,28079016,06,0.3
27,21,28079018,06,0.3
27,21,28079024,06,0.2
27,21,28079035,06,0.3
27,21,28079036,06,0.3
27,21,28079039,06,0.3
27,21,28079056,06,0.2
27,21,28079057,06,0.3
27,21,28079004,07,12
27,21,28079011,07,2
27,21,28079016,07,7
27,21,28079017,07,6
27,21,28079018,07,1
27,21,28079024,07,1
27,21,28079027,07,3
27,21,28079035,07,5
27,21,28079036,07,6
27,21,28079038,07,11
27,21,28079039,07,10
27,21,28079040,07,6
27,21,28079047,07,2
27,21,28079048,07,11
27,21,28079049,07,2
27,21,28079050,07,20
27,21,28079054,07,5
27,21,28079055,07,4
27,21,28079056,07,7
27,21,28079057,07,6
27,21,28079058,07,1
27,21,28079059,07,3
27,21,28079060,07,2
27,21,28079004,08,23
27,21,28079011,08,31
27,21,28079016,08,35
27,21,28079017,08,21
27,21,28079018,08,20
27,21,28079024,08,4
27,21,28079027,08,27
27,21,28079035,08,20
27,21,28079036,08,18
27,21,28079038,08,26
27,21,28079039,08,33
27,21,28079040,08,20
27,21,28079047,08,24
27,21,28079048,08,32
27,21,28079049,08,26
27,21,28079050,08,31
27,21,28079054,08,9
27,21,28079055,08,31
27,21,28079056,08,29
27,21,28079057,08,23
27,21,28079058,08,5
27,21,28079059,08,15
27,21,28079060,08,17
27,21,28079024,09,4
27,21,28079038,09,8
27,21,28079047,09,5
27,21,28079048,09,9
27,21,28079050,09,6
27,21,28079018,10,4
27,21,28079024,10,4
27,21,28079036,10,5
27,21,28079038,10,4
27,21,28079040,10,5
27,21,28079047,10,5
27,21,28079048,10,13
27,21,28079050,10,10
27,21,28079055,10,8
27,21,28079057,10,6
27,21,28079060,10,6
27,21,28079016,14,22
27,21,28079017,14,31
27,21,28079018,14,30
27,21,28079024,14,46
27,21,28079027,14,33
27,21,28079035,14,31
27,21,28079039,14,26
27,21,28079049,14,26
27,21,28079054,14,39
27,21,28079056,14,27
27,21,28079058,14,42
27,21,28079059,14,30
27,21,28079060,14,35
27,21,28079011,20,2.5
27,21,28079018,20,0.5
27,21,28079024,20,0.3
27,21,28079038,20,1
27,21,28079055,20,0.7
27,21,28079011,30,1.6
27,21,28079018,30,0.2
27,21,28079024,30,0.5
27,21,28079038,30,0.4
27,21,28079055,30,0.1
27,21,28079011,35,0.3
27,21,28079018,35,1
27,21,28079024,35,0.5
27,21,28079038,35,0.3
27,21,28079055,35,1
27,21,28079024,42,1.32
27,21,28079027,42,1.23
27,21,28079055,42,1.44
27,21,28079024,44,0.23
27,21,28079027,44,0.13
27,21,28079055,44,0.13
27,22,28079004,01,3
27,22,28079017,01,3
27,22,28079018,01,2
27,22,28079024,01,1
27,22,28079035,01,3
27,22,28079036,01,1
27,22,28079038,01,3
27,22,28079040,01,5
27,22,28079057,01,5
27,22,28079004,06,0.3
27,22,28079016,06,0.3
27,22,28079018,06,0.3
27,22,28079024,06,0.2
27,22,28079035,06,0.3
27,22,28079036,06,0.3
27,22,28079039,06,0.2
27,22,28079056,06,0.2
27,22,28079057,06,0.3
27,22,28079004,07,10
27,22,28079011,07,3
27,22,28079016,07,5
27,22,28079017,07,5
27,22,28079018,07,2
27,22,28079024,07,1
27,22,28079027,07,1
27,22,28079035,07,9
27,22,28079036,07,8
27,22,28079038,07,10
27,22,28079039,07,7
27,22,28079040,07,9
27,22,28079047,07,2
27,22,28079048,07,8
27,22,28079049,07,1
27,22,28079050,07,17
27,22,28079054,07,4
27,22,28079055,07,2
27,22,28079056,07,6
27,22,28079057,07,6
27,22,28079058,07,2
27,22,28079059,07,2
27,22,28079060,07,1
27,22,28079004,08,25
27,22,28079011,08,33
27,22,28079016,08,29
27,22,28079017,08,18
27,22,28079018,08,19
27,22,28079024,08,4
27,22,28079027,08,16
27,22,28079035,08,28
27,22,28079036,08,24
27,22,28079038,08,25
27,22,28079039,08,28
27,22,28079040,08,29
27,22,28079047,08,23
27,22,28079048,08,31
27,22,28079049,08,19
27,22,28079050,08,29
27,22,28079054,08,17
27,22,28079055,08,20
27,22,28079056,08,25
27,22,28079057,08,21
27,22,28079058,08,3
27,22,28079059,08,9
27,22,28079060,08,17
27,22,28079024,09,3
27,22,28079038,09,5
27,22,28079047,09,4
27,22,28079048,09,5
27,22,28079050,09,4
27,22,28079018,10,3
27,22,28079024,10,3
27,22,28079036,10,5
27,22,28079038,10,2
27,22,28079040,10,5
27,22,28079047,10,3
27,22,28079048,10,7
27,22,28079050,10,5
27,22,28079055,10,6
27,22,28079057,10,7
27,22,28079060,10,7
27,22,28079016,14,29
27,22,28079017,14,36
27,22,28079018,14,34
27,22,28079024,14,52
27,22,28079027,14,48
27,22,28079035,14,26
27,22,28079039,14,34
27,22,28079049,14,33
27,22,28079054,14,32
27,22,28079056,14,34
27,22,28079058,14,58
27,22,28079059,14,47
27,22,28079060,14,45
27,22,28079011,20,2.5
27,22,28079018,20,0.3
27,22,28079024,20,0.3
27,22,28079038,20,1.3
27,22,28079055,20,0.7
27,22,28079011,30,1.6
27,22,28079018,30,0.1
27,22,28079024,30,0.4
27,22,28079038,30,0.5
27,22,28079055,30,0.2
27,22,28079011,35,0.3
27,22,28079018,35,1
27,22,28079024,35,0.5
27,22,28079038,35,0.3
27,22,28079055,35,1
27,22,28079024,42,1.32
27,22,28079027,42,1.21
27,22,28079055,42,1.43
27,22,28079024,44,0.23
27,22,28079027,44,0.12
27,22,28079055,44,0.12
27,23,28079004,01,4
27,23,28079017,01,3
27,23,28079018,01,2
27,23,28079024,01,1
27,23,28079035,01,4
27,23,28079036,01,1
27,23,28079038,01,3
27,23,28079040,01,5
27,23,28079057,01,4
27,23,28079004,06,0.3
27,23,28079016,06,0.2
27,23,28079018,06,0.2
27,23,28079024,06,0.2
27,23,28079035,06,0.3
27,23,28079036,06,0.2
27,23,28079039,06,0.2
27,23,28079056,06,0.2
27,23,28079057,06,0.2
27,23,28079004,07,8
27,23,28079011,07,2
27,23,28079016,07,1
27,23,28079017,07,3
27,23,28079018,07,2
27,23,28079024,07,1
27,23,28079027,07,1
27,23,28079035,07,5
27,23,28079036,07,3
27,23,28079038,07,7
27,23,28079039,07,2
27,23,28079040,07,2
27,23,28079047,07,1
27,23,28079048,07,3
27,23,28079049,07,1
27,23,28079050,07,10
27,23,28079054,07,3
27,23,28079055,07,1
27,23,28079056,07,4
27,23,28079057,07,1
27,23,28079058,07,2
27,23,28079059,07,2
27,23,28079060,07,1
27,23,28079004,08,31
27,23,28079011,08,28
27,23,28079016,08,12
27,23,28079017,08,14
27,23,28079018,08,16
27,23,28079024,08,3
27,23,28079027,08,6
27,23,28079035,08,26
27,23,28079036,08,12
27,23,28079038,08,16
27,23,28079039,08,15
27,23,28079040,08,20
27,23,28079047,08,14
27,23,28079048,08,17
27,23,28079049,08,14
27,23,28079050,08,17
27,23,28079054,08,13
27,23,28079055,08,7
27,23,28079056,08,21
27,23,28079057,08,9
27,23,28079058,08,3
27,23,28079059,08,3
27,23,28079060,08,9
27,23,28079024,09,1
27,23,28079038,09,1
27,23,28079047,09,4
27,23,28079048,09,1
27,23,28079050,09,2
27,23,28079018,10,4
27,23,28079024,10,2
27,23,28079036,10,4
27,23,28079038,10,3
27,23,28079040,10,4
27,23,28079047,10,4
27,23,28079048,10,4
27,23,28079050,10,4
27,23,28079055,10,4
27,23,28079057,10,3
27,23,28079060,10,4
27,23,28079016,14,62
27,23,28079017,14,61
27,23,28079018,14,56
27,23,28079024,14,73
27,23,28079027,14,75
27,23,28079035,14,49
27,23,28079039,14,65
27,23,28079049,14,60
27,23,28079054,14,56
27,23,28079056,14,56
27,23,28079058,14,73
27,23,28079059,14,59
27,23,28079060,14,68
27,23,28079011,20,3.5
27,23,28079018,20,0.3
27,23,28079024,20,0.3
27,23,28079038,20,1.3
27,23,28079055,20,0.4
27,23,28079011,30,1.9
27,23,28079018,30,0.1
27,23,28079024,30,0.5
27,23,28079038,30,0.4
27,23,28079055,30,0.1
27,23,28079011,35,0.3
27,23,28079018,35,1
27,23,28079024,35,0.5
27,23,28079038,35,0.2
27,23,28079055,35,1
27,23,28079024,42,1.32
27,23,28079027,42,1.2
27,23,28079055,42,1.42
27,23,28079024,44,0.24
27,23,28079027,44,0.12
27,23,28079055,44,0.12
27,24,28079004,01,3
27,24,28079017,01,3
27,24,28079018,01,2
27,24,28079024,01,1
27,24,28079035,01,3
27,24,28079036,01,1
27,24,28079038,01,2
27,24,28079040,01,5
27,24,28079057,01,4
27,24,28079004,06,0.3
27,24,28079016,06,0.2
27,24,28079018,06,0.2
27,24,28079024,06,0.2
27,24,28079035,06,0.3
27,24,28079036,06,0.2
27,24,28079039,06,0.2
27,24,28079056,06,0.2
27,24,28079057,06,0.2
27,24,28079004,07,5
27,24,28079011,07,2
27,24,28079016,07,1
27,24,28079017,07,1
27,24,28079018,07,1
27,24,28079024,07,1
27,24,28079027,07,1
27,24,28079035,07,4
27,24,28079036,07,2
27,24,28079038,07,3
27,24,28079039,07,4
27,24,28079040,07,1
27,24,28079047,07,1
27,24,28079048,07,2
27,24,28079049,07,1
27,24,28079050,07,7
27,24,28079054,07,3
27,24,28079055,07,1
27,24,28079056,07,1
27,24,28079057,07,1
27,24,28079058,07,2
27,24,28079059,07,1
27,24,28079060,07,1
27,24,28079004,08,16
27,24,28079011,08,26
27,24,28079016,08,11
27,24,28079017,08,9
27,24,28079018,08,9
27,24,28079024,08,2
27,24,28079027,08,6
27,24,28079035,08,17
27,24,28079036,08,6
27,24,28079038,08,12
27,24,28079039,08,13
27,24,28079040,08,12
27,24,28079047,08,10
27,24,28079048,08,11
27,24,28079049,08,10
27,24,28079050,08,14
27,24,28079054,08,6
27,24,28079055,08,7
27,24,28079056,08,13
27,24,28079057,08,8
27,24,28079058,08,2
27,24,28079059,08,2
27,24,28079060,08,8
27,24,28079024,09,4
27,24,28079038,09,11
27,24,28079047,09,6
27,24,28079048,09,12
27,24,28079050,09,8
27,24,28079018,10,8
27,24,28079024,10,7
27,24,28079036,10,13
27,24,28079038,10,9
27,24,28079040,10,8
27,24,28079047,10,9
27,24,28079048,10,22
27,24,28079050,10,15
27,24,28079055,10,10
27,24,28079057,10,10
27,24,28079060,10,9
27,24,28079016,14,61
27,24,28079017,14,65
27,24,28079018,14,62
27,24,28079024,14,73
27,24,28079027,14,71
27,24,28079035,14,58
27,24,28079039,14,54
27,24,28079049,14,65
27,24,28079054,14,65
27,24,28079056,14,62
27,24,28079058,14,70
27,24,28079059,14,59
27,24,28079060,14,66
27,24,28079011,20,1.7
27,24,28079018,20,0.2
27,24,28079024,20,0.2
27,24,28079038,20,0.8
27,24,28079055,20,0.2
27,24,28079011,30,1.3
27,24,28079018,30,0.1
27,24,28079024,30,0.4
27,24,28079038,30,0.3
27,24,28079055,30,0.2
27,24,28079011,35,1
27,24,28079018,35,1
27,24,28079024,35,0.4
27,24,28079038,35,0.9
27,24,28079055,35,1
27,24,28079024,42,1.33
27,24,28079027,42,1.2
27,24,28079055,42,1.42
27,24,28079024,44,0.25
27,24,28079027,44,0.12
27,24,28079055,44,0.12
27,3,28079004,01,8
27,3,28079017,01,7
27,3,28079018,01,4
27,3,28079024,01,1
27,3,28079035,01,5
27,3,28079036,01,3
27,3,28079038,01,4
27,3,28079040,01,6
27,3,28079057,01,8
27,3,28079004,06,0.8
27,3,28079016,06,0.8
27,3,28079018,06,0.5
27,3,28079024,06,0.3
27,3,28079035,06,0.4
27,3,28079036,06,0.5
27,3,28079039,06,0.4
27,3,28079056,06,0.6
27,3,28079057,06,0.6
27,3,28079004,07,188
27,3,28079011,07,5
27,3,28079016,07,110
27,3,28079017,07,176
27,3,28079018,07,52
27,3,28079024,07,7
27,3,28079027,07,66
27,3,28079035,07,29
27,3,28079036,07,52
27,3,28079038,07,11
27,3,28079039,07,47
27,3,28079040,07,37
27,3,28079047,07,146
27,3,28079048,07,7
27,3,28079049,07,103
27,3,28079054,07,42
27,3,28079055,07,83
27,3,28079056,07,109
27,3,28079057,07,78
27,3,28079058,07,3
27,3,28079059,07,114
27,3,28079060,07,73
27,3,28079004,08,87
27,3,28079011,08,42
27,3,28079016,08,90
27,3,28079017,08,83
27,3,28079018,08,64
27,3,28079024,08,46
27,3,28079027,08,60
27,3,28079035,08,52
27,3,28079036,08,56
27,3,28079038,08,35
27,3,28079039,08,75
27,3,28079040,08,68
27,3,28079047,08,84
27,3,28079048,08,33
27,3,28079049,08,64
27,3,28079054,08,49
27,3,28079055,08,72
27,3,28079056,08,87
27,3,28079057,08,91
27,3,28079058,08,14
27,3,28079059,08,57
27,3,28079060,08,77
27,3,28079024,09,7
27,3,28079038,09,13
27,3,28079047,09,19
27,3,28079048,09,27
27,3,28079018,10,14
27,3,28079024,10,9
27,3,28079036,10,18
27,3,28079038,10,12
27,3,28079040,10,17
27,3,28079047,10,28
27,3,28079048,10,52
27,3,28079055,10,22
27,3,28079057,10,22
27,3,28079060,10,20
27,3,28079016,14,4
27,3,28079017,14,4
27,3,28079018,14,3
27,3,28079024,14,9
27,3,28079027,14,5
27,3,28079035,14,6
27,3,28079039,14,2
27,3,28079049,14,3
27,3,28079054,14,4
27,3,28079056,14,4
27,3,28079058,14,12
27,3,28079059,14,6
27,3,28079060,14,5
27,3,28079011,20,5.6
27,3,28079018,20,2.5
27,3,28079024,20,1.3
27,3,28079038,20,1.8
27,3,28079055,20,4.3
27,3,28079011,30,2.7
27,3,28079018,30,0.5
27,3,28079024,30,0.7
27,3,28079038,30,0.6
27,3,28079055,30,1
27,3,28079011,35,0.7
27,3,28079018,35,0.2
27,3,28079024,35,0.5
27,3,28079038,35,0.4
27,3,28079055,35,1
27,3,28079024,42,1.41
27,3,28079027,42,1.6
27,3,28079055,42,2.06
27,3,28079024,44,0.27
27,3,28079027,44,0.2
27,3,28079055,44,0.47
27,4,28079004,01,6
27,4,28079017,01,5
27,4,28079018,01,3
27,4,28079024,01,1
27,4,28079035,01,4
27,4,28079036,01,3
27,4,28079038,01,3
27,4,28079040,01,5
27,4,28079057,01,8
27,4,28079004,06,0.6
27,4,28079016,06,0.9
27,4,28079018,06,0.4
27,4,28079024,06,0.3
27,4,28079035,06,0.4
27,4,28079036,06,0.5
27,4,28079039,06,0.5
27,4,28079056,06,0.4
27,4,28079057,06,0.5
27,4,28079004,07,143
27,4,28079011,07,1
27,4,28079016,07,154
27,4,28079017,07,85
27,4,28079018,07,30
27,4,28079024,07,4
27,4,28079027,07,13
27,4,28079035,07,27
27,4,28079036,07,49
27,4,28079038,07,9
27,4,28079039,07,64
27,4,28079040,07,25
27,4,28079047,07,116
27,4,28079048,07,12
27,4,28079049,07,32
27,4,28079054,07,52
27,4,28079055,07,16
27,4,28079056,07,82
27,4,28079057,07,58
27,4,28079058,07,3
27,4,28079059,07,67
27,4,28079060,07,56
27,4,28079004,08,72
27,4,28079011,08,38
27,4,28079016,08,101
27,4,28079017,08,62
27,4,28079018,08,52
27,4,28079024,08,42
27,4,28079027,08,51
27,4,28079035,08,42
27,4,28079036,08,48
27,4,28079038,08,40
27,4,28079039,08,72
27,4,28079040,08,53
27,4,28079047,08,69
27,4,28079048,08,38
27,4,28079049,08,39
27,4,28079054,08,42
27,4,28079055,08,53
27,4,28079056,08,75
27,4,28079057,08,82
27,4,28079058,08,15
27,4,28079059,08,51
27,4,28079060,08,73
27,4,28079024,09,7
27,4,28079038,09,11
27,4,28079047,09,17
27,4,28079048,09,18
27,4,28079018,10,13
27,4,28079024,10,9
27,4,28079036,10,20
27,4,28079038,10,10
27,4,28079040,10,15
27,4,28079047,10,23
27,4,28079048,10,29
27,4,28079055,10,15
27,4,28079057,10,19
27,4,28079060,10,13
27,4,28079016,14,4
27,4,28079017,14,4
27,4,28079018,14,2
27,4,28079024,14,5
27,4,28079027,14,6
27,4,28079035,14,8
27,4,28079039,14,3
27,4,28079049,14,2
27,4,28079054,14,5
27,4,28079056,14,3
27,4,28079058,14,10
27,4,28079059,14,6
27,4,28079060,14,4
27,4,28079011,20,4.3
27,4,28079018,20,1.7
27,4,28079024,20,1
27,4,28079038,20,1.4
27,4,28079055,20,2.7
27,4,28079011,30,2.1
27,4,28079018,30,0.4
27,4,28079024,30,0.7
27,4,28079038,30,0.6
27,4,28079055,30,0.8
27,4,28079011,35,0.3
27,4,28079018,35,0.6
27,4,28079024,35,0.5
27,4,28079038,35,0.2
27,4,28079055,35,1
27,4,28079024,42,1.41
27,4,28079027,42,1.6
27,4,28079055,42,1.81
27,4,28079024,44,0.28
27,4,28079027,44,0.2
27,4,28079055,44,0.23
27,5,28079004,01,6
27,5,28079017,01,5
27,5,28079018,01,3
27,5,28079024,01,1
27,5,28079035,01,5
27,5,28079036,01,1
27,5,28079038,01,3
27,5,28079040,01,5
27,5,28079057,01,6
27,5,28079004,06,0.6
27,5,28079016,06,0.6
27,5,28079018,06,0.4
27,5,28079024,06,0.3
27,5,28079035,06,0.5
27,5,28079036,06,0.3
27,5,28079039,06,0.4
27,5,28079056,06,0.4
27,5,28079057,06,0.5
27,5,28079004,07,125
27,5,28079011,07,10
27,5,28079016,07,98
27,5,28079017,07,109
27,5,28079018,07,22
27,5,28079024,07,3
27,5,28079027,07,21
27,5,28079035,07,68
27,5,28079036,07,22
27,5,28079038,07,7
27,5,28079039,07,34
27,5,28079040,07,2
27,5,28079047,07,89
27,5,28079048,07,37
27,5,28079049,07,55
27,5,28079054,07,24
27,5,28079055,07,34
27,5,28079056,07,79
27,5,28079057,07,30
27,5,28079058,07,2
27,5,28079059,07,22
27,5,28079060,07,47
27,5,28079004,08,64
27,5,28079011,08,44
27,5,28079016,08,74
27,5,28079017,08,58
27,5,28079018,08,51
27,5,28079024,08,37
27,5,28079027,08,52
27,5,28079035,08,56
27,5,28079036,08,36
27,5,28079038,08,37
27,5,28079039,08,56
27,5,28079040,08,26
27,5,28079047,08,59
27,5,28079048,08,50
27,5,28079049,08,41
27,5,28079054,08,33
27,5,28079055,08,56
27,5,28079056,08,70
27,5,28079057,08,72
27,5,28079058,08,13
27,5,28079059,08,44
27,5,28079060,08,70
27,5,28079024,09,7
27,5,28079038,09,11
27,5,28079047,09,13
27,5,28079048,09,9
27,5,28079018,10,10
27,5,28079024,10,8
27,5,28079036,10,13
27,5,28079038,10,9
27,5,28079040,10,7
27,5,28079047,10,17
27,5,28079048,10,19
27,5,28079055,10,15
27,5,28079057,10,14
27,5,28079060,10,21
27,5,28079016,14,4
27,5,28079017,14,4
27,5,28079018,14,2
27,5,28079024,14,6
27,5,28079027,14,5
27,5,28079035,14,2
27,5,28079039,14,3
27,5,28079049,14,2
27,5,28079054,14,7
27,5,28079056,14,4
27,5,28079058,14,9
27,5,28079059,14,5
27,5,28079060,14,4
27,5,28079011,20,4.2
27,5,28079018,20,1.1
27,5,28079024,20,1
27,5,28079038,20,1.9
27,5,28079055,20,1.7
27,5,28079011,30,2.1
27,5,28079018,30,0.3
27,5,28079024,30,0.7
27,5,28079038,30,0.7
27,5,28079055,30,0.8
27,5,28079011,35,0.3
27,5,28079018,35,1
27,5,28079024,35,0.6
27,5,28079038,35,0.3
27,5,28079055,35,0.5
27,5,28079024,42,1.42
27,5,28079027,42,1.64
27,5,28079055,42,1.85
27,5,28079024,44,0.29
27,5,28079027,44,0.23
27,5,28079055,44,0.28
27,6,28079004,01,5
27,6,28079017,01,4
27,6,28079018,01,4
27,6,28079024,01,1
27,6,28079035,01,4
27,6,28079036,01,1
27,6,28079038,01,3
27,6,28079040,01,5
27,6,28079057,01,6
27,6,28079004,06,0.5
27,6,28079016,06,0.6
27,6,28079018,06,0.4
27,6,28079024,06,0.3
27,6,28079035,06,0.4
27,6,28079036,06,0.3
27,6,28079039,06,0.2
27,6,28079056,06,0.4
27,6,28079057,06,0.4
27,6,28079004,07,100
27,6,28079011,07,6
27,6,28079016,07,70
27,6,28079017,07,53
27,6,28079018,07,44
27,6,28079024,07,5
27,6,28079027,07,15
27,6,28079035,07,47
27,6,28079036,07,7
27,6,28079038,07,8
27,6,28079039,07,5
27,6,28079040,07,2
27,6,28079047,07,32
27,6,28079048,07,32
27,6,28079049,07,35
27,6,28079054,07,5
27,6,28079055,07,40
27,6,28079056,07,77
27,6,28079057,07,23
27,6,28079058,07,2
27,6,28079059,07,26
27,6,28079060,07,23
27,6,28079004,08,55
27,6,28079011,08,41
27,6,28079016,08,65
27,6,28079017,08,44
27,6,28079018,08,52
27,6,28079024,08,32
27,6,28079027,08,40
27,6,28079035,08,45
27,6,28079036,08,22
27,6,28079038,08,34
27,6,28079039,08,32
27,6,28079040,08,24
27,6,28079047,08,41
27,6,28079048,08,47
27,6,28079049,08,37
27,6,28079054,08,23
27,6,28079055,08,53
27,6,28079056,08,63
27,6,28079057,08,66
27,6,28079058,08,18
27,6,28079059,08,36
27,6,28079060,08,53
27,6,28079024,09,9
27,6,28079038,09,9
27,6,28079047,09,11
27,6,28079048,09,11
27,6,28079018,10,13
27,6,28079024,10,9
27,6,28079036,10,6
27,6,28079038,10,8
27,6,28079040,10,8
27,6,28079047,10,14
27,6,28079048,10,18
27,6,28079055,10,17
27,6,28079057,10,16
27,6,28079060,10,35
27,6,28079016,14,4
27,6,28079017,14,4
27,6,28079018,14,2
27,6,28079024,14,4
27,6,28079027,14,7
27,6,28079035,14,2
27,6,28079039,14,13
27,6,28079049,14,2
27,6,28079054,14,12
27,6,28079056,14,4
27,6,28079058,14,8
27,6,28079059,14,6
27,6,28079060,14,7
27,6,28079011,20,4.8
27,6,28079018,20,1.5
27,6,28079024,20,1
27,6,28079038,20,1.6
27,6,28079055,20,2.7
27,6,28079011,30,2.1
27,6,28079018,30,0.3
27,6,28079024,30,0.7
27,6,28079038,30,0.5
27,6,28079055,30,0.8
27,6,28079011,35,0.4
27,6,28079018,35,0.7
27,6,28079024,35,0.6
27,6,28079038,35,0.4
27,6,28079055,35,0.4
27,6,28079024,42,1.44
27,6,28079027,42,1.65
27,6,28079055,42,2
27,6,28079024,44,0.28
27,6,28079027,44,0.2
27,6,28079055,44,0.34
27,7,28079004,01,5
27,7,28079017,01,3
27,7,28079018,01,3
27,7,28079024,01,1
27,7,28079035,01,3
27,7,28079036,01,1
27,7,28079038,01,3
27,7,28079040,01,5
27,7,28079057,01,6
27,7,28079004,06,0.5
27,7,28079016,06,0.5
27,7,28079018,06,0.4
27,7,28079024,06,0.3
27,7,28079035,06,0.4
27,7,28079036,06,0.3
27,7,28079039,06,0.3
27,7,28079056,06,0.4
27,7,28079057,06,0.5
27,7,28079004,07,88
27,7,28079011,07,9
27,7,28079016,07,61
27,7,28079017,07,34
27,7,28079018,07,25
27,7,28079024,07,2
27,7,28079027,07,13
27,7,28079035,07,34
27,7,28079036,07,7
27,7,28079038,07,16
27,7,28079039,07,29
27,7,28079040,07,2
27,7,28079047,07,17
27,7,28079048,07,25
27,7,28079049,07,18
27,7,28079054,07,6
27,7,28079055,07,11
27,7,28079056,07,71
27,7,28079057,07,24
27,7,28079058,07,3
27,7,28079059,07,18
27,7,28079060,07,28
27,7,28079004,08,52
27,7,28079011,08,43
27,7,28079016,08,62
27,7,28079017,08,32
27,7,28079018,08,45
27,7,28079024,08,27
27,7,28079027,08,40
27,7,28079035,08,42
27,7,28079036,08,18
27,7,28079038,08,42
27,7,28079039,08,48
27,7,28079040,08,22
27,7,28079047,08,33
27,7,28079048,08,42
27,7,28079049,08,30
27,7,28079054,08,21
27,7,28079055,08,44
27,7,28079056,08,58
27,7,28079057,08,61
27,7,28079058,08,23
27,7,28079059,08,36
27,7,28079060,08,60
27,7,28079024,09,8
27,7,28079038,09,9
27,7,28079047,09,9
27,7,28079048,09,9
27,7,28079018,10,11
27,7,28079024,10,9
27,7,28079036,10,11
27,7,28079038,10,10
27,7,28079040,10,7
27,7,28079047,10,10
27,7,28079048,10,14
27,7,28079055,10,11
27,7,28079057,10,16
27,7,28079060,10,9
27,7,28079016,14,4
27,7,28079017,14,5
27,7,28079018,14,2
27,7,28079024,14,7
27,7,28079027,14,10
27,7,28079035,14,2
27,7,28079039,14,3
27,7,28079049,14,2
27,7,28079054,14,13
27,7,28079056,14,4
27,7,28079058,14,7
27,7,28079059,14,6
27,7,28079060,14,4
27,7,28079011,20,6.2
27,7,28079018,20,1.7
27,7,28079024,20,1.1
27,7,28079038,20,2.3
27,7,28079055,20,2.1
27,7,28079011,30,2.8
27,7,28079018,30,0.4
27,7,28079024,30,0.7
27,7,28079038,30,0.7
27,7,28079055,30,0.7
27,7,28079011,35,0.7
27,7,28079018,35,0.6
27,7,28079024,35,0.6
27,7,28079038,35,0.4
27,7,28079055,35,0.5
27,7,28079024,42,1.42
27,7,28079027,42,1.6
27,7,28079055,42,1.81
27,7,28079024,44,0.28
27,7,28079027,44,0.19
27,7,28079055,44,0.21
27,8,28079004,01,4
27,8,28079017,01,4
27,8,28079018,01,3
27,8,28079024,01,1
27,8,28079035,01,4
27,8,28079036,01,1
27,8,28079038,01,3
27,8,28079040,01,5
27,8,28079057,01,5
27,8,28079004,06,0.5
27,8,28079016,06,0.5
27,8,28079018,06,0.4
27,8,28079024,06,0.3
27,8,28079035,06,0.4
27,8,28079036,06,0.3
27,8,28079039,06,0.4
27,8,28079056,06,0.3
27,8,28079057,06,0.5
27,8,28079004,07,60
27,8,28079011,07,6
27,8,28079016,07,42
27,8,28079017,07,48
27,8,28079018,07,20
27,8,28079024,07,2
27,8,28079027,07,26
27,8,28079035,07,35
27,8,28079036,07,11
27,8,28079038,07,17
27,8,28079039,07,46
27,8,28079040,07,8
27,8,28079047,07,17
27,8,28079048,07,29
27,8,28079049,07,12
27,8,28079054,07,5
27,8,28079055,07,27
27,8,28079056,07,64
27,8,28079057,07,20
27,8,28079058,07,8
27,8,28079059,07,19
27,8,28079060,07,35
27,8,28079004,08,46
27,8,28079011,08,39
27,8,28079016,08,55
27,8,28079017,08,35
27,8,28079018,08,43
27,8,28079024,08,24
27,8,28079027,08,50
27,8,28079035,08,40
27,8,28079036,08,23
27,8,28079038,08,42
27,8,28079039,08,51
27,8,28079040,08,33
27,8,28079047,08,32
27,8,28079048,08,43
27,8,28079049,08,31
27,8,28079054,08,16
27,8,28079055,08,53
27,8,28079056,08,54
27,8,28079057,08,59
27,8,28079058,08,26
27,8,28079059,08,35
27,8,28079060,08,59
27,8,28079024,09,10
27,8,28079038,09,12
27,8,28079047,09,9
27,8,28079048,09,9
27,8,28079018,10,13
27,8,28079024,10,11
27,8,28079036,10,8
27,8,28079038,10,10
27,8,28079040,10,8
27,8,28079047,10,10
27,8,28079048,10,12
27,8,28079055,10,15
27,8,28079057,10,19
27,8,28079060,10,21
27,8,28079016,14,4
27,8,28079017,14,4
27,8,28079018,14,2
27,8,28079024,14,6
27,8,28079027,14,6
27,8,28079035,14,2
27,8,28079039,14,3
27,8,28079049,14,2
27,8,28079054,14,16
27,8,28079056,14,3
27,8,28079058,14,5
27,8,28079059,14,6
27,8,28079060,14,4
27,8,28079011,20,6.7
27,8,28079018,20,1.2
27,8,28079024,20,0.9
27,8,28079038,20,1.9
27,8,28079055,20,1.6
27,8,28079011,30,2.9
27,8,28079018,30,0.3
27,8,28079024,30,0.7
27,8,28079038,30,0.7
27,8,28079055,30,0.7
27,8,28079011,35,1.1
27,8,28079018,35,0.7
27,8,28079024,35,0.6
27,8,28079038,35,0.4
27,8,28079055,35,0.4
27,8,28079024,42,1.42
27,8,28079027,42,1.6
27,8,28079055,42,1.83
27,8,28079024,44,0.29
27,8,28079027,44,0.19
27,8,28079055,44,0.21
27,9,28079004,01,5
27,9,28079017,01,4
27,9,28079018,01,4
27,9,28079024,01,1
27,9,28079035,01,3
27,9,28079036,01,1
27,9,28079038,01,3
27,9,28079040,01,5
27,9,28079057,01,5
27,9,28079004,06,0.8
27,9,28079016,06,0.5
27,9,28079018,06,0.5
27,9,28079024,06,0.3
27,9,28079035,06,0.3
27,9,28079036,06,0.3
27,9,28079039,06,0.4
27,9,28079056,06,0.3
27,9,28079057,06,0.4
27,9,28079004,07,88
27,9,28079011,07,16
27,9,28079016,07,49
27,9,28079017,07,38
27,9,28079018,07,36
27,9,28079024,07,4
27,9,28079027,07,18
27,9,28079035,07,16
27,9,28079036,07,12
27,9,28079038,07,13
27,9,28079039,07,53
27,9,28079040,07,7
27,9,28079047,07,24
27,9,28079048,07,16
27,9,28079049,07,13
27,9,28079054,07,9
27,9,28079055,07,31
27,9,28079056,07,51
27,9,28079057,07,15
27,9,28079058,07,7
27,9,28079059,07,11
27,9,28079060,07,28
27,9,28079004,08,51
27,9,28079011,08,43
27,9,28079016,08,56
27,9,28079017,08,32
27,9,28079018,08,45
27,9,28079024,08,26
27,9,28079027,08,41
27,9,28079035,08,36
27,9,28079036,08,25
27,9,28079038,08,42
27,9,28079039,08,53
27,9,28079040,08,33
27,9,28079047,08,34
27,9,28079048,08,38
27,9,28079049,08,32
27,9,28079054,08,14
27,9,28079055,08,51
27,9,28079056,08,48
27,9,28079057,08,54
27,9,28079058,08,28
27,9,28079059,08,33
27,9,28079060,08,55
27,9,28079024,09,12
27,9,28079038,09,12
27,9,28079047,09,9
27,9,28079048,09,14
27,9,28079018,10,18
27,9,28079024,10,12
27,9,28079036,10,7
27,9,28079038,10,11
27,9,28079040,10,8
27,9,28079047,10,9
27,9,28079048,10,22
27,9,28079055,10,15
27,9,28079057,10,18
27,9,28079060,10,24
27,9,28079016,14,4
27,9,28079017,14,7
27,9,28079018,14,3
27,9,28079024,14,5
27,9,28079027,14,8
27,9,28079035,14,4
27,9,28079039,14,3
27,9,28079049,14,2
27,9,28079054,14,18
27,9,28079056,14,4
27,9,28079058,14,6
27,9,28079059,14,7
27,9,28079060,14,3
27,9,28079011,20,5.7
27,9,28079018,20,1.3
27,9,28079024,20,0.9
27,9,28079038,20,2.7
27,9,28079055,20,1.4
27,9,28079011,30,2.4
27,9,28079018,30,0.4
27,9,28079024,30,0.7
27,9,28079038,30,0.7
27,9,28079055,30,0.7
27,9,28079011,35,0.8
27,9,28079018,35,1
27,9,28079024,35,0.7
27,9,28079038,35,0.5
27,9,28079055,35,1
27,9,28079024,42,1.51
27,9,28079027,42,1.52
27,9,28079055,42,1.84
27,9,28079024,44,0.3
27,9,28079027,44,0.17
27,9,28079055,44,0.21
28,1,28079004,01,3
28,1,28079017,01,3
28,1,28079018,01,2
28,1,28079024,01,1
28,1,28079035,01,3
28,1,28079036,01,1
28,1,28079038,01,2
28,1,28079040,01,4
28,1,28079057,01,4
28,1,28079004,06,0.2
28,1,28079016,06,0.2
28,1,28079018,06,0.2
28,1,28079024,06,0.2
28,1,28079035,06,0.3
28,1,28079036,06,0.2
28,1,28079039,06,0.2
28,1,28079056,06,0.1
28,1,28079057,06,0.2
28,1,28079004,07,3
28,1,28079011,07,1
28,1,28079016,07,1
28,1,28079017,07,1
28,1,28079018,07,1
28,1,28079024,07,1
28,1,28079027,07,1
28,1,28079035,07,4
28,1,28079036,07,1
28,1,28079038,07,8
28,1,28079039,07,1
28,1,28079040,07,1
28,1,28079047,07,1
28,1,28079048,07,1
28,1,28079049,07,1
28,1,28079050,07,5
28,1,28079054,07,3
28,1,28079055,07,1
28,1,28079056,07,1
28,1,28079057,07,1
28,1,28079058,07,2
28,1,28079059,07,1
28,1,28079060,07,1
28,1,28079004,08,13
28,1,28079011,08,17
28,1,28079016,08,13
28,1,28079017,08,5
28,1,28079018,08,5
28,1,28079024,08,1
28,1,28079027,08,7
28,1,28079035,08,16
28,1,28079036,08,3
28,1,28079038,08,12
28,1,28079039,08,8
28,1,28079040,08,10
28,1,28079047,08,8
28,1,28079048,08,9
28,1,28079049,08,9
28,1,28079050,08,10
28,1,28079054,08,6
28,1,28079055,08,7
28,1,28079056,08,9
28,1,28079057,08,7
28,1,28079058,08,4
28,1,28079059,08,3
28,1,28079060,08,5
28,1,28079024,09,4
28,1,28079038,09,7
28,1,28079047,09,7
28,1,28079048,09,7
28,1,28079050,09,5
28,1,28079018,10,7
28,1,28079024,10,7
28,1,28079036,10,7
28,1,28079038,10,5
28,1,28079040,10,8
28,1,28079047,10,7
28,1,28079048,10,8
28,1,28079050,10,6
28,1,28079055,10,9
28,1,28079057,10,7
28,1,28079060,10,5
28,1,28079016,14,54
28,1,28079017,14,64
28,1,28079018,14,61
28,1,28079024,14,70
28,1,28079027,14,66
28,1,28079035,14,55
28,1,28079039,14,65
28,1,28079049,14,61
28,1,28079054,14,61
28,1,28079056,14,62
28,1,28079058,14,56
28,1,28079059,14,58
28,1,28079060,14,66
28,1,28079011,20,1.4
28,1,28079018,20,0.2
28,1,28079024,20,0.2
28,1,28079038,20,0.6
28,1,28079055,20,0.1
28,1,28079011,30,1.2
28,1,28079018,30,0.1
28,1,28079024,30,0.4
28,1,28079038,30,0.2
28,1,28079055,30,0.2
28,1,28079011,35,1
28,1,28079018,35,1
28,1,28079024,35,0.4
28,1,28079038,35,0.7
28,1,28079055,35,1
28,1,28079024,42,1.33
28,1,28079027,42,1.21
28,1,28079055,42,1.42
28,1,28079024,44,0.25
28,1,28079027,44,0.12
28,1,28079055,44,0.12
28,10,28079004,01,5
28,10,28079017,01,4
28,10,28079018,01,3
28,10,28079024,01,1
28,10,28079035,01,6
28,10,28079036,01,3
28,10,28079038,01,6
28,10,28079040,01,9
28,10,28079057,01,4
28,10,28079004,06,0.4
28,10,28079016,06,0.4
28,10,28079018,06,0.5
28,10,28079024,06,0.2
28,10,28079035,06,0.4
28,10,28079036,06,0.5
28,10,28079039,06,0.4
28,10,28079056,06,0.4
28,10,28079057,06,0.4
28,10,28079004,07,29
28,10,28079011,07,42
28,10,28079016,07,35
28,10,28079017,07,39
28,10,28079018,07,13
28,10,28079024,07,2
28,10,28079027,07,135
28,10,28079035,07,41
28,10,28079036,07,41
28,10,28079038,07,45
28,10,28079039,07,54
28,10,28079040,07,34
28,10,28079047,07,22
28,10,28079048,07,37
28,10,28079049,07,12
28,10,28079050,07,101
28,10,28079054,07,51
28,10,28079055,07,227
28,10,28079056,07,29
28,10,28079057,07,32
28,10,28079058,07,17
28,10,28079059,07,139
28,10,28079060,07,32
28,10,28079004,08,74
28,10,28079011,08,85
28,10,28079016,08,65
28,10,28079017,08,71
28,10,28079018,08,51
28,10,28079024,08,18
28,10,28079027,08,101
28,10,28079035,08,67
28,10,28079036,08,58
28,10,28079038,08,69
28,10,28079039,08,78
28,10,28079040,08,68
28,10,28079047,08,57
28,10,28079048,08,64
28,10,28079049,08,52
28,10,28079050,08,90
28,10,28079054,08,65
28,10,28079055,08,122
28,10,28079056,08,65
28,10,28079057,08,66
28,10,28079058,08,34
28,10,28079059,08,65
28,10,28079060,08,67
28,10,28079024,09,7
28,10,28079038,09,14
28,10,28079047,09,11
28,10,28079048,09,12
28,10,28079050,09,14
28,10,28079018,10,19
28,10,28079024,10,12
28,10,28079036,10,16
28,10,28079038,10,16
28,10,28079040,10,20
28,10,28079047,10,17
28,10,28079048,10,27
28,10,28079050,10,35
28,10,28079055,10,44
28,10,28079057,10,22
28,10,28079060,10,21
28,10,28079016,14,20
28,10,28079017,14,15
28,10,28079018,14,23
28,10,28079024,14,49
28,10,28079027,14,8
28,10,28079035,14,12
28,10,28079039,14,16
28,10,28079049,14,23
28,10,28079054,14,13
28,10,28079056,14,23
28,10,28079058,14,14
28,10,28079059,14,11
28,10,28079060,14,17
28,10,28079011,20,5.5
28,10,28079018,20,2
28,10,28079024,20,0.3
28,10,28079038,20,4.5
28,10,28079055,20,4.7
28,10,28079011,30,3
28,10,28079018,30,0.5
28,10,28079024,30,0.5
28,10,28079038,30,1.6
28,10,28079055,30,1.6
28,10,28079011,35,0.5
28,10,28079018,35,0.8
28,10,28079024,35,0.3
28,10,28079038,35,0.8
28,10,28079055,35,0.6
28,10,28079024,42,1.35
28,10,28079027,42,1.76
28,10,28079055,42,1.91
28,10,28079024,44,0.26
28,10,28079027,44,0.37
28,10,28079055,44,0.33
28,11,28079004,01,6
28,11,28079017,01,3
28,11,28079018,01,2
28,11,28079024,01,1
28,11,28079036,01,4
28,11,28079038,01,7
28,11,28079040,01,7
28,11,28079057,01,4
28,11,28079004,06,0.5
28,11,28079016,06,0.4
28,11,28079018,06,0.4
28,11,28079024,06,0.2
28,11,28079035,06,0.4
28,11,28079036,06,0.4
28,11,28079039,06,0.3
28,11,28079056,06,0.3
28,11,28079057,06,0.4
28,11,28079004,07,44
28,11,28079011,07,61
28,11,28079016,07,27
28,11,28079017,07,19
28,11,28079018,07,9
28,11,28079024,07,6
28,11,28079027,07,83
28,11,28079036,07,23
28,11,28079038,07,57
28,11,28079039,07,14
28,11,28079040,07,20
28,11,28079047,07,16
28,11,28079048,07,30
28,11,28079049,07,11
28,11,28079050,07,83
28,11,28079054,07,35
28,11,28079055,07,104
28,11,28079056,07,37
28,11,28079057,07,31
28,11,28079058,07,18
28,11,28079059,07,44
28,11,28079060,07,21
28,11,28079004,08,68
28,11,28079011,08,89
28,11,28079016,08,58
28,11,28079017,08,43
28,11,28079018,08,30
28,11,28079024,08,21
28,11,28079027,08,86
28,11,28079036,08,40
28,11,28079038,08,66
28,11,28079039,08,44
28,11,28079040,08,50
28,11,28079047,08,38
28,11,28079048,08,51
28,11,28079049,08,42
28,11,28079050,08,78
28,11,28079054,08,45
28,11,28079055,08,88
28,11,28079056,08,55
28,11,28079057,08,54
28,11,28079058,08,36
28,11,28079059,08,46
28,11,28079060,08,50
28,11,28079024,09,9
28,11,28079038,09,13
28,11,28079047,09,9
28,11,28079048,09,7
28,11,28079050,09,11
28,11,28079018,10,17
28,11,28079024,10,12
28,11,28079036,10,12
28,11,28079038,10,18
28,11,28079040,10,17
28,11,28079047,10,14
28,11,28079048,10,16
28,11,28079050,10,29
28,11,28079055,10,35
28,11,28079057,10,27
28,11,28079060,10,14
28,11,28079016,14,22
28,11,28079017,14,33
28,11,28079018,14,38
28,11,28079024,14,43
28,11,28079027,14,15
28,11,28079035,14,20
28,11,28079039,14,31
28,11,28079049,14,31
28,11,28079054,14,22
28,11,28079056,14,31
28,11,28079058,14,21
28,11,28079059,14,20
28,11,28079060,14,28
28,11,28079011,20,6.8
28,11,28079018,20,0.8
28,11,28079024,20,0.5
28,11,28079038,20,5.2
28,11,28079055,20,4.8
28,11,28079011,30,3.4
28,11,28079018,30,0.4
28,11,28079024,30,0.5
28,11,28079038,30,1.2
28,11,28079055,30,1.4
28,11,28079011,35,1.1
28,11,28079018,35,1
28,11,28079024,35,0.4
28,11,28079038,35,0.9
28,11,28079055,35,1
28,11,28079024,42,1.4
28,11,28079027,42,1.49
28,11,28079055,42,1.76
28,11,28079024,44,0.27
28,11,28079027,44,0.22
28,11,28079055,44,0.26
28,12,28079004,01,6
28,12,28079017,01,3
28,12,28079018,01,2
28,12,28079024,01,1
28,12,28079035,01,7
28,12,28079036,01,3
28,12,28079038,01,6
28,12,28079040,01,8
28,12,28079057,01,6
28,12,28079004,06,0.4
28,12,28079016,06,0.3
28,12,28079018,06,0.4
28,12,28079024,06,0.2
28,12,28079035,06,0.4
28,12,28079036,06,0.3
28,12,28079039,06,0.2
28,12,28079056,06,0.3
28,12,28079057,06,0.4
28,12,28079004,07,28
28,12,28079011,07,46
28,12,28079016,07,20
28,12,28079017,07,13
28,12,28079018,07,8
28,12,28079024,07,6
28,12,28079027,07,69
28,12,28079035,07,26
28,12,28079036,07,16
28,12,28079038,07,48
28,12,28079039,07,11
28,12,28079040,07,33
28,12,28079047,07,15
28,12,28079048,07,33
28,12,28079049,07,11
28,12,28079050,07,69
28,12,28079054,07,35
28,12,28079055,07,61
28,12,28079056,07,31
28,12,28079057,07,43
28,12,28079058,07,8
28,12,28079059,07,44
28,12,28079060,07,13
28,12,28079004,08,54
28,12,28079011,08,79
28,12,28079016,08,49
28,12,28079017,08,34
28,12,28079018,08,30
28,12,28079024,08,19
28,12,28079027,08,69
28,12,28079035,08,51
28,12,28079036,08,32
28,12,28079038,08,60
28,12,28079039,08,38
28,12,28079040,08,59
28,12,28079047,08,37
28,12,28079048,08,52
28,12,28079049,08,42
28,12,28079050,08,75
28,12,28079054,08,50
28,12,28079055,08,69
28,12,28079056,08,51
28,12,28079057,08,64
28,12,28079058,08,24
28,12,28079059,08,43
28,12,28079060,08,40
28,12,28079024,09,9
28,12,28079038,09,15
28,12,28079047,09,9
28,12,28079048,09,8
28,12,28079050,09,12
28,12,28079018,10,16
28,12,28079024,10,12
28,12,28079036,10,10
28,12,28079038,10,20
28,12,28079040,10,18
28,12,28079047,10,16
28,12,28079048,10,24
28,12,28079050,10,27
28,12,28079055,10,24
28,12,28079057,10,31
28,12,28079060,10,7
28,12,28079016,14,25
28,12,28079017,14,37
28,12,28079018,14,38
28,12,28079024,14,46
28,12,28079027,14,18
28,12,28079035,14,25
28,12,28079039,14,35
28,12,28079049,14,32
28,12,28079054,14,24
28,12,28079056,14,31
28,12,28079058,14,39
28,12,28079059,14,21
28,12,28079060,14,34
28,12,28079011,20,6.4
28,12,28079018,20,0.7
28,12,28079024,20,0.5
28,12,28079038,20,5.2
28,12,28079055,20,2.1
28,12,28079011,30,3.1
28,12,28079018,30,0.3
28,12,28079024,30,0.5
28,12,28079038,30,1.1
28,12,28079055,30,0.7
28,12,28079011,35,1.2
28,12,28079018,35,1
28,12,28079024,35,0.4
28,12,28079038,35,0.9
28,12,28079055,35,0.5
28,12,28079024,42,1.38
28,12,28079027,42,1.41
28,12,28079055,42,1.65
28,12,28079024,44,0.27
28,12,28079027,44,0.18
28,12,28079055,44,0.2
28,13,28079004,01,7
28,13,28079017,01,4
28,13,28079018,01,3
28,13,28079024,01,1
28,13,28079035,01,8
28,13,28079036,01,5
28,13,28079040,01,11
28,13,28079057,01,6
28,13,28079004,06,0.4
28,13,28079016,06,0.4
28,13,28079018,06,0.3
28,13,28079024,06,0.2
28,13,28079035,06,0.4
28,13,28079036,06,0.4
28,13,28079039,06,0.3
28,13,28079056,06,0.3
28,13,28079057,06,0.4
28,13,28079004,07,32
28,13,28079011,07,37
28,13,28079016,07,45
28,13,28079017,07,16
28,13,28079018,07,10
28,13,28079024,07,8
28,13,28079027,07,48
28,13,28079035,07,27
28,13,28079036,07,26
28,13,28079038,07,31
28,13,28079039,07,23
28,13,28079040,07,38
28,13,28079047,07,16
28,13,28079048,07,29
28,13,28079049,07,13
28,13,28079054,07,40
28,13,28079055,07,32
28,13,28079056,07,32
28,13,28079057,07,34
28,13,28079058,07,7
28,13,28079059,07,12
28,13,28079060,07,16
28,13,28079004,08,54
28,13,28079011,08,76
28,13,28079016,08,63
28,13,28079017,08,35
28,13,28079018,08,28
28,13,28079024,08,20
28,13,28079027,08,62
28,13,28079035,08,43
28,13,28079036,08,39
28,13,28079038,08,40
28,13,28079039,08,42
28,13,28079040,08,62
28,13,28079047,08,34
28,13,28079048,08,46
28,13,28079049,08,40
28,13,28079054,08,48
28,13,28079055,08,53
28,13,28079056,08,48
28,13,28079057,08,51
28,13,28079058,08,17
28,13,28079059,08,19
28,13,28079060,08,40
28,13,28079024,09,8
28,13,28079038,09,10
28,13,28079047,09,7
28,13,28079048,09,2
28,13,28079018,10,15
28,13,28079024,10,12
28,13,28079036,10,11
28,13,28079038,10,15
28,13,28079040,10,22
28,13,28079047,10,13
28,13,28079048,10,13
28,13,28079055,10,10
28,13,28079057,10,22
28,13,28079060,10,5
28,13,28079016,14,19
28,13,28079017,14,39
28,13,28079018,14,40
28,13,28079024,14,47
28,13,28079027,14,27
28,13,28079035,14,33
28,13,28079039,14,37
28,13,28079049,14,37
28,13,28079054,14,28
28,13,28079056,14,34
28,13,28079058,14,48
28,13,28079059,14,40
28,13,28079060,14,37
28,13,28079011,20,7.3
28,13,28079018,20,1.3
28,13,28079024,20,0.5
28,13,28079038,20,4.5
28,13,28079055,20,1.4
28,13,28079011,30,3.3
28,13,28079018,30,0.3
28,13,28079024,30,0.5
28,13,28079038,30,0.9
28,13,28079055,30,0.5
28,13,28079011,35,1.7
28,13,28079018,35,0.8
28,13,28079024,35,0.5
28,13,28079038,35,0.8
28,13,28079055,35,0.9
28,13,28079024,42,1.39
28,13,28079027,42,1.36
28,13,28079055,42,1.56
28,13,28079024,44,0.26
28,13,28079027,44,0.17
28,13,28079055,44,0.17
28,14,28079004,01,5
28,14,28079017,01,4
28,14,28079018,01,2
28,14,28079024,01,1
28,14,28079035,01,7
28,14,28079036,01,5
28,14,28079038,01,4
28,14,28079040,01,9
28,14,28079057,01,6
28,14,28079004,06,0.3
28,14,28079016,06,0.4
28,14,28079018,06,0.3
28,14,28079024,06,0.2
28,14,28079035,06,0.3
28,14,28079036,06,0.4
28,14,28079039,06,0.3
28,14,28079056,06,0.3
28,14,28079057,06,0.4
28,14,28079004,07,20
28,14,28079011,07,34
28,14,28079016,07,26
28,14,28079017,07,13
28,14,28079018,07,8
28,14,28079024,07,6
28,14,28079027,07,38
28,14,28079035,07,18
28,14,28079036,07,29
28,14,28079038,07,28
28,14,28079039,07,23
28,14,28079040,07,20
28,14,28079047,07,12
28,14,28079048,07,24
28,14,28079049,07,9
28,14,28079050,07,72
28,14,28079054,07,25
28,14,28079055,07,35
28,14,28079056,07,18
28,14,28079057,07,29
28,14,28079058,07,5
28,14,28079059,07,16
28,14,28079060,07,11
28,14,28079004,08,38
28,14,28079011,08,74
28,14,28079016,08,48
28,14,28079017,08,29
28,14,28079018,08,24
28,14,28079024,08,14
28,14,28079027,08,53
28,14,28079035,08,33
28,14,28079036,08,42
28,14,28079038,08,39
28,14,28079039,08,40
28,14,28079040,08,41
28,14,28079047,08,25
28,14,28079048,08,36
28,14,28079049,08,29
28,14,28079050,08,66
28,14,28079054,08,35
28,14,28079055,08,53
28,14,28079056,08,34
28,14,28079057,08,47
28,14,28079058,08,9
28,14,28079059,08,24
28,14,28079060,08,34
28,14,28079024,09,6
28,14,28079038,09,7
28,14,28079047,09,7
28,14,28079048,09,9
28,14,28079050,09,4
28,14,28079018,10,14
28,14,28079024,10,10
28,14,28079036,10,13
28,14,28079038,10,14
28,14,28079040,10,18
28,14,28079047,10,13
28,14,28079048,10,30
28,14,28079050,10,20
28,14,28079055,10,9
28,14,28079057,10,15
28,14,28079060,10,9
28,14,28079016,14,30
28,14,28079017,14,46
28,14,28079018,14,45
28,14,28079024,14,55
28,14,28079027,14,31
28,14,28079035,14,41
28,14,28079039,14,41
28,14,28079049,14,44
28,14,28079054,14,32
28,14,28079056,14,27
28,14,28079058,14,57
28,14,28079059,14,38
28,14,28079060,14,45
28,14,28079011,20,6.5
28,14,28079018,20,0.9
28,14,28079024,20,0.6
28,14,28079038,20,3
28,14,28079055,20,0.9
28,14,28079011,30,2.9
28,14,28079018,30,0.2
28,14,28079024,30,0.5
28,14,28079038,30,0.7
28,14,28079055,30,0.4
28,14,28079011,35,1.2
28,14,28079018,35,1
28,14,28079024,35,0.4
28,14,28079038,35,0.6
28,14,28079055,35,1
28,14,28079024,42,1.37
28,14,28079027,42,1.36
28,14,28079055,42,1.58
28,14,28079024,44,0.27
28,14,28079027,44,0.18
28,14,28079055,44,0.18
28,15,28079004,01,5
28,15,28079017,01,4
28,15,28079018,01,1
28,15,28079024,01,1
28,15,28079035,01,6
28,15,28079036,01,3
28,15,28079038,01,5
28,15,28079040,01,6
28,15,28079057,01,6
28,15,28079004,06,0.3
28,15,28079016,06,0.3
28,15,28079018,06,0.2
28,15,28079024,06,0.2
28,15,28079035,06,0.3
28,15,28079036,06,0.3
28,15,28079039,06,0.3
28,15,28079056,06,0.2
28,15,28079057,06,0.3
28,15,28079004,07,13
28,15,28079011,07,32
28,15,28079016,07,16
28,15,28079017,07,11
28,15,28079018,07,3
28,15,28079024,07,1
28,15,28079027,07,30
28,15,28079035,07,15
28,15,28079036,07,18
28,15,28079038,07,21
28,15,28079039,07,16
28,15,28079040,07,15
28,15,28079047,07,3
28,15,28079048,07,19
28,15,28079049,07,4
28,15,28079050,07,50
28,15,28079054,07,11
28,15,28079055,07,33
28,15,28079056,07,8
28,15,28079057,07,18
28,15,28079058,07,6
28,15,28079059,07,16
28,15,28079060,07,12
28,15,28079004,08,29
28,15,28079011,08,72
28,15,28079016,08,36
28,15,28079017,08,23
28,15,28079018,08,15
28,15,28079024,08,3
28,15,28079027,08,51
28,15,28079035,08,24
28,15,28079036,08,30
28,15,28079038,08,32
28,15,28079039,08,35
28,15,28079040,08,30
28,15,28079047,08,9
28,15,28079048,08,33
28,15,28079049,08,17
28,15,28079050,08,53
28,15,28079054,08,20
28,15,28079055,08,56
28,15,28079056,08,19
28,15,28079057,08,34
28,15,28079058,08,12
28,15,28079059,08,26
28,15,28079060,08,31
28,15,28079024,09,2
28,15,28079038,09,3
28,15,28079047,09,4
28,15,28079048,09,5
28,15,28079050,09,10
28,15,28079018,10,4
28,15,28079024,10,4
28,15,28079036,10,6
28,15,28079038,10,9
28,15,28079040,10,7
28,15,28079047,10,4
28,15,28079048,10,12
28,15,28079050,10,14
28,15,28079055,10,12
28,15,28079057,10,12
28,15,28079060,10,21
28,15,28079016,14,40
28,15,28079017,14,55
28,15,28079018,14,56
28,15,28079024,14,69
28,15,28079027,14,35
28,15,28079035,14,52
28,15,28079039,14,44
28,15,28079049,14,57
28,15,28079054,14,52
28,15,28079056,14,54
28,15,28079058,14,62
28,15,28079059,14,39
28,15,28079060,14,46
28,15,28079011,20,6.5
28,15,28079018,20,0.6
28,15,28079024,20,0.6
28,15,28079038,20,2.7
28,15,28079055,20,1.2
28,15,28079011,30,3.2
28,15,28079018,30,0.2
28,15,28079024,30,0.5
28,15,28079038,30,0.8
28,15,28079055,30,0.5
28,15,28079011,35,1.2
28,15,28079018,35,1
28,15,28079024,35,0.4
28,15,28079038,35,0.5
28,15,28079055,35,1
28,15,28079024,42,1.33
28,15,28079027,42,1.33
28,15,28079055,42,1.57
28,15,28079024,44,0.25
28,15,28079027,44,0.17
28,15,28079055,44,0.19
28,16,28079004,01,4
28,16,28079017,01,4
28,16,28079018,01,1
28,16,28079024,01,1
28,16,28079035,01,5
28,16,28079036,01,2
28,16,28079038,01,5
28,16,28079040,01,5
28,16,28079057,01,6
28,16,28079004,06,0.3
28,16,28079016,06,0.3
28,16,28079018,06,0.3
28,16,28079024,06,0.2
28,16,28079035,06,0.3
28,16,28079036,06,0.2
28,16,28079039,06,0.3
28,16,28079056,06,0.2
28,16,28079057,06,0.3
28,16,28079004,07,13
28,16,28079011,07,27
28,16,28079016,07,13
28,16,28079017,07,8
28,16,28079018,07,3
28,16,28079024,07,1
28,16,28079027,07,26
28,16,28079035,07,7
28,16,28079036,07,10
28,16,28079038,07,16
28,16,28079039,07,16
28,16,28079040,07,11
28,16,28079047,07,3
28,16,28079048,07,13
28,16,28079049,07,2
28,16,28079050,07,52
28,16,28079054,07,9
28,16,28079055,07,37
28,16,28079056,07,8
28,16,28079057,07,12
28,16,28079058,07,4
28,16,28079059,07,15
28,16,28079060,07,5
28,16,28079004,08,29
28,16,28079011,08,69
28,16,28079016,08,31
28,16,28079017,08,21
28,16,28079018,08,17
28,16,28079024,08,3
28,16,28079027,08,53
28,16,28079035,08,16
28,16,28079036,08,17
28,16,28079038,08,27
28,16,28079039,08,35
28,16,28079040,08,27
28,16,28079047,08,11
28,16,28079048,08,27
28,16,28079049,08,13
28,16,28079050,08,51
28,16,28079054,08,16
28,16,28079055,08,64
28,16,28079056,08,22
28,16,28079057,08,29
28,16,28079058,08,6
28,16,28079059,08,26
28,16,28079060,08,23
28,16,28079024,09,6
28,16,28079038,09,7
28,16,28079047,09,4
28,16,28079048,09,4
28,16,28079050,09,12
28,16,28079018,10,8
28,16,28079024,10,6
28,16,28079036,10,10
28,16,28079038,10,9
28,16,28079040,10,10
28,16,28079047,10,7
28,16,28079048,10,15
28,16,28079050,10,18
28,16,28079055,10,18
28,16,28079057,10,10
28,16,28079060,10,5
28,16,28079016,14,44
28,16,28079017,14,55
28,16,28079018,14,54
28,16,28079024,14,68
28,16,28079027,14,36
28,16,28079035,14,59
28,16,28079039,14,48
28,16,28079049,14,61
28,16,28079054,14,55
28,16,28079056,14,53
28,16,28079058,14,68
28,16,28079059,14,41
28,16,28079060,14,57
28,16,28079011,20,6.1
28,16,28079018,20,0.5
28,16,28079024,20,0.3
28,16,28079038,20,1.8
28,16,28079055,20,1.9
28,16,28079011,30,3.1
28,16,28079018,30,0.2
28,16,28079024,30,0.4
28,16,28079038,30,0.6
28,16,28079055,30,0.8
28,16,28079011,35,1
28,16,28079018,35,1
28,16,28079024,35,0.3
28,16,28079038,35,0.3
28,16,28079055,35,0.9
28,16,28079024,42,1.33
28,16,28079027,42,1.32
28,16,28079055,42,1.57
28,16,28079024,44,0.25
28,16,28079027,44,0.18
28,16,28079055,44,0.2
28,17,28079004,01,4
28,17,28079017,01,3
28,17,28079018,01,2
28,17,28079024,01,1
28,17,28079035,01,6
28,17,28079036,01,2
28,17,28079038,01,4
28,17,28079040,01,5
28,17,28079057,01,5
28,17,28079004,06,0.3
28,17,28079016,06,0.4
28,17,28079018,06,0.3
28,17,28079024,06,0.2
28,17,28079035,06,0.3
28,17,28079036,06,0.3
28,17,28079039,06,0.2
28,17,28079056,06,0.2
28,17,28079057,06,0.3
28,17,28079004,07,13
28,17,28079011,07,8
28,17,28079016,07,17
28,17,28079017,07,8
28,17,28079018,07,4
28,17,28079024,07,1
28,17,28079027,07,20
28,17,28079035,07,8
28,17,28079036,07,14
28,17,28079038,07,15
28,17,28079039,07,13
28,17,28079040,07,8
28,17,28079047,07,4
28,17,28079048,07,16
28,17,28079049,07,3
28,17,28079050,07,38
28,17,28079054,07,11
28,17,28079055,07,23
28,17,28079056,07,11
28,17,28079057,07,11
28,17,28079058,07,3
28,17,28079059,07,12
28,17,28079060,07,4
28,17,28079004,08,36
28,17,28079011,08,55
28,17,28079016,08,44
28,17,28079017,08,26
28,17,28079018,08,25
28,17,28079024,08,7
28,17,28079027,08,51
28,17,28079035,08,25
28,17,28079036,08,24
28,17,28079038,08,32
28,17,28079039,08,32
28,17,28079040,08,27
28,17,28079047,08,15
28,17,28079048,08,37
28,17,28079049,08,19
28,17,28079050,08,52
28,17,28079054,08,20
28,17,28079055,08,55
28,17,28079056,08,27
28,17,28079057,08,30
28,17,28079058,08,6
28,17,28079059,08,29
28,17,28079060,08,22
28,17,28079024,09,4
28,17,28079038,09,7
28,17,28079047,09,6
28,17,28079048,09,12
28,17,28079050,09,12
28,17,28079018,10,8
28,17,28079024,10,6
28,17,28079036,10,10
28,17,28079038,10,10
28,17,28079040,10,10
28,17,28079047,10,8
28,17,28079048,10,15
28,17,28079050,10,21
28,17,28079055,10,17
28,17,28079057,10,12
28,17,28079060,10,15
28,17,28079016,14,35
28,17,28079017,14,51
28,17,28079018,14,48
28,17,28079024,14,64
28,17,28079027,14,33
28,17,28079035,14,33
28,17,28079039,14,47
28,17,28079049,14,56
28,17,28079054,14,52
28,17,28079056,14,51
28,17,28079058,14,65
28,17,28079059,14,38
28,17,28079060,14,55
28,17,28079011,20,5.9
28,17,28079018,20,0.6
28,17,28079024,20,0.3
28,17,28079038,20,2.5
28,17,28079055,20,2
28,17,28079011,30,2.9
28,17,28079018,30,0.2
28,17,28079024,30,0.3
28,17,28079038,30,0.7
28,17,28079055,30,0.5
28,17,28079011,35,1.1
28,17,28079018,35,1
28,17,28079024,35,0.3
28,17,28079038,35,0.6
28,17,28079055,35,0.4
28,17,28079024,42,1.34
28,17,28079027,42,1.31
28,17,28079055,42,1.52
28,17,28079024,44,0.26
28,17,28079027,44,0.18
28,17,28079055,44,0.18
28,18,28079004,01,4
28,18,28079017,01,3
28,18,28079018,01,2
28,18,28079024,01,2
28,18,28079035,01,7
28,18,28079036,01,1
28,18,28079038,01,5
28,18,28079040,01,5
28,18,28079057,01,6
28,18,28079004,06,0.3
28,18,28079016,06,0.4
28,18,28079018,06,0.3
28,18,28079024,06,0.2
28,18,28079035,06,0.3
28,18,28079036,06,0.3
28,18,28079039,06,0.3
28,18,28079056,06,0.2
28,18,28079057,06,0.3
28,18,28079004,07,12
28,18,28079011,07,8
28,18,28079016,07,20
28,18,28079017,07,9
28,18,28079018,07,2
28,18,28079024,07,2
28,18,28079027,07,9
28,18,28079035,07,7
28,18,28079036,07,15
28,18,28079038,07,20
28,18,28079039,07,15
28,18,28079040,07,11
28,18,28079047,07,3
28,18,28079048,07,18
28,18,28079049,07,2
28,18,28079050,07,38
28,18,28079054,07,8
28,18,28079055,07,11
28,18,28079056,07,11
28,18,28079057,07,14
28,18,28079058,07,4
28,18,28079059,07,7
28,18,28079060,07,5
28,18,28079004,08,43
28,18,28079011,08,55
28,18,28079016,08,55
28,18,28079017,08,33
28,18,28079018,08,25
28,18,28079024,08,18
28,18,28079027,08,44
28,18,28079035,08,28
28,18,28079036,08,30
28,18,28079038,08,44
28,18,28079039,08,48
28,18,28079040,08,36
28,18,28079047,08,22
28,18,28079048,08,47
28,18,28079049,08,25
28,18,28079050,08,70
28,18,28079054,08,23
28,18,28079055,08,48
28,18,28079056,08,38
28,18,28079057,08,46
28,18,28079058,08,10
28,18,28079059,08,33
28,18,28079060,08,30
28,18,28079024,09,6
28,18,28079038,09,6
28,18,28079047,09,7
28,18,28079048,09,9
28,18,28079050,09,12
28,18,28079018,10,11
28,18,28079024,10,10
28,18,28079036,10,13
28,18,28079038,10,12
28,18,28079040,10,12
28,18,28079047,10,10
28,18,28079048,10,16
28,18,28079050,10,22
28,18,28079055,10,10
28,18,28079057,10,12
28,18,28079060,10,4
28,18,28079016,14,27
28,18,28079017,14,45
28,18,28079018,14,48
28,18,28079024,14,33
28,18,28079027,14,40
28,18,28079035,14,48
28,18,28079039,14,36
28,18,28079049,14,50
28,18,28079054,14,48
28,18,28079056,14,43
28,18,28079058,14,61
28,18,28079059,14,35
28,18,28079060,14,48
28,18,28079011,20,5.4
28,18,28079018,20,1
28,18,28079024,20,0.5
28,18,28079038,20,2.2
28,18,28079055,20,1.8
28,18,28079011,30,2.3
28,18,28079018,30,0.2
28,18,28079024,30,0.4
28,18,28079038,30,0.5
28,18,28079055,30,0.3
28,18,28079011,35,1.2
28,18,28079018,35,0.8
28,18,28079024,35,0.3
28,18,28079038,35,0.6
28,18,28079055,35,0.4
28,18,28079024,42,1.35
28,18,28079027,42,1.26
28,18,28079055,42,1.48
28,18,28079024,44,0.26
28,18,28079027,44,0.16
28,18,28079055,44,0.16
28,19,28079004,01,4
28,19,28079017,01,4
28,19,28079018,01,3
28,19,28079024,01,2
28,19,28079035,01,6
28,19,28079036,01,2
28,19,28079038,01,6
28,19,28079040,01,5
28,19,28079057,01,7
28,19,28079004,06,0.4
28,19,28079016,06,0.4
28,19,28079018,06,0.5
28,19,28079024,06,0.2
28,19,28079035,06,0.3
28,19,28079036,06,0.3
28,19,28079039,06,0.4
28,19,28079056,06,0.3
28,19,28079057,06,0.4
28,19,28079004,07,17
28,19,28079011,07,7
28,19,28079016,07,21
28,19,28079017,07,26
28,19,28079018,07,5
28,19,28079024,07,1
28,19,28079027,07,12
28,19,28079035,07,6
28,19,28079036,07,20
28,19,28079038,07,14
28,19,28079039,07,24
28,19,28079040,07,15
28,19,28079047,07,5
28,19,28079048,07,16
28,19,28079049,07,2
28,19,28079050,07,60
28,19,28079054,07,13
28,19,28079055,07,24
28,19,28079056,07,30
28,19,28079057,07,16
28,19,28079058,07,6
28,19,28079059,07,6
28,19,28079060,07,6
28,19,28079004,08,63
28,19,28079011,08,56
28,19,28079016,08,67
28,19,28079017,08,72
28,19,28079018,08,46
28,19,28079024,08,33
28,19,28079027,08,66
28,19,28079035,08,34
28,19,28079036,08,45
28,19,28079038,08,57
28,19,28079039,08,73
28,19,28079040,08,61
28,19,28079047,08,48
28,19,28079048,08,54
28,19,28079049,08,39
28,19,28079050,08,87
28,19,28079054,08,49
28,19,28079055,08,79
28,19,28079056,08,72
28,19,28079057,08,63
28,19,28079058,08,30
28,19,28079059,08,47
28,19,28079060,08,47
28,19,28079024,09,7
28,19,28079038,09,10
28,19,28079047,09,7
28,19,28079048,09,16
28,19,28079050,09,14
28,19,28079018,10,12
28,19,28079024,10,11
28,19,28079036,10,22
28,19,28079038,10,14
28,19,28079040,10,17
28,19,28079047,10,12
28,19,28079048,10,24
28,19,28079050,10,32
28,19,28079055,10,24
28,19,28079057,10,14
28,19,28079060,10,13
28,19,28079016,14,19
28,19,28079017,14,14
28,19,28079018,14,30
28,19,28079024,14,40
28,19,28079027,14,20
28,19,28079035,14,41
28,19,28079039,14,17
28,19,28079049,14,37
28,19,28079054,14,24
28,19,28079056,14,19
28,19,28079058,14,40
28,19,28079059,14,24
28,19,28079060,14,32
28,19,28079011,20,5.8
28,19,28079018,20,3.2
28,19,28079024,20,0.9
28,19,28079038,20,2.6
28,19,28079055,20,2.1
28,19,28079011,30,2.4
28,19,28079018,30,0.6
28,19,28079024,30,0.5
28,19,28079038,30,0.5
28,19,28079055,30,0.5
28,19,28079011,35,1.2
28,19,28079018,35,0.6
28,19,28079024,35,0.5
28,19,28079038,35,0.6
28,19,28079055,35,0.4
28,19,28079024,42,1.36
28,19,28079027,42,1.29
28,19,28079055,42,1.52
28,19,28079024,44,0.27
28,19,28079027,44,0.18
28,19,28079055,44,0.19
28,2,28079004,01,3
28,2,28079017,01,3
28,2,28079018,01,2
28,2,28079024,01,1
28,2,28079035,01,3
28,2,28079036,01,1
28,2,28079038,01,2
28,2,28079040,01,4
28,2,28079057,01,3
28,2,28079004,06,0.3
28,2,28079016,06,0.2
28,2,28079018,06,0.2
28,2,28079024,06,0.2
28,2,28079035,06,0.2
28,2,28079036,06,0.2
28,2,28079039,06,0.1
28,2,28079056,06,0.2
28,2,28079057,06,0.2
28,2,28079004,07,3
28,2,28079011,07,1
28,2,28079016,07,1
28,2,28079017,07,1
28,2,28079018,07,1
28,2,28079024,07,1
28,2,28079027,07,1
28,2,28079035,07,3
28,2,28079036,07,1
28,2,28079038,07,2
28,2,28079039,07,1
28,2,28079040,07,1
28,2,28079047,07,1
28,2,28079048,07,1
28,2,28079049,07,1
28,2,28079050,07,5
28,2,28079054,07,3
28,2,28079055,07,1
28,2,28079056,07,1
28,2,28079057,07,1
28,2,28079058,07,2
28,2,28079059,07,1
28,2,28079060,07,1
28,2,28079004,08,19
28,2,28079011,08,15
28,2,28079016,08,8
28,2,28079017,08,4
28,2,28079018,08,5
28,2,28079024,08,1
28,2,28079027,08,4
28,2,28079035,08,18
28,2,28079036,08,2
28,2,28079038,08,10
28,2,28079039,08,4
28,2,28079040,08,16
28,2,28079047,08,13
28,2,28079048,08,10
28,2,28079049,08,13
28,2,28079050,08,8
28,2,28079054,08,7
28,2,28079055,08,5
28,2,28079056,08,8
28,2,28079057,08,4
28,2,28079058,08,2
28,2,28079059,08,1
28,2,28079060,08,3
28,2,28079024,09,3
28,2,28079038,09,3
28,2,28079047,09,5
28,2,28079048,09,1
28,2,28079050,09,2
28,2,28079018,10,6
28,2,28079024,10,5
28,2,28079036,10,4
28,2,28079038,10,3
28,2,28079040,10,5
28,2,28079047,10,3
28,2,28079048,10,4
28,2,28079050,10,2
28,2,28079055,10,6
28,2,28079057,10,5
28,2,28079060,10,4
28,2,28079016,14,59
28,2,28079017,14,65
28,2,28079018,14,59
28,2,28079024,14,69
28,2,28079027,14,68
28,2,28079035,14,53
28,2,28079039,14,69
28,2,28079049,14,55
28,2,28079054,14,60
28,2,28079056,14,61
28,2,28079058,14,60
28,2,28079059,14,57
28,2,28079060,14,48
28,2,28079011,20,1.4
28,2,28079018,20,0.2
28,2,28079024,20,0.2
28,2,28079038,20,0.5
28,2,28079055,20,0.7
28,2,28079011,30,1.1
28,2,28079018,30,0.1
28,2,28079024,30,0.4
28,2,28079038,30,0.2
28,2,28079055,30,0.1
28,2,28079011,35,1
28,2,28079018,35,1
28,2,28079024,35,0.3
28,2,28079038,35,1
28,2,28079055,35,1
28,2,28079024,42,1.33
28,2,28079027,42,1.21
28,2,28079055,42,1.42
28,2,28079024,44,0.25
28,2,28079027,44,0.12
28,2,28079055,44,0.12
28,20,28079004,01,5
28,20,28079017,01,5
28,20,28079018,01,3
28,20,28079024,01,2
28,20,28079035,01,7
28,20,28079036,01,3
28,20,28079038,01,8
28,20,28079040,01,7
28,20,28079057,01,8
28,20,28079004,06,0.5
28,20,28079016,06,0.5
28,20,28079018,06,0.4
28,20,28079024,06,0.3
28,20,28079035,06,0.4
28,20,28079036,06,0.4
28,20,28079039,06,0.5
28,20,28079056,06,0.8
28,20,28079057,06,0.5
28,20,28079004,07,34
28,20,28079011,07,8
28,20,28079016,07,38
28,20,28079017,07,99
28,20,28079018,07,14
28,20,28079024,07,1
28,20,28079027,07,41
28,20,28079035,07,10
28,20,28079036,07,44
28,20,28079038,07,37
28,20,28079039,07,41
28,20,28079040,07,46
28,20,28079047,07,11
28,20,28079048,07,37
28,20,28079049,07,3
28,20,28079050,07,103
28,20,28079054,07,24
28,20,28079055,07,49
28,20,28079056,07,123
28,20,28079057,07,45
28,20,28079058,07,16
28,20,28079059,07,21
28,20,28079060,07,8
28,20,28079004,08,86
28,20,28079011,08,64
28,20,28079016,08,88
28,20,28079017,08,97
28,20,28079018,08,72
28,20,28079024,08,52
28,20,28079027,08,89
28,20,28079035,08,56
28,20,28079036,08,63
28,20,28079038,08,88
28,20,28079039,08,89
28,20,28079040,08,93
28,20,28079047,08,69
28,20,28079048,08,73
28,20,28079049,08,55
28,20,28079050,08,105
28,20,28079054,08,67
28,20,28079055,08,89
28,20,28079056,08,120
28,20,28079057,08,95
28,20,28079058,08,52
28,20,28079059,08,64
28,20,28079060,08,59
28,20,28079024,09,10
28,20,28079038,09,16
28,20,28079047,09,12
28,20,28079048,09,25
28,20,28079050,09,19
28,20,28079018,10,17
28,20,28079024,10,15
28,20,28079036,10,26
28,20,28079038,10,19
28,20,28079040,10,24
28,20,28079047,10,19
28,20,28079048,10,44
28,20,28079050,10,39
28,20,28079055,10,29
28,20,28079057,10,23
28,20,28079060,10,28
28,20,28079016,14,6
28,20,28079017,14,4
28,20,28079018,14,10
28,20,28079024,14,22
28,20,28079027,14,6
28,20,28079035,14,19
28,20,28079039,14,7
28,20,28079049,14,13
28,20,28079054,14,9
28,20,28079056,14,4
28,20,28079058,14,11
28,20,28079059,14,8
28,20,28079060,14,21
28,20,28079011,20,5.7
28,20,28079018,20,2.7
28,20,28079024,20,1.2
28,20,28079038,20,4.3
28,20,28079055,20,2.4
28,20,28079011,30,2.5
28,20,28079018,30,0.4
28,20,28079024,30,0.5
28,20,28079038,30,1
28,20,28079055,30,0.6
28,20,28079011,35,0.9
28,20,28079018,35,0.2
28,20,28079024,35,0.6
28,20,28079038,35,0.8
28,20,28079055,35,0.6
28,20,28079024,42,1.37
28,20,28079027,42,1.33
28,20,28079055,42,1.54
28,20,28079024,44,0.27
28,20,28079027,44,0.21
28,20,28079055,44,0.2
28,21,28079004,01,8
28,21,28079017,01,6
28,21,28079018,01,5
28,21,28079024,01,1
28,21,28079035,01,8
28,21,28079036,01,3
28,21,28079038,01,7
28,21,28079040,01,7
28,21,28079057,01,8
28,21,28079004,06,0.7
28,21,28079016,06,0.6
28,21,28079018,06,0.6
28,21,28079024,06,0.3
28,21,28079035,06,0.6
28,21,28079036,06,0.5
28,21,28079039,06,0.5
28,21,28079056,06,0.9
28,21,28079057,06,0.5
28,21,28079004,07,86
28,21,28079011,07,26
28,21,28079016,07,57
28,21,28079017,07,144
28,21,28079018,07,54
28,21,28079024,07,9
28,21,28079027,07,80
28,21,28079035,07,29
28,21,28079036,07,55
28,21,28079038,07,30
28,21,28079039,07,33
28,21,28079040,07,65
28,21,28079047,07,20
28,21,28079048,07,38
28,21,28079049,07,8
28,21,28079050,07,62
28,21,28079054,07,84
28,21,28079055,07,93
28,21,28079056,07,204
28,21,28079057,07,33
28,21,28079058,07,7
28,21,28079059,07,88
28,21,28079060,07,12
28,21,28079004,08,100
28,21,28079011,08,80
28,21,28079016,08,94
28,21,28079017,08,108
28,21,28079018,08,93
28,21,28079024,08,73
28,21,28079027,08,100
28,21,28079035,08,78
28,21,28079036,08,72
28,21,28079038,08,77
28,21,28079039,08,89
28,21,28079040,08,97
28,21,28079047,08,74
28,21,28079048,08,78
28,21,28079049,08,66
28,21,28079050,08,87
28,21,28079054,08,83
28,21,28079055,08,100
28,21,28079056,08,139
28,21,28079057,08,85
28,21,28079058,08,43
28,21,28079059,08,71
28,21,28079060,08,70
28,21,28079024,09,10
28,21,28079038,09,7
28,21,28079047,09,12
28,21,28079048,09,5
28,21,28079050,09,16
28,21,28079018,10,23
28,21,28079024,10,15
28,21,28079036,10,18
28,21,28079038,10,13
28,21,28079040,10,25
28,21,28079047,10,18
28,21,28079048,10,9
28,21,28079050,10,31
28,21,28079055,10,27
28,21,28079057,10,20
28,21,28079060,10,9
28,21,28079016,14,4
28,21,28079017,14,4
28,21,28079018,14,2
28,21,28079024,14,5
28,21,28079027,14,5
28,21,28079035,14,3
28,21,28079039,14,4
28,21,28079049,14,3
28,21,28079054,14,3
28,21,28079056,14,4
28,21,28079058,14,13
28,21,28079059,14,6
28,21,28079060,14,12
28,21,28079011,20,6.2
28,21,28079018,20,3.7
28,21,28079024,20,1.2
28,21,28079038,20,4
28,21,28079055,20,2.9
28,21,28079011,30,2.9
28,21,28079018,30,0.5
28,21,28079024,30,0.6
28,21,28079038,30,1
28,21,28079055,30,0.8
28,21,28079011,35,0.9
28,21,28079018,35,0.3
28,21,28079024,35,0.6
28,21,28079038,35,0.9
28,21,28079055,35,0.5
28,21,28079024,42,1.38
28,21,28079027,42,1.42
28,21,28079055,42,1.67
28,21,28079024,44,0.28
28,21,28079027,44,0.27
28,21,28079055,44,0.29
28,22,28079004,01,10
28,22,28079017,01,7
28,22,28079018,01,3
28,22,28079024,01,4
28,22,28079035,01,8
28,22,28079036,01,5
28,22,28079038,01,8
28,22,28079040,01,8
28,22,28079057,01,10
28,22,28079004,06,1
28,22,28079016,06,0.6
28,22,28079018,06,0.5
28,22,28079024,06,0.4
28,22,28079035,06,0.5
28,22,28079036,06,0.7
28,22,28079039,06,0.5
28,22,28079056,06,0.8
28,22,28079057,06,0.6
28,22,28079004,07,161
28,22,28079011,07,74
28,22,28079016,07,83
28,22,28079017,07,197
28,22,28079018,07,28
28,22,28079024,07,29
28,22,28079027,07,102
28,22,28079035,07,25
28,22,28079036,07,110
28,22,28079038,07,57
28,22,28079039,07,51
28,22,28079040,07,96
28,22,28079047,07,102
28,22,28079048,07,63
28,22,28079049,07,7
28,22,28079050,07,83
28,22,28079054,07,147
28,22,28079055,07,161
28,22,28079056,07,160
28,22,28079057,07,110
28,22,28079058,07,15
28,22,28079059,07,81
28,22,28079060,07,32
28,22,28079004,08,114
28,22,28079011,08,90
28,22,28079016,08,100
28,22,28079017,08,113
28,22,28079018,08,81
28,22,28079024,08,81
28,22,28079027,08,98
28,22,28079035,08,74
28,22,28079036,08,78
28,22,28079038,08,94
28,22,28079039,08,94
28,22,28079040,08,104
28,22,28079047,08,93
28,22,28079048,08,86
28,22,28079049,08,59
28,22,28079050,08,95
28,22,28079054,08,88
28,22,28079055,08,109
28,22,28079056,08,123
28,22,28079057,08,111
28,22,28079058,08,51
28,22,28079059,08,74
28,22,28079060,08,79
28,22,28079024,09,12
28,22,28079038,09,15
28,22,28079047,09,17
28,22,28079048,09,23
28,22,28079050,09,17
28,22,28079018,10,20
28,22,28079024,10,18
28,22,28079036,10,26
28,22,28079038,10,21
28,22,28079040,10,31
28,22,28079047,10,28
28,22,28079048,10,40
28,22,28079050,10,35
28,22,28079055,10,34
28,22,28079057,10,25
28,22,28079060,10,15
28,22,28079016,14,3
28,22,28079017,14,5
28,22,28079018,14,3
28,22,28079024,14,3
28,22,28079027,14,5
28,22,28079035,14,4
28,22,28079039,14,2
28,22,28079049,14,3
28,22,28079054,14,3
28,22,28079056,14,4
28,22,28079058,14,4
28,22,28079059,14,6
28,22,28079060,14,5
28,22,28079011,20,6.3
28,22,28079018,20,4
28,22,28079024,20,1.5
28,22,28079038,20,5.1
28,22,28079055,20,3.8
28,22,28079011,30,3
28,22,28079018,30,0.6
28,22,28079024,30,0.7
28,22,28079038,30,1.3
28,22,28079055,30,0.9
28,22,28079011,35,1
28,22,28079018,35,0.3
28,22,28079024,35,0.5
28,22,28079038,35,1
28,22,28079055,35,0.5
28,22,28079024,42,1.42
28,22,28079027,42,1.42
28,22,28079055,42,1.63
28,22,28079024,44,0.3
28,22,28079027,44,0.27
28,22,28079055,44,0.28
28,23,28079004,01,10
28,23,28079017,01,9
28,23,28079018,01,6
28,23,28079024,01,3
28,23,28079035,01,9
28,23,28079036,01,5
28,23,28079038,01,9
28,23,28079040,01,8
28,23,28079057,01,9
28,23,28079004,06,1
28,23,28079016,06,0.6
28,23,28079018,06,0.9
28,23,28079024,06,0.4
28,23,28079035,06,0.6
28,23,28079036,06,0.8
28,23,28079039,06,0.7
28,23,28079056,06,1
28,23,28079057,06,0.8
28,23,28079004,07,212
28,23,28079011,07,106
28,23,28079016,07,95
28,23,28079017,07,272
28,23,28079018,07,86
28,23,28079024,07,30
28,23,28079027,07,171
28,23,28079035,07,37
28,23,28079036,07,114
28,23,28079038,07,52
28,23,28079039,07,99
28,23,28079040,07,74
28,23,28079047,07,155
28,23,28079048,07,34
28,23,28079049,07,42
28,23,28079050,07,82
28,23,28079054,07,193
28,23,28079055,07,225
28,23,28079056,07,244
28,23,28079057,07,90
28,23,28079058,07,11
28,23,28079059,07,138
28,23,28079060,07,57
28,23,28079004,08,115
28,23,28079011,08,95
28,23,28079016,08,103
28,23,28079017,08,129
28,23,28079018,08,94
28,23,28079024,08,76
28,23,28079027,08,108
28,23,28079035,08,75
28,23,28079036,08,89
28,23,28079038,08,88
28,23,28079039,08,104
28,23,28079040,08,93
28,23,28079047,08,102
28,23,28079048,08,75
28,23,28079049,08,69
28,23,28079050,08,94
28,23,28079054,08,89
28,23,28079055,08,123
28,23,28079056,08,140
28,23,28079057,08,103
28,23,28079058,08,42
28,23,28079059,08,76
28,23,28079060,08,82
28,23,28079024,09,11
28,23,28079038,09,13
28,23,28079047,09,22
28,23,28079048,09,13
28,23,28079050,09,17
28,23,28079018,10,25
28,23,28079024,10,16
28,23,28079036,10,29
28,23,28079038,10,20
28,23,28079040,10,26
28,23,28079047,10,36
28,23,28079048,10,19
28,23,28079050,10,35
28,23,28079055,10,38
28,23,28079057,10,28
28,23,28079060,10,20
28,23,28079016,14,3
28,23,28079017,14,4
28,23,28079018,14,3
28,23,28079024,14,3
28,23,28079027,14,6
28,23,28079035,14,3
28,23,28079039,14,3
28,23,28079049,14,2
28,23,28079054,14,4
28,23,28079056,14,4
28,23,28079058,14,3
28,23,28079059,14,6
28,23,28079060,14,3
28,23,28079011,20,8.2
28,23,28079018,20,4
28,23,28079024,20,1.9
28,23,28079038,20,5.2
28,23,28079055,20,4.7
28,23,28079011,30,3.8
28,23,28079018,30,0.7
28,23,28079024,30,0.7
28,23,28079038,30,1.2
28,23,28079055,30,1.2
28,23,28079011,35,2
28,23,28079018,35,0.3
28,23,28079024,35,0.4
28,23,28079038,35,1
28,23,28079055,35,0.7
28,23,28079024,42,1.42
28,23,28079027,42,1.65
28,23,28079055,42,1.8
28,23,28079024,44,0.31
28,23,28079027,44,0.35
28,23,28079055,44,0.35
28,24,28079004,01,9
28,24,28079017,01,8
28,24,28079018,01,7
28,24,28079024,01,2
28,24,28079035,01,11
28,24,28079036,01,4
28,24,28079038,01,7
28,24,28079040,01,6
28,24,28079057,01,10
28,24,28079004,06,1
28,24,28079016,06,0.6
28,24,28079018,06,0.9
28,24,28079024,06,0.4
28,24,28079035,06,0.9
28,24,28079036,06,0.6
28,24,28079039,06,0.8
28,24,28079056,06,1
28,24,28079057,06,0.7
28,24,28079004,07,228
28,24,28079011,07,69
28,24,28079016,07,70
28,24,28079017,07,226
28,24,28079018,07,122
28,24,28079024,07,42
28,24,28079027,07,148
28,24,28079035,07,135
28,24,28079036,07,84
28,24,28079038,07,24
28,24,28079039,07,131
28,24,28079040,07,29
28,24,28079047,07,145
28,24,28079048,07,62
28,24,28079049,07,76
28,24,28079050,07,24
28,24,28079054,07,69
28,24,28079055,07,204
28,24,28079056,07,304
28,24,28079057,07,129
28,24,28079058,07,8
28,24,28079059,07,139
28,24,28079060,07,41
28,24,28079004,08,108
28,24,28079011,08,85
28,24,28079016,08,93
28,24,28079017,08,111
28,24,28079018,08,96
28,24,28079024,08,71
28,24,28079027,08,94
28,24,28079035,08,99
28,24,28079036,08,75
28,24,28079038,08,80
28,24,28079039,08,107
28,24,28079040,08,76
28,24,28079047,08,90
28,24,28079048,08,81
28,24,28079049,08,69
28,24,28079050,08,72
28,24,28079054,08,71
28,24,28079055,08,106
28,24,28079056,08,153
28,24,28079057,08,113
28,24,28079058,08,37
28,24,28079059,08,78
28,24,28079060,08,76
28,24,28079024,09,11
28,24,28079038,09,10
28,24,28079047,09,22
28,24,28079048,09,16
28,24,28079050,09,15
28,24,28079018,10,27
28,24,28079024,10,16
28,24,28079036,10,18
28,24,28079038,10,15
28,24,28079040,10,18
28,24,28079047,10,30
28,24,28079048,10,27
28,24,28079050,10,27
28,24,28079055,10,40
28,24,28079057,10,26
28,24,28079060,10,15
28,24,28079016,14,3
28,24,28079017,14,4
28,24,28079018,14,3
28,24,28079024,14,3
28,24,28079027,14,6
28,24,28079035,14,2
28,24,28079039,14,6
28,24,28079049,14,2
28,24,28079054,14,3
28,24,28079056,14,4
28,24,28079058,14,3
28,24,28079059,14,6
28,24,28079060,14,3
28,24,28079011,20,8.1
28,24,28079018,20,5
28,24,28079024,20,2
28,24,28079038,20,5
28,24,28079055,20,5.2
28,24,28079011,30,3.8
28,24,28079018,30,1
28,24,28079024,30,0.9
28,24,28079038,30,1
28,24,28079055,30,1.6
28,24,28079011,35,2
28,24,28079018,35,0.4
28,24,28079024,35,0.5
28,24,28079038,35,0.9
28,24,28079055,35,0.9
28,24,28079024,42,1.43
28,24,28079027,42,2.21
28,24,28079055,42,2.13
28,24,28079024,44,0.31
28,24,28079027,44,0.48
28,24,28079055,44,0.34
28,3,28079004,01,3
28,3,28079017,01,3
28,3,28079018,01,2
28,3,28079024,01,1
28,3,28079035,01,3
28,3,28079036,01,1
28,3,28079038,01,3
28,3,28079040,01,4
28,3,28079057,01,3
28,3,28079004,06,0.2
28,3,28079016,06,0.2
28,3,28079018,06,0.2
28,3,28079024,06,0.2
28,3,28079035,06,0.2
28,3,28079036,06,0.2
28,3,28079039,06,0.1
28,3,28079056,06,0.2
28,3,28079057,06,0.2
28,3,28079004,07,2
28,3,28079011,07,1
28,3,28079016,07,1
28,3,28079017,07,1
28,3,28079018,07,1
28,3,28079024,07,1
28,3,28079027,07,1
28,3,28079035,07,3
28,3,28079036,07,1
28,3,28079038,07,2
28,3,28079039,07,1
28,3,28079040,07,1
28,3,28079047,07,1
28,3,28079048,07,1
28,3,28079049,07,1
28,3,28079050,07,2
28,3,28079054,07,2
28,3,28079055,07,1
28,3,28079056,07,1
28,3,28079057,07,1
28,3,28079058,07,2
28,3,28079059,07,1
28,3,28079060,07,1
28,3,28079004,08,16
28,3,28079011,08,11
28,3,28079016,08,3
28,3,28079017,08,2
28,3,28079018,08,3
28,3,28079024,08,1
28,3,28079027,08,3
28,3,28079035,08,13
28,3,28079036,08,1
28,3,28079038,08,8
28,3,28079039,08,3
28,3,28079040,08,5
28,3,28079047,08,11
28,3,28079048,08,8
28,3,28079049,08,6
28,3,28079050,08,7
28,3,28079054,08,2
28,3,28079055,08,2
28,3,28079056,08,7
28,3,28079057,08,3
28,3,28079058,08,1
28,3,28079059,08,1
28,3,28079060,08,2
28,3,28079024,09,1
28,3,28079038,09,2
28,3,28079047,09,3
28,3,28079048,09,1
28,3,28079050,09,3
28,3,28079018,10,4
28,3,28079024,10,3
28,3,28079036,10,4
28,3,28079038,10,3
28,3,28079040,10,3
28,3,28079047,10,3
28,3,28079048,10,4
28,3,28079050,10,3
28,3,28079055,10,2
28,3,28079057,10,2
28,3,28079060,10,4
28,3,28079016,14,61
28,3,28079017,14,65
28,3,28079018,14,61
28,3,28079024,14,70
28,3,28079027,14,70
28,3,28079035,14,57
28,3,28079039,14,69
28,3,28079049,14,64
28,3,28079054,14,64
28,3,28079056,14,62
28,3,28079058,14,66
28,3,28079059,14,59
28,3,28079060,14,68
28,3,28079011,20,1.1
28,3,28079018,20,0.2
28,3,28079024,20,0.2
28,3,28079038,20,0.4
28,3,28079055,20,0.7
28,3,28079011,30,1
28,3,28079018,30,0.2
28,3,28079024,30,0.4
28,3,28079038,30,0.2
28,3,28079055,30,0.2
28,3,28079011,35,1
28,3,28079018,35,1
28,3,28079024,35,0.5
28,3,28079038,35,1
28,3,28079055,35,1
28,3,28079024,42,1.33
28,3,28079027,42,1.21
28,3,28079055,42,1.42
28,3,28079024,44,0.25
28,3,28079027,44,0.12
28,3,28079055,44,0.12
28,4,28079004,01,3
28,4,28079017,01,3
28,4,28079018,01,2
28,4,28079024,01,1
28,4,28079035,01,3
28,4,28079036,01,1
28,4,28079038,01,2
28,4,28079040,01,4
28,4,28079057,01,3
28,4,28079004,06,0.2
28,4,28079016,06,0.2
28,4,28079018,06,0.2
28,4,28079024,06,0.2
28,4,28079035,06,0.2
28,4,28079036,06,0.2
28,4,28079039,06,0.1
28,4,28079056,06,0.2
28,4,28079057,06,0.2
28,4,28079004,07,1
28,4,28079011,07,1
28,4,28079016,07,1
28,4,28079017,07,1
28,4,28079018,07,1
28,4,28079024,07,1
28,4,28079027,07,1
28,4,28079035,07,3
28,4,28079036,07,1
28,4,28079038,07,1
28,4,28079039,07,1
28,4,28079040,07,1
28,4,28079047,07,1
28,4,28079048,07,1
28,4,28079049,07,1
28,4,28079050,07,2
28,4,28079054,07,2
28,4,28079055,07,1
28,4,28079056,07,1
28,4,28079057,07,1
28,4,28079058,07,2
28,4,28079059,07,1
28,4,28079060,07,1
28,4,28079004,08,11
28,4,28079011,08,11
28,4,28079016,08,4
28,4,28079017,08,3
28,4,28079018,08,3
28,4,28079024,08,1
28,4,28079027,08,3
28,4,28079035,08,12
28,4,28079036,08,1
28,4,28079038,08,9
28,4,28079039,08,5
28,4,28079040,08,6
28,4,28079047,08,8
28,4,28079048,08,9
28,4,28079049,08,7
28,4,28079050,08,9
28,4,28079054,08,5
28,4,28079055,08,4
28,4,28079056,08,5
28,4,28079057,08,3
28,4,28079058,08,1
28,4,28079059,08,1
28,4,28079060,08,4
28,4,28079024,09,4
28,4,28079038,09,4
28,4,28079047,09,4
28,4,28079048,09,6
28,4,28079050,09,7
28,4,28079018,10,5
28,4,28079024,10,5
28,4,28079036,10,5
28,4,28079038,10,6
28,4,28079040,10,6
28,4,28079047,10,7
28,4,28079048,10,13
28,4,28079050,10,6
28,4,28079055,10,3
28,4,28079057,10,3
28,4,28079060,10,4
28,4,28079016,14,60
28,4,28079017,14,64
28,4,28079018,14,61
28,4,28079024,14,69
28,4,28079027,14,67
28,4,28079035,14,58
28,4,28079039,14,65
28,4,28079049,14,51
28,4,28079054,14,60
28,4,28079056,14,63
28,4,28079058,14,69
28,4,28079059,14,59
28,4,28079060,14,67
28,4,28079011,20,1.2
28,4,28079018,20,0.2
28,4,28079024,20,0.2
28,4,28079038,20,0.8
28,4,28079055,20,1
28,4,28079011,30,1
28,4,28079018,30,0.2
28,4,28079024,30,0.4
28,4,28079038,30,0.3
28,4,28079055,30,0.2
28,4,28079011,35,1
28,4,28079018,35,1
28,4,28079024,35,0.3
28,4,28079038,35,0.7
28,4,28079055,35,1
28,4,28079024,42,1.33
28,4,28079027,42,1.22
28,4,28079055,42,1.43
28,4,28079024,44,0.25
28,4,28079027,44,0.12
28,4,28079055,44,0.12
28,5,28079004,01,3
28,5,28079017,01,3
28,5,28079018,01,2
28,5,28079024,01,1
28,5,28079035,01,2
28,5,28079036,01,1
28,5,28079038,01,2
28,5,28079040,01,4
28,5,28079057,01,3
28,5,28079004,06,0.2
28,5,28079016,06,0.2
28,5,28079018,06,0.2
28,5,28079024,06,0.2
28,5,28079035,06,0.2
28,5,28079036,06,0.2
28,5,28079039,06,0.1
28,5,28079056,06,0.1
28,5,28079057,06,0.2
28,5,28079004,07,1
28,5,28079011,07,1
28,5,28079016,07,1
28,5,28079017,07,1
28,5,28079018,07,1
28,5,28079024,07,1
28,5,28079027,07,1
28,5,28079035,07,2
28,5,28079036,07,1
28,5,28079038,07,1
28,5,28079039,07,1
28,5,28079040,07,1
28,5,28079047,07,2
28,5,28079048,07,1
28,5,28079049,07,1
28,5,28079050,07,1
28,5,28079054,07,3
28,5,28079055,07,1
28,5,28079056,07,1
28,5,28079057,07,1
28,5,28079058,07,1
28,5,28079059,07,1
28,5,28079060,07,1
28,5,28079004,08,7
28,5,28079011,08,9
28,5,28079016,08,8
28,5,28079017,08,5
28,5,28079018,08,3
28,5,28079024,08,1
28,5,28079027,08,15
28,5,28079035,08,6
28,5,28079036,08,2
28,5,28079038,08,6
28,5,28079039,08,7
28,5,28079040,08,11
28,5,28079047,08,14
28,5,28079048,08,6
28,5,28079049,08,6
28,5,28079050,08,6
28,5,28079054,08,8
28,5,28079055,08,16
28,5,28079056,08,6
28,5,28079057,08,8
28,5,28079058,08,1
28,5,28079059,08,4
28,5,28079060,08,3
28,5,28079024,09,5
28,5,28079038,09,7
28,5,28079047,09,5
28,5,28079048,09,8
28,5,28079050,09,6
28,5,28079018,10,7
28,5,28079024,10,7
28,5,28079036,10,10
28,5,28079038,10,5
28,5,28079040,10,6
28,5,28079047,10,6
28,5,28079048,10,13
28,5,28079050,10,10
28,5,28079055,10,9
28,5,28079057,10,11
28,5,28079060,10,23
28,5,28079016,14,53
28,5,28079017,14,61
28,5,28079018,14,51
28,5,28079024,14,69
28,5,28079027,14,55
28,5,28079035,14,63
28,5,28079039,14,63
28,5,28079049,14,51
28,5,28079054,14,54
28,5,28079056,14,63
28,5,28079058,14,67
28,5,28079059,14,54
28,5,28079060,14,64
28,5,28079011,20,0.9
28,5,28079018,20,0.1
28,5,28079024,20,0.2
28,5,28079038,20,0.5
28,5,28079055,20,0.6
28,5,28079011,30,0.9
28,5,28079018,30,0.2
28,5,28079024,30,0.4
28,5,28079038,30,0.2
28,5,28079055,30,0.1
28,5,28079011,35,1
28,5,28079018,35,1
28,5,28079024,35,0.3
28,5,28079038,35,0.3
28,5,28079055,35,1
28,5,28079024,42,1.33
28,5,28079027,42,1.25
28,5,28079055,42,1.46
28,5,28079024,44,0.25
28,5,28079027,44,0.15
28,5,28079055,44,0.14
28,6,28079004,01,3
28,6,28079017,01,3
28,6,28079018,01,2
28,6,28079024,01,1
28,6,28079035,01,2
28,6,28079036,01,1
28,6,28079038,01,2
28,6,28079040,01,4
28,6,28079057,01,3
28,6,28079004,06,0.2
28,6,28079016,06,0.2
28,6,28079018,06,0.2
28,6,28079024,06,0.2
28,6,28079035,06,0.2
28,6,28079036,06,0.2
28,6,28079039,06,0.1
28,6,28079056,06,0.2
28,6,28079057,06,0.2
28,6,28079004,07,1
28,6,28079011,07,1
28,6,28079016,07,1
28,6,28079017,07,1
28,6,28079018,07,1
28,6,28079024,07,1
28,6,28079027,07,1
28,6,28079035,07,3
28,6,28079036,07,1
28,6,28079038,07,1
28,6,28079039,07,1
28,6,28079040,07,1
28,6,28079047,07,1
28,6,28079048,07,1
28,6,28079049,07,1
28,6,28079050,07,7
28,6,28079054,07,3
28,6,28079055,07,1
28,6,28079056,07,2
28,6,28079057,07,1
28,6,28079058,07,2
28,6,28079059,07,1
28,6,28079060,07,1
28,6,28079004,08,5
28,6,28079011,08,9
28,6,28079016,08,9
28,6,28079017,08,9
28,6,28079018,08,5
28,6,28079024,08,1
28,6,28079027,08,3
28,6,28079035,08,7
28,6,28079036,08,5
28,6,28079038,08,7
28,6,28079039,08,5
28,6,28079040,08,15
28,6,28079047,08,9
28,6,28079048,08,8
28,6,28079049,08,8
28,6,28079050,08,10
28,6,28079054,08,9
28,6,28079055,08,4
28,6,28079056,08,17
28,6,28079057,08,7
28,6,28079058,08,1
28,6,28079059,08,2
28,6,28079060,08,3
28,6,28079024,09,5
28,6,28079038,09,7
28,6,28079047,09,6
28,6,28079048,09,5
28,6,28079050,09,6
28,6,28079018,10,8
28,6,28079024,10,7
28,6,28079036,10,9
28,6,28079038,10,6
28,6,28079040,10,8
28,6,28079047,10,8
28,6,28079048,10,7
28,6,28079050,10,11
28,6,28079055,10,8
28,6,28079057,10,9
28,6,28079060,10,3
28,6,28079016,14,53
28,6,28079017,14,55
28,6,28079018,14,47
28,6,28079024,14,65
28,6,28079027,14,68
28,6,28079035,14,61
28,6,28079039,14,65
28,6,28079049,14,55
28,6,28079054,14,54
28,6,28079056,14,51
28,6,28079058,14,67
28,6,28079059,14,57
28,6,28079060,14,65
28,6,28079011,20,0.7
28,6,28079018,20,0.2
28,6,28079024,20,0.2
28,6,28079038,20,0.2
28,6,28079055,20,0.7
28,6,28079011,30,0.9
28,6,28079018,30,0.2
28,6,28079024,30,0.4
28,6,28079038,30,0.2
28,6,28079055,30,0.2
28,6,28079011,35,1
28,6,28079018,35,1
28,6,28079024,35,0.4
28,6,28079038,35,1
28,6,28079055,35,1
28,6,28079024,42,1.33
28,6,28079027,42,1.21
28,6,28079055,42,1.42
28,6,28079024,44,0.25
28,6,28079027,44,0.12
28,6,28079055,44,0.12
28,7,28079004,01,3
28,7,28079017,01,3
28,7,28079018,01,2
28,7,28079024,01,1
28,7,28079035,01,2
28,7,28079036,01,1
28,7,28079038,01,3
28,7,28079040,01,4
28,7,28079057,01,3
28,7,28079004,06,0.2
28,7,28079016,06,0.3
28,7,28079018,06,0.3
28,7,28079024,06,0.2
28,7,28079035,06,0.2
28,7,28079036,06,0.2
28,7,28079039,06,0.2
28,7,28079056,06,0.2
28,7,28079057,06,0.3
28,7,28079004,07,5
28,7,28079011,07,1
28,7,28079016,07,6
28,7,28079017,07,6
28,7,28079018,07,1
28,7,28079024,07,1
28,7,28079027,07,2
28,7,28079035,07,3
28,7,28079036,07,4
28,7,28079038,07,3
28,7,28079039,07,3
28,7,28079040,07,7
28,7,28079047,07,1
28,7,28079048,07,3
28,7,28079049,07,1
28,7,28079050,07,30
28,7,28079054,07,5
28,7,28079055,07,7
28,7,28079056,07,9
28,7,28079057,07,1
28,7,28079058,07,2
28,7,28079059,07,2
28,7,28079060,07,1
28,7,28079004,08,25
28,7,28079011,08,19
28,7,28079016,08,33
28,7,28079017,08,19
28,7,28079018,08,16
28,7,28079024,08,1
28,7,28079027,08,37
28,7,28079035,08,13
28,7,28079036,08,19
28,7,28079038,08,15
28,7,28079039,08,17
28,7,28079040,08,36
28,7,28079047,08,19
28,7,28079048,08,19
28,7,28079049,08,15
28,7,28079050,08,35
28,7,28079054,08,21
28,7,28079055,08,49
28,7,28079056,08,28
28,7,28079057,08,16
28,7,28079058,08,8
28,7,28079059,08,17
28,7,28079060,08,10
28,7,28079024,09,4
28,7,28079038,09,6
28,7,28079047,09,5
28,7,28079048,09,4
28,7,28079050,09,8
28,7,28079018,10,9
28,7,28079024,10,7
28,7,28079036,10,4
28,7,28079038,10,7
28,7,28079040,10,8
28,7,28079047,10,7
28,7,28079048,10,7
28,7,28079050,10,17
28,7,28079055,10,11
28,7,28079057,10,10
28,7,28079060,10,13
28,7,28079016,14,35
28,7,28079017,14,52
28,7,28079018,14,50
28,7,28079024,14,67
28,7,28079027,14,41
28,7,28079035,14,56
28,7,28079039,14,56
28,7,28079049,14,50
28,7,28079054,14,43
28,7,28079056,14,44
28,7,28079058,14,54
28,7,28079059,14,42
28,7,28079060,14,57
28,7,28079011,20,0.8
28,7,28079018,20,0.2
28,7,28079024,20,0.2
28,7,28079038,20,0.3
28,7,28079055,20,0.8
28,7,28079011,30,0.9
28,7,28079018,30,0.1
28,7,28079024,30,0.4
28,7,28079038,30,0.3
28,7,28079055,30,0.2
28,7,28079011,35,1
28,7,28079018,35,1
28,7,28079024,35,0.3
28,7,28079038,35,1
28,7,28079055,35,1
28,7,28079024,42,1.33
28,7,28079027,42,1.25
28,7,28079055,42,1.46
28,7,28079024,44,0.25
28,7,28079027,44,0.14
28,7,28079055,44,0.14
28,8,28079004,01,3
28,8,28079017,01,3
28,8,28079018,01,2
28,8,28079024,01,1
28,8,28079035,01,3
28,8,28079036,01,1
28,8,28079038,01,4
28,8,28079040,01,4
28,8,28079057,01,3
28,8,28079004,06,0.3
28,8,28079016,06,0.4
28,8,28079018,06,0.3
28,8,28079024,06,0.2
28,8,28079035,06,0.3
28,8,28079036,06,0.3
28,8,28079039,06,0.4
28,8,28079056,06,0.3
28,8,28079057,06,0.3
28,8,28079004,07,12
28,8,28079011,07,5
28,8,28079016,07,22
28,8,28079017,07,10
28,8,28079018,07,5
28,8,28079024,07,1
28,8,28079027,07,22
28,8,28079035,07,7
28,8,28079036,07,17
28,8,28079038,07,18
28,8,28079039,07,34
28,8,28079040,07,11
28,8,28079047,07,3
28,8,28079048,07,19
28,8,28079049,07,1
28,8,28079050,07,99
28,8,28079054,07,10
28,8,28079055,07,46
28,8,28079056,07,10
28,8,28079057,07,10
28,8,28079058,07,24
28,8,28079059,07,24
28,8,28079060,07,8
28,8,28079004,08,48
28,8,28079011,08,47
28,8,28079016,08,55
28,8,28079017,08,44
28,8,28079018,08,35
28,8,28079024,08,5
28,8,28079027,08,76
28,8,28079035,08,45
28,8,28079036,08,42
28,8,28079038,08,46
28,8,28079039,08,65
28,8,28079040,08,46
28,8,28079047,08,34
28,8,28079048,08,51
28,8,28079049,08,30
28,8,28079050,08,84
28,8,28079054,08,51
28,8,28079055,08,78
28,8,28079056,08,45
28,8,28079057,08,52
28,8,28079058,08,43
28,8,28079059,08,39
28,8,28079060,08,40
28,8,28079024,09,7
28,8,28079038,09,11
28,8,28079047,09,8
28,8,28079048,09,12
28,8,28079050,09,15
28,8,28079018,10,13
28,8,28079024,10,9
28,8,28079036,10,11
28,8,28079038,10,11
28,8,28079040,10,13
28,8,28079047,10,12
28,8,28079048,10,20
28,8,28079050,10,31
28,8,28079055,10,17
28,8,28079057,10,15
28,8,28079060,10,14
28,8,28079016,14,25
28,8,28079017,14,33
28,8,28079018,14,34
28,8,28079024,14,62
28,8,28079027,14,9
28,8,28079035,14,26
28,8,28079039,14,20
28,8,28079049,14,40
28,8,28079054,14,19
28,8,28079056,14,32
28,8,28079058,14,14
28,8,28079059,14,24
28,8,28079060,14,28
28,8,28079011,20,1.5
28,8,28079018,20,0.3
28,8,28079024,20,0.2
28,8,28079038,20,1.1
28,8,28079055,20,1.8
28,8,28079011,30,1.3
28,8,28079018,30,0.1
28,8,28079024,30,0.4
28,8,28079038,30,0.6
28,8,28079055,30,0.6
28,8,28079011,35,0.9
28,8,28079018,35,1
28,8,28079024,35,0.5
28,8,28079038,35,0.6
28,8,28079055,35,0.7
28,8,28079024,42,1.34
28,8,28079027,42,1.28
28,8,28079055,42,1.53
28,8,28079024,44,0.26
28,8,28079027,44,0.17
28,8,28079055,44,0.19
28,9,28079004,01,4
28,9,28079017,01,3
28,9,28079018,01,2
28,9,28079024,01,1
28,9,28079035,01,5
28,9,28079036,01,2
28,9,28079038,01,6
28,9,28079040,01,5
28,9,28079057,01,4
28,9,28079004,06,0.4
28,9,28079016,06,0.5
28,9,28079018,06,0.4
28,9,28079024,06,0.2
28,9,28079035,06,0.4
28,9,28079036,06,0.4
28,9,28079039,06,0.5
28,9,28079056,06,0.3
28,9,28079057,06,0.3
28,9,28079004,07,18
28,9,28079011,07,10
28,9,28079016,07,35
28,9,28079017,07,31
28,9,28079018,07,11
28,9,28079024,07,1
28,9,28079027,07,87
28,9,28079035,07,19
28,9,28079036,07,30
28,9,28079038,07,43
28,9,28079039,07,64
28,9,28079040,07,29
28,9,28079047,07,7
28,9,28079048,07,35
28,9,28079049,07,5
28,9,28079050,07,96
28,9,28079054,07,18
28,9,28079055,07,214
28,9,28079056,07,19
28,9,28079057,07,18
28,9,28079058,07,12
28,9,28079059,07,28
28,9,28079060,07,10
28,9,28079004,08,62
28,9,28079011,08,66
28,9,28079016,08,79
28,9,28079017,08,70
28,9,28079018,08,55
28,9,28079024,08,8
28,9,28079027,08,93
28,9,28079035,08,59
28,9,28079036,08,57
28,9,28079038,08,75
28,9,28079039,08,90
28,9,28079040,08,70
28,9,28079047,08,56
28,9,28079048,08,68
28,9,28079049,08,49
28,9,28079050,08,91
28,9,28079054,08,63
28,9,28079055,08,121
28,9,28079056,08,65
28,9,28079057,08,65
28,9,28079058,08,36
28,9,28079059,08,53
28,9,28079060,08,51
28,9,28079024,09,6
28,9,28079038,09,14
28,9,28079047,09,9
28,9,28079048,09,13
28,9,28079050,09,15
28,9,28079018,10,16
28,9,28079024,10,10
28,9,28079036,10,15
28,9,28079038,10,15
28,9,28079040,10,20
28,9,28079047,10,15
28,9,28079048,10,24
28,9,28079050,10,34
28,9,28079055,10,30
28,9,28079057,10,17
28,9,28079060,10,7
28,9,28079016,14,11
28,9,28079017,14,12
28,9,28079018,14,19
28,9,28079024,14,59
28,9,28079027,14,7
28,9,28079035,14,16
28,9,28079039,14,10
28,9,28079049,14,21
28,9,28079054,14,10
28,9,28079056,14,18
28,9,28079058,14,16
28,9,28079059,14,13
28,9,28079060,14,26
28,9,28079011,20,3.9
28,9,28079018,20,0.8
28,9,28079024,20,0.2
28,9,28079038,20,4.3
28,9,28079055,20,2.2
28,9,28079011,30,2.2
28,9,28079018,30,0.3
28,9,28079024,30,0.4
28,9,28079038,30,1.2
28,9,28079055,30,0.7
28,9,28079011,35,0.3
28,9,28079018,35,0.9
28,9,28079024,35,0.4
28,9,28079038,35,0.6
28,9,28079055,35,0.6
28,9,28079024,42,1.34
28,9,28079027,42,1.55
28,9,28079055,42,1.68
28,9,28079024,44,0.26
28,9,28079027,44,0.31
28,9,28079055,44,0.27
29,1,28079004,01,7
29,1,28079017,01,8
29,1,28079018,01,6
29,1,28079024,01,2
29,1,28079035,01,8
29,1,28079036,01,2
29,1,28079038,01,7
29,1,28079040,01,5
29,1,28079057,01,10
29,1,28079004,06,0.8
29,1,28079016,06,0.6
29,1,28079018,06,0.6
29,1,28079024,06,0.4
29,1,28079035,06,0.6
29,1,28079036,06,0.4
29,1,28079039,06,0.7
29,1,28079056,06,1
29,1,28079057,06,0.8
29,1,28079004,07,156
29,1,28079011,07,51
29,1,28079016,07,49
29,1,28079017,07,228
29,1,28079018,07,94
29,1,28079024,07,38
29,1,28079027,07,99
29,1,28079035,07,110
29,1,28079036,07,34
29,1,28079038,07,55
29,1,28079039,07,151
29,1,28079040,07,13
29,1,28079047,07,102
29,1,28079048,07,68
29,1,28079049,07,78
29,1,28079050,07,55
29,1,28079054,07,21
29,1,28079055,07,135
29,1,28079056,07,286
29,1,28079057,07,154
29,1,28079058,07,5
29,1,28079059,07,83
29,1,28079060,07,88
29,1,28079004,08,79
29,1,28079011,08,79
29,1,28079016,08,83
29,1,28079017,08,102
29,1,28079018,08,74
29,1,28079024,08,56
29,1,28079027,08,71
29,1,28079035,08,85
29,1,28079036,08,62
29,1,28079038,08,82
29,1,28079039,08,95
29,1,28079040,08,65
29,1,28079047,08,75
29,1,28079048,08,78
29,1,28079049,08,64
29,1,28079050,08,79
29,1,28079054,08,50
29,1,28079055,08,82
29,1,28079056,08,143
29,1,28079057,08,111
29,1,28079058,08,27
29,1,28079059,08,57
29,1,28079060,08,89
29,1,28079024,09,8
29,1,28079038,09,13
29,1,28079047,09,16
29,1,28079048,09,16
29,1,28079050,09,17
29,1,28079018,10,24
29,1,28079024,10,13
29,1,28079036,10,12
29,1,28079038,10,20
29,1,28079040,10,13
29,1,28079047,10,21
29,1,28079048,10,25
29,1,28079050,10,32
29,1,28079055,10,30
29,1,28079057,10,31
29,1,28079060,10,17
29,1,28079016,14,3
29,1,28079017,14,3
29,1,28079018,14,3
29,1,28079024,14,3
29,1,28079027,14,5
29,1,28079035,14,2
29,1,28079039,14,3
29,1,28079049,14,2
29,1,28079054,14,12
29,1,28079056,14,4
29,1,28079058,14,4
29,1,28079059,14,6
29,1,28079060,14,5
29,1,28079011,20,7.6
29,1,28079018,20,4.4
29,1,28079024,20,2.2
29,1,28079038,20,5.4
29,1,28079055,20,4.2
29,1,28079011,30,3.6
29,1,28079018,30,0.8
29,1,28079024,30,0.9
29,1,28079038,30,1
29,1,28079055,30,1.4
29,1,28079011,35,2.2
29,1,28079018,35,0.3
29,1,28079024,35,0.5
29,1,28079038,35,1.1
29,1,28079055,35,0.6
29,1,28079024,42,1.42
29,1,28079027,42,1.68
29,1,28079055,42,1.97
29,1,28079024,44,0.3
29,1,28079027,44,0.27
29,1,28079055,44,0.36
29,10,28079004,01,10
29,10,28079017,01,10
29,10,28079018,01,7
29,10,28079024,01,3
29,10,28079035,01,16
29,10,28079036,01,10
29,10,28079038,01,20
29,10,28079040,01,18
29,10,28079057,01,6
29,10,28079004,06,1.1
29,10,28079016,06,0.7
29,10,28079018,06,1
29,10,28079024,06,0.4
29,10,28079035,06,1
29,10,28079036,06,1.4
29,10,28079039,06,1.4
29,10,28079056,06,1.3
29,10,28079057,06,0.6
29,10,28079004,07,314
29,10,28079011,07,149
29,10,28079016,07,137
29,10,28079017,07,307
29,10,28079018,07,157
29,10,28079024,07,60
29,10,28079027,07,102
29,10,28079035,07,245
29,10,28079036,07,315
29,10,28079038,07,307
29,10,28079039,07,329
29,10,28079040,07,394
29,10,28079047,07,274
29,10,28079048,07,235
29,10,28079049,07,197
29,10,28079050,07,166
29,10,28079054,07,225
29,10,28079055,07,127
29,10,28079056,07,313
29,10,28079057,07,110
29,10,28079058,07,64
29,10,28079059,07,83
29,10,28079060,07,187
29,10,28079004,08,95
29,10,28079011,08,89
29,10,28079016,08,81
29,10,28079017,08,111
29,10,28079018,08,70
29,10,28079024,08,33
29,10,28079027,08,59
29,10,28079035,08,91
29,10,28079036,08,120
29,10,28079038,08,113
29,10,28079039,08,128
29,10,28079040,08,142
29,10,28079047,08,89
29,10,28079048,08,106
29,10,28079049,08,58
29,10,28079050,08,91
29,10,28079054,08,70
29,10,28079055,08,73
29,10,28079056,08,127
29,10,28079057,08,68
29,10,28079058,08,31
29,10,28079059,08,33
29,10,28079060,08,98
29,10,28079024,09,14
29,10,28079038,09,35
29,10,28079047,09,26
29,10,28079048,09,26
29,10,28079050,09,22
29,10,28079018,10,35
29,10,28079024,10,15
29,10,28079036,10,48
29,10,28079038,10,45
29,10,28079040,10,65
29,10,28079047,10,40
29,10,28079048,10,38
29,10,28079050,10,38
29,10,28079055,10,22
29,10,28079057,10,26
29,10,28079060,10,36
29,10,28079016,14,4
29,10,28079017,14,4
29,10,28079018,14,3
29,10,28079024,14,5
29,10,28079027,14,6
29,10,28079035,14,2
29,10,28079039,14,3
29,10,28079049,14,2
29,10,28079054,14,6
29,10,28079056,14,4
29,10,28079058,14,4
29,10,28079059,14,8
29,10,28079060,14,6
29,10,28079011,20,8.2
29,10,28079018,20,5.2
29,10,28079024,20,2.6
29,10,28079038,20,20.5
29,10,28079055,20,2.8
29,10,28079011,30,3.9
29,10,28079018,30,1.2
29,10,28079024,30,0.8
29,10,28079038,30,4.3
29,10,28079055,30,1.2
29,10,28079011,35,1.4
29,10,28079018,35,0.4
29,10,28079024,35,0.3
29,10,28079038,35,3.2
29,10,28079055,35,0.4
29,10,28079024,42,1.58
29,10,28079027,42,1.61
29,10,28079055,42,1.96
29,10,28079024,44,0.34
29,10,28079027,44,0.21
29,10,28079055,44,0.3
29,11,28079004,01,9
29,11,28079017,01,7
29,11,28079018,01,10
29,11,28079024,01,5
29,11,28079035,01,18
29,11,28079036,01,16
29,11,28079038,01,20
29,11,28079040,01,10
29,11,28079057,01,6
29,11,28079004,06,0.8
29,11,28079016,06,0.5
29,11,28079018,06,0.8
29,11,28079024,06,0.6
29,11,28079035,06,1.2
29,11,28079036,06,1.3
29,11,28079039,06,0.6
29,11,28079056,06,1
29,11,28079057,06,0.5
29,11,28079004,07,222
29,11,28079011,07,120
29,11,28079016,07,77
29,11,28079017,07,148
29,11,28079018,07,166
29,11,28079024,07,140
29,11,28079027,07,71
29,11,28079035,07,264
29,11,28079036,07,156
29,11,28079038,07,251
29,11,28079039,07,134
29,11,28079040,07,133
29,11,28079047,07,346
29,11,28079048,07,192
29,11,28079049,07,245
29,11,28079050,07,96
29,11,28079054,07,161
29,11,28079055,07,68
29,11,28079056,07,337
29,11,28079057,07,62
29,11,28079058,07,29
29,11,28079059,07,54
29,11,28079060,07,56
29,11,28079004,08,81
29,11,28079011,08,80
29,11,28079016,08,60
29,11,28079017,08,82
29,11,28079018,08,83
29,11,28079024,08,61
29,11,28079027,08,45
29,11,28079035,08,102
29,11,28079036,08,90
29,11,28079038,08,102
29,11,28079039,08,84
29,11,28079040,08,80
29,11,28079047,08,110
29,11,28079048,08,95
29,11,28079049,08,81
29,11,28079050,08,66
29,11,28079054,08,57
29,11,28079055,08,49
29,11,28079056,08,129
29,11,28079057,08,52
29,11,28079058,08,21
29,11,28079059,08,25
29,11,28079060,08,53
29,11,28079024,09,33
29,11,28079038,09,34
29,11,28079047,09,36
29,11,28079048,09,27
29,11,28079050,09,19
29,11,28079018,10,39
29,11,28079024,10,32
29,11,28079036,10,38
29,11,28079038,10,45
29,11,28079040,10,37
29,11,28079047,10,49
29,11,28079048,10,42
29,11,28079050,10,35
29,11,28079055,10,23
29,11,28079057,10,32
29,11,28079060,10,22
29,11,28079016,14,7
29,11,28079017,14,6
29,11,28079018,14,4
29,11,28079024,14,8
29,11,28079027,14,11
29,11,28079035,14,2
29,11,28079039,14,5
29,11,28079049,14,3
29,11,28079054,14,8
29,11,28079056,14,5
29,11,28079058,14,10
29,11,28079059,14,14
29,11,28079060,14,13
29,11,28079011,20,8.6
29,11,28079018,20,6.2
29,11,28079024,20,2.7
29,11,28079038,20,13.7
29,11,28079055,20,2.7
29,11,28079011,30,4.1
29,11,28079018,30,1.3
29,11,28079024,30,1.1
29,11,28079038,30,2.9
29,11,28079055,30,1
29,11,28079011,35,1.8
29,11,28079018,35,0.5
29,11,28079024,35,0.4
29,11,28079038,35,2.9
29,11,28079055,35,0.5
29,11,28079024,42,1.63
29,11,28079027,42,1.62
29,11,28079055,42,1.83
29,11,28079024,44,0.36
29,11,28079027,44,0.2
29,11,28079055,44,0.23
29,12,28079004,01,13
29,12,28079018,01,8
29,12,28079024,01,7
29,12,28079035,01,18
29,12,28079036,01,16
29,12,28079038,01,23
29,12,28079040,01,9
29,12,28079057,01,6
29,12,28079004,06,1
29,12,28079016,06,0.4
29,12,28079018,06,0.7
29,12,28079024,06,0.7
29,12,28079035,06,1.1
29,12,28079036,06,0.9
29,12,28079039,06,0.5
29,12,28079056,06,0.5
29,12,28079057,06,0.3
29,12,28079004,07,246
29,12,28079011,07,79
29,12,28079016,07,45
29,12,28079018,07,115
29,12,28079024,07,152
29,12,28079027,07,41
29,12,28079035,07,255
29,12,28079036,07,125
29,12,28079038,07,254
29,12,28079039,07,103
29,12,28079040,07,85
29,12,28079047,07,210
29,12,28079048,07,119
29,12,28079049,07,126
29,12,28079050,07,81
29,12,28079054,07,121
29,12,28079055,07,40
29,12,28079056,07,132
29,12,28079057,07,29
29,12,28079058,07,37
29,12,28079059,07,37
29,12,28079060,07,41
29,12,28079004,08,99
29,12,28079011,08,71
29,12,28079016,08,50
29,12,28079018,08,84
29,12,28079024,08,79
29,12,28079027,08,41
29,12,28079035,08,109
29,12,28079036,08,69
29,12,28079038,08,103
29,12,28079039,08,73
29,12,28079040,08,71
29,12,28079047,08,90
29,12,28079048,08,74
29,12,28079049,08,75
29,12,28079050,08,62
29,12,28079054,08,57
29,12,28079055,08,41
29,12,28079056,08,87
29,12,28079057,08,35
29,12,28079058,08,40
29,12,28079059,08,24
29,12,28079060,08,46
29,12,28079024,09,27
29,12,28079038,09,35
29,12,28079047,09,34
29,12,28079048,09,22
29,12,28079050,09,20
29,12,28079018,10,36
29,12,28079024,10,38
29,12,28079036,10,34
29,12,28079038,10,52
29,12,28079040,10,33
29,12,28079047,10,49
29,12,28079048,10,38
29,12,28079050,10,35
29,12,28079055,10,19
29,12,28079057,10,26
29,12,28079060,10,19
29,12,28079016,14,12
29,12,28079018,14,7
29,12,28079024,14,9
29,12,28079027,14,17
29,12,28079035,14,3
29,12,28079039,14,7
29,12,28079049,14,4
29,12,28079054,14,10
29,12,28079056,14,8
29,12,28079058,14,13
29,12,28079059,14,17
29,12,28079060,14,15
29,12,28079011,20,8.1
29,12,28079018,20,5.4
29,12,28079024,20,3.9
29,12,28079038,20,11.3
29,12,28079055,20,2.5
29,12,28079011,30,3.6
29,12,28079018,30,1
29,12,28079024,30,1.4
29,12,28079038,30,2.7
29,12,28079055,30,0.7
29,12,28079011,35,1.5
29,12,28079018,35,0.4
29,12,28079024,35,0.5
29,12,28079038,35,2.3
29,12,28079055,35,0.4
29,12,28079024,42,1.84
29,12,28079027,42,1.43
29,12,28079055,42,1.66
29,12,28079024,44,0.44
29,12,28079027,44,0.2
29,12,28079055,44,0.2
29,13,28079004,01,13
29,13,28079017,01,5
29,13,28079018,01,5
29,13,28079024,01,9
29,13,28079035,01,17
29,13,28079036,01,14
29,13,28079038,01,22
29,13,28079040,01,9
29,13,28079057,01,8
29,13,28079004,06,0.9
29,13,28079016,06,0.5
29,13,28079018,06,0.5
29,13,28079024,06,0.7
29,13,28079035,06,0.8
29,13,28079036,06,0.5
29,13,28079039,06,0.6
29,13,28079056,06,0.3
29,13,28079057,06,0.4
29,13,28079004,07,191
29,13,28079011,07,79
29,13,28079016,07,52
29,13,28079017,07,59
29,13,28079018,07,70
29,13,28079024,07,156
29,13,28079027,07,39
29,13,28079035,07,152
29,13,28079036,07,73
29,13,28079038,07,185
29,13,28079039,07,99
29,13,28079040,07,61
29,13,28079047,07,85
29,13,28079048,07,105
29,13,28079049,07,116
29,13,28079050,07,64
29,13,28079054,07,69
29,13,28079055,07,45
29,13,28079056,07,74
29,13,28079057,07,45
29,13,28079058,07,28
29,13,28079059,07,33
29,13,28079060,07,41
29,13,28079004,08,99
29,13,28079011,08,75
29,13,28079016,08,57
29,13,28079017,08,56
29,13,28079018,08,60
29,13,28079024,08,90
29,13,28079027,08,41
29,13,28079035,08,89
29,13,28079036,08,57
29,13,28079038,08,100
29,13,28079039,08,77
29,13,28079040,08,63
29,13,28079047,08,60
29,13,28079048,08,74
29,13,28079049,08,77
29,13,28079050,08,59
29,13,28079054,08,46
29,13,28079055,08,44
29,13,28079056,08,61
29,13,28079057,08,47
29,13,28079058,08,44
29,13,28079059,08,29
29,13,28079060,08,47
29,13,28079024,09,32
29,13,28079038,09,36
29,13,28079047,09,20
29,13,28079048,09,17
29,13,28079050,09,18
29,13,28079018,10,49
29,13,28079024,10,43
29,13,28079036,10,31
29,13,28079040,10,32
29,13,28079047,10,33
29,13,28079048,10,41
29,13,28079050,10,31
29,13,28079055,10,24
29,13,28079057,10,27
29,13,28079060,10,20
29,13,28079016,14,15
29,13,28079017,14,14
29,13,28079018,14,11
29,13,28079024,14,12
29,13,28079027,14,23
29,13,28079035,14,6
29,13,28079039,14,10
29,13,28079049,14,5
29,13,28079054,14,14
29,13,28079056,14,6
29,13,28079058,14,21
29,13,28079059,14,24
29,13,28079060,14,20
29,13,28079011,20,7.5
29,13,28079018,20,4.1
29,13,28079024,20,6.5
29,13,28079038,20,11.6
29,13,28079055,20,3.2
29,13,28079011,30,3.5
29,13,28079018,30,0.8
29,13,28079024,30,1.7
29,13,28079038,30,2.5
29,13,28079055,30,0.7
29,13,28079011,35,1.5
29,13,28079018,35,0.4
29,13,28079024,35,0.8
29,13,28079038,35,2.2
29,13,28079055,35,0.5
29,13,28079024,42,1.95
29,13,28079027,42,1.41
29,13,28079055,42,1.69
29,13,28079024,44,0.47
29,13,28079027,44,0.19
29,13,28079055,44,0.22
29,14,28079004,01,14
29,14,28079017,01,6
29,14,28079018,01,7
29,14,28079035,01,17
29,14,28079036,01,14
29,14,28079038,01,20
29,14,28079040,01,9
29,14,28079057,01,8
29,14,28079004,06,0.8
29,14,28079016,06,0.4
29,14,28079018,06,0.5
29,14,28079035,06,0.8
29,14,28079036,06,0.4
29,14,28079039,06,0.4
29,14,28079056,06,0.4
29,14,28079057,06,0.4
29,14,28079004,07,135
29,14,28079011,07,53
29,14,28079016,07,45
29,14,28079017,07,41
29,14,28079018,07,57
29,14,28079024,07,90
29,14,28079027,07,23
29,14,28079035,07,115
29,14,28079036,07,48
29,14,28079038,07,156
29,14,28079039,07,66
29,14,28079040,07,52
29,14,28079047,07,79
29,14,28079048,07,86
29,14,28079049,07,60
29,14,28079050,07,58
29,14,28079054,07,72
29,14,28079055,07,24
29,14,28079056,07,72
29,14,28079057,07,39
29,14,28079058,07,21
29,14,28079059,07,29
29,14,28079060,07,27
29,14,28079004,08,89
29,14,28079011,08,71
29,14,28079016,08,54
29,14,28079017,08,50
29,14,28079018,08,67
29,14,28079024,08,66
29,14,28079027,08,34
29,14,28079035,08,82
29,14,28079036,08,47
29,14,28079038,08,102
29,14,28079039,08,69
29,14,28079040,08,60
29,14,28079047,08,64
29,14,28079048,08,72
29,14,28079049,08,67
29,14,28079050,08,59
29,14,28079054,08,49
29,14,28079055,08,36
29,14,28079056,08,68
29,14,28079057,08,51
29,14,28079058,08,38
29,14,28079059,08,33
29,14,28079060,08,45
29,14,28079024,09,27
29,14,28079038,09,31
29,14,28079047,09,20
29,14,28079048,09,17
29,14,28079050,09,16
29,14,28079018,10,44
29,14,28079024,10,42
29,14,28079036,10,24
29,14,28079038,10,35
29,14,28079040,10,24
29,14,28079047,10,34
29,14,28079048,10,39
29,14,28079050,10,27
29,14,28079055,10,16
29,14,28079057,10,24
29,14,28079060,10,13
29,14,28079016,14,20
29,14,28079017,14,20
29,14,28079018,14,16
29,14,28079027,14,35
29,14,28079035,14,9
29,14,28079039,14,15
29,14,28079049,14,10
29,14,28079054,14,18
29,14,28079056,14,17
29,14,28079058,14,29
29,14,28079059,14,28
29,14,28079060,14,29
29,14,28079011,20,7.7
29,14,28079018,20,3.6
29,14,28079024,20,7.6
29,14,28079038,20,11.8
29,14,28079055,20,3
29,14,28079011,30,3.5
29,14,28079018,30,0.6
29,14,28079024,30,1.9
29,14,28079038,30,2
29,14,28079055,30,0.6
29,14,28079011,35,1.5
29,14,28079018,35,0.4
29,14,28079024,35,1.1
29,14,28079038,35,2.2
29,14,28079055,35,0.5
29,14,28079027,42,1.34
29,14,28079055,42,1.58
29,14,28079027,44,0.16
29,14,28079055,44,0.18
29,15,28079004,01,13
29,15,28079017,01,6
29,15,28079018,01,8
29,15,28079024,01,10
29,15,28079035,01,17
29,15,28079036,01,16
29,15,28079038,01,22
29,15,28079040,01,9
29,15,28079057,01,7
29,15,28079004,06,0.7
29,15,28079016,06,0.5
29,15,28079018,06,0.5
29,15,28079024,06,0.6
29,15,28079035,06,0.7
29,15,28079036,06,0.5
29,15,28079039,06,0.6
29,15,28079056,06,0.4
29,15,28079057,06,0.4
29,15,28079004,07,101
29,15,28079011,07,69
29,15,28079016,07,34
29,15,28079017,07,39
29,15,28079018,07,58
29,15,28079024,07,91
29,15,28079027,07,19
29,15,28079035,07,86
29,15,28079036,07,52
29,15,28079038,07,149
29,15,28079039,07,83
29,15,28079040,07,48
29,15,28079047,07,61
29,15,28079048,07,108
29,15,28079049,07,59
29,15,28079050,07,69
29,15,28079054,07,58
29,15,28079055,07,24
29,15,28079056,07,71
29,15,28079057,07,26
29,15,28079058,07,111
29,15,28079059,07,19
29,15,28079060,07,20
29,15,28079004,08,86
29,15,28079011,08,84
29,15,28079016,08,55
29,15,28079017,08,57
29,15,28079018,08,73
29,15,28079024,08,79
29,15,28079027,08,34
29,15,28079035,08,76
29,15,28079036,08,51
29,15,28079038,08,106
29,15,28079039,08,82
29,15,28079040,08,62
29,15,28079047,08,60
29,15,28079048,08,83
29,15,28079049,08,70
29,15,28079050,08,73
29,15,28079054,08,49
29,15,28079055,08,39
29,15,28079056,08,73
29,15,28079057,08,44
29,15,28079058,08,38
29,15,28079059,08,29
29,15,28079060,08,44
29,15,28079024,09,25
29,15,28079038,09,29
29,15,28079047,09,18
29,15,28079048,09,22
29,15,28079050,09,18
29,15,28079018,10,29
29,15,28079024,10,38
29,15,28079036,10,17
29,15,28079038,10,42
29,15,28079040,10,27
29,15,28079047,10,30
29,15,28079048,10,43
29,15,28079050,10,27
29,15,28079055,10,15
29,15,28079057,10,19
29,15,28079060,10,11
29,15,28079016,14,22
29,15,28079017,14,21
29,15,28079018,14,15
29,15,28079024,14,16
29,15,28079027,14,39
29,15,28079035,14,12
29,15,28079039,14,13
29,15,28079049,14,10
29,15,28079054,14,21
29,15,28079056,14,18
29,15,28079059,14,34
29,15,28079060,14,33
29,15,28079011,20,7.8
29,15,28079018,20,3.2
29,15,28079024,20,6.8
29,15,28079038,20,11.8
29,15,28079055,20,2.7
29,15,28079011,30,3.5
29,15,28079018,30,0.5
29,15,28079024,30,2.1
29,15,28079038,30,2
29,15,28079055,30,0.6
29,15,28079011,35,1.7
29,15,28079018,35,0.3
29,15,28079024,35,1.1
29,15,28079038,35,2.4
29,15,28079055,35,0.3
29,15,28079024,42,1.67
29,15,28079027,42,1.31
29,15,28079055,42,1.55
29,15,28079024,44,0.4
29,15,28079027,44,0.16
29,15,28079055,44,0.18
29,16,28079004,01,13
29,16,28079017,01,6
29,16,28079018,01,7
29,16,28079024,01,10
29,16,28079035,01,15
29,16,28079036,01,18
29,16,28079038,01,16
29,16,28079040,01,9
29,16,28079057,01,8
29,16,28079004,06,0.6
29,16,28079016,06,0.7
29,16,28079018,06,0.5
29,16,28079024,06,0.6
29,16,28079035,06,0.6
29,16,28079036,06,0.5
29,16,28079039,06,0.7
29,16,28079056,06,0.4
29,16,28079057,06,0.5
29,16,28079004,07,86
29,16,28079011,07,64
29,16,28079016,07,41
29,16,28079017,07,45
29,16,28079018,07,52
29,16,28079024,07,77
29,16,28079027,07,16
29,16,28079035,07,75
29,16,28079036,07,53
29,16,28079038,07,101
29,16,28079039,07,114
29,16,28079040,07,47
29,16,28079047,07,52
29,16,28079048,07,99
29,16,28079049,07,57
29,16,28079050,07,88
29,16,28079054,07,42
29,16,28079055,07,22
29,16,28079056,07,57
29,16,28079057,07,37
29,16,28079058,07,18
29,16,28079059,07,23
29,16,28079060,07,32
29,16,28079004,08,85
29,16,28079011,08,86
29,16,28079016,08,67
29,16,28079017,08,66
29,16,28079018,08,78
29,16,28079024,08,81
29,16,28079027,08,36
29,16,28079035,08,74
29,16,28079036,08,55
29,16,28079038,08,93
29,16,28079039,08,102
29,16,28079040,08,64
29,16,28079047,08,60
29,16,28079048,08,83
29,16,28079049,08,69
29,16,28079050,08,87
29,16,28079054,08,46
29,16,28079055,08,44
29,16,28079056,08,77
29,16,28079057,08,58
29,16,28079058,08,43
29,16,28079059,08,36
29,16,28079060,08,58
29,16,28079024,09,25
29,16,28079038,09,27
29,16,28079047,09,18
29,16,28079048,09,24
29,16,28079050,09,24
29,16,28079018,10,28
29,16,28079024,10,38
29,16,28079036,10,29
29,16,28079038,10,36
29,16,28079040,10,29
29,16,28079047,10,29
29,16,28079048,10,47
29,16,28079050,10,42
29,16,28079055,10,15
29,16,28079057,10,23
29,16,28079060,10,21
29,16,28079016,14,18
29,16,28079017,14,18
29,16,28079018,14,15
29,16,28079024,14,16
29,16,28079027,14,41
29,16,28079035,14,8
29,16,28079039,14,9
29,16,28079049,14,10
29,16,28079054,14,24
29,16,28079056,14,18
29,16,28079058,14,29
29,16,28079059,14,29
29,16,28079060,14,26
29,16,28079011,20,8.5
29,16,28079018,20,3
29,16,28079024,20,6.9
29,16,28079038,20,10.5
29,16,28079055,20,2.1
29,16,28079011,30,3.7
29,16,28079018,30,0.5
29,16,28079024,30,2
29,16,28079038,30,1.7
29,16,28079055,30,0.5
29,16,28079011,35,2.4
29,16,28079018,35,0.6
29,16,28079024,35,1.1
29,16,28079038,35,2.1
29,16,28079055,35,0.6
29,16,28079024,42,1.66
29,16,28079027,42,1.3
29,16,28079055,42,1.52
29,16,28079024,44,0.39
29,16,28079027,44,0.16
29,16,28079055,44,0.16
29,17,28079004,01,12
29,17,28079017,01,6
29,17,28079018,01,7
29,17,28079024,01,8
29,17,28079035,01,15
29,17,28079036,01,13
29,17,28079038,01,15
29,17,28079040,01,8
29,17,28079057,01,9
29,17,28079004,06,0.6
29,17,28079016,06,0.6
29,17,28079018,06,0.5
29,17,28079024,06,0.5
29,17,28079035,06,0.6
29,17,28079036,06,0.5
29,17,28079039,06,0.8
29,17,28079056,06,0.5
29,17,28079057,06,0.5
29,17,28079004,07,77
29,17,28079011,07,90
29,17,28079016,07,64
29,17,28079017,07,48
29,17,28079018,07,52
29,17,28079024,07,62
29,17,28079027,07,18
29,17,28079035,07,77
29,17,28079036,07,55
29,17,28079038,07,93
29,17,28079039,07,111
29,17,28079040,07,45
29,17,28079047,07,53
29,17,28079048,07,99
29,17,28079049,07,56
29,17,28079050,07,128
29,17,28079054,07,28
29,17,28079055,07,39
29,17,28079056,07,63
29,17,28079057,07,45
29,17,28079058,07,26
29,17,28079059,07,28
29,17,28079060,07,46
29,17,28079004,08,91
29,17,28079011,08,94
29,17,28079016,08,84
29,17,28079017,08,75
29,17,28079018,08,85
29,17,28079024,08,81
29,17,28079027,08,49
29,17,28079035,08,82
29,17,28079036,08,58
29,17,28079038,08,95
29,17,28079039,08,108
29,17,28079040,08,70
29,17,28079047,08,69
29,17,28079048,08,87
29,17,28079049,08,75
29,17,28079050,08,106
29,17,28079054,08,42
29,17,28079055,08,67
29,17,28079056,08,86
29,17,28079057,08,75
29,17,28079058,08,62
29,17,28079059,08,48
29,17,28079060,08,75
29,17,28079024,09,23
29,17,28079038,09,24
29,17,28079047,09,19
29,17,28079048,09,28
29,17,28079050,09,31
29,17,28079018,10,30
29,17,28079024,10,33
29,17,28079036,10,27
29,17,28079038,10,35
29,17,28079040,10,28
29,17,28079047,10,29
29,17,28079048,10,41
29,17,28079050,10,57
29,17,28079055,10,26
29,17,28079057,10,30
29,17,28079060,10,25
29,17,28079016,14,11
29,17,28079017,14,13
29,17,28079018,14,11
29,17,28079024,14,9
29,17,28079027,14,35
29,17,28079035,14,9
29,17,28079039,14,7
29,17,28079049,14,8
29,17,28079054,14,25
29,17,28079056,14,14
29,17,28079058,14,21
29,17,28079059,14,22
29,17,28079060,14,17
29,17,28079011,20,8.6
29,17,28079018,20,3.3
29,17,28079024,20,6.4
29,17,28079038,20,9
29,17,28079055,20,3.7
29,17,28079011,30,3.7
29,17,28079018,30,0.6
29,17,28079024,30,1.9
29,17,28079038,30,1.5
29,17,28079055,30,0.6
29,17,28079011,35,2.6
29,17,28079018,35,0.7
29,17,28079024,35,1.2
29,17,28079038,35,1.9
29,17,28079055,35,0.5
29,17,28079024,42,1.69
29,17,28079027,42,1.31
29,17,28079055,42,1.59
29,17,28079024,44,0.39
29,17,28079027,44,0.17
29,17,28079055,44,0.21
29,18,28079004,01,11
29,18,28079017,01,5
29,18,28079018,01,6
29,18,28079024,01,6
29,18,28079035,01,13
29,18,28079036,01,9
29,18,28079038,01,15
29,18,28079040,01,8
29,18,28079057,01,9
29,18,28079004,06,0.7
29,18,28079016,06,0.7
29,18,28079018,06,0.5
29,18,28079024,06,0.5
29,18,28079035,06,0.6
29,18,28079036,06,0.5
29,18,28079039,06,0.7
29,18,28079056,06,0.5
29,18,28079057,06,0.5
29,18,28079004,07,89
29,18,28079011,07,91
29,18,28079016,07,69
29,18,28079017,07,38
29,18,28079018,07,63
29,18,28079024,07,57
29,18,28079027,07,16
29,18,28079035,07,72
29,18,28079036,07,68
29,18,28079038,07,123
29,18,28079039,07,109
29,18,28079040,07,56
29,18,28079047,07,58
29,18,28079048,07,104
29,18,28079049,07,60
29,18,28079050,07,62
29,18,28079054,07,21
29,18,28079055,07,53
29,18,28079056,07,81
29,18,28079057,07,51
29,18,28079058,07,43
29,18,28079059,07,32
29,18,28079060,07,63
29,18,28079004,08,102
29,18,28079011,08,94
29,18,28079016,08,90
29,18,28079017,08,78
29,18,28079018,08,95
29,18,28079024,08,84
29,18,28079027,08,61
29,18,28079035,08,92
29,18,28079036,08,63
29,18,28079038,08,110
29,18,28079039,08,111
29,18,28079040,08,84
29,18,28079047,08,82
29,18,28079048,08,96
29,18,28079049,08,79
29,18,28079050,08,90
29,18,28079054,08,53
29,18,28079055,08,80
29,18,28079056,08,98
29,18,28079057,08,86
29,18,28079058,08,70
29,18,28079059,08,60
29,18,28079060,08,89
29,18,28079024,09,23
29,18,28079038,09,27
29,18,28079047,09,21
29,18,28079048,09,27
29,18,28079050,09,21
29,18,28079018,10,33
29,18,28079024,10,32
29,18,28079036,10,27
29,18,28079038,10,41
29,18,28079040,10,31
29,18,28079047,10,33
29,18,28079048,10,37
29,18,28079050,10,40
29,18,28079055,10,28
29,18,28079057,10,35
29,18,28079060,10,33
29,18,28079016,14,5
29,18,28079017,14,8
29,18,28079018,14,5
29,18,28079024,14,8
29,18,28079027,14,21
29,18,28079035,14,4
29,18,28079039,14,4
29,18,28079049,14,3
29,18,28079054,14,20
29,18,28079056,14,7
29,18,28079058,14,9
29,18,28079059,14,11
29,18,28079060,14,9
29,18,28079011,20,9.5
29,18,28079018,20,3.9
29,18,28079024,20,5.5
29,18,28079038,20,8.7
29,18,28079055,20,4.2
29,18,28079011,30,3.7
29,18,28079018,30,0.6
29,18,28079024,30,1.7
29,18,28079038,30,1.4
29,18,28079055,30,0.6
29,18,28079011,35,3
29,18,28079018,35,0.5
29,18,28079024,35,1.4
29,18,28079038,35,2
29,18,28079055,35,0.8
29,18,28079024,42,1.79
29,18,28079027,42,1.31
29,18,28079055,42,1.61
29,18,28079024,44,0.4
29,18,28079027,44,0.17
29,18,28079055,44,0.22
29,19,28079004,01,11
29,19,28079017,01,5
29,19,28079018,01,7
29,19,28079024,01,4
29,19,28079035,01,14
29,19,28079036,01,15
29,19,28079038,01,12
29,19,28079040,01,9
29,19,28079057,01,9
29,19,28079004,06,0.8
29,19,28079016,06,0.5
29,19,28079018,06,0.7
29,19,28079024,06,0.4
29,19,28079035,06,0.7
29,19,28079036,06,0.5
29,19,28079039,06,0.8
29,19,28079056,06,1
29,19,28079057,06,0.6
29,19,28079004,07,141
29,19,28079011,07,93
29,19,28079016,07,56
29,19,28079017,07,47
29,19,28079018,07,103
29,19,28079024,07,42
29,19,28079027,07,96
29,19,28079035,07,90
29,19,28079036,07,70
29,19,28079038,07,107
29,19,28079039,07,123
29,19,28079040,07,76
29,19,28079047,07,72
29,19,28079048,07,120
29,19,28079049,07,63
29,19,28079050,07,82
29,19,28079054,07,115
29,19,28079055,07,144
29,19,28079056,07,242
29,19,28079057,07,72
29,19,28079058,07,60
29,19,28079059,07,46
29,19,28079060,07,77
29,19,28079004,08,113
29,19,28079011,08,92
29,19,28079016,08,86
29,19,28079017,08,81
29,19,28079018,08,109
29,19,28079024,08,80
29,19,28079027,08,98
29,19,28079035,08,97
29,19,28079036,08,69
29,19,28079038,08,111
29,19,28079039,08,115
29,19,28079040,08,97
29,19,28079047,08,85
29,19,28079048,08,102
29,19,28079049,08,66
29,19,28079050,08,96
29,19,28079054,08,91
29,19,28079055,08,112
29,19,28079056,08,146
29,19,28079057,08,102
29,19,28079058,08,57
29,19,28079059,08,64
29,19,28079060,08,95
29,19,28079024,09,21
29,19,28079038,09,25
29,19,28079047,09,21
29,19,28079048,09,33
29,19,28079050,09,21
29,19,28079018,10,38
29,19,28079024,10,32
29,19,28079036,10,26
29,19,28079038,10,37
29,19,28079040,10,37
29,19,28079047,10,34
29,19,28079048,10,49
29,19,28079050,10,44
29,19,28079055,10,40
29,19,28079057,10,37
29,19,28079060,10,39
29,19,28079016,14,4
29,19,28079017,14,5
29,19,28079018,14,2
29,19,28079024,14,5
29,19,28079027,14,6
29,19,28079035,14,2
29,19,28079039,14,2
29,19,28079049,14,2
29,19,28079054,14,5
29,19,28079056,14,4
29,19,28079058,14,5
29,19,28079059,14,7
29,19,28079060,14,6
29,19,28079011,20,10.6
29,19,28079018,20,6.4
29,19,28079024,20,5.9
29,19,28079038,20,10.3
29,19,28079055,20,4.7
29,19,28079011,30,3.9
29,19,28079018,30,0.7
29,19,28079024,30,1.7
29,19,28079038,30,1.8
29,19,28079055,30,1.1
29,19,28079011,35,3.2
29,19,28079018,35,0.7
29,19,28079024,35,1.3
29,19,28079038,35,2.3
29,19,28079055,35,1.2
29,19,28079024,42,1.83
29,19,28079027,42,1.45
29,19,28079055,42,1.63
29,19,28079024,44,0.4
29,19,28079027,44,0.26
29,19,28079055,44,0.25
29,2,28079004,01,5
29,2,28079017,01,7
29,2,28079018,01,4
29,2,28079024,01,2
29,2,28079035,01,8
29,2,28079036,01,1
29,2,28079038,01,5
29,2,28079040,01,5
29,2,28079057,01,8
29,2,28079004,06,0.5
29,2,28079016,06,0.4
29,2,28079018,06,0.4
29,2,28079024,06,0.4
29,2,28079035,06,0.6
29,2,28079036,06,0.3
29,2,28079039,06,0.5
29,2,28079056,06,0.4
29,2,28079057,06,0.6
29,2,28079004,07,94
29,2,28079011,07,43
29,2,28079016,07,8
29,2,28079017,07,193
29,2,28079018,07,56
29,2,28079024,07,44
29,2,28079027,07,62
29,2,28079035,07,92
29,2,28079036,07,9
29,2,28079038,07,24
29,2,28079039,07,85
29,2,28079040,07,6
29,2,28079047,07,99
29,2,28079048,07,41
29,2,28079049,07,52
29,2,28079050,07,79
29,2,28079054,07,13
29,2,28079055,07,96
29,2,28079056,07,79
29,2,28079057,07,92
29,2,28079058,07,4
29,2,28079059,07,70
29,2,28079060,07,118
29,2,28079004,08,56
29,2,28079011,08,73
29,2,28079016,08,66
29,2,28079017,08,86
29,2,28079018,08,56
29,2,28079024,08,50
29,2,28079027,08,57
29,2,28079035,08,72
29,2,28079036,08,40
29,2,28079038,08,71
29,2,28079039,08,81
29,2,28079040,08,59
29,2,28079047,08,70
29,2,28079048,08,63
29,2,28079049,08,59
29,2,28079050,08,81
29,2,28079054,08,49
29,2,28079055,08,72
29,2,28079056,08,68
29,2,28079057,08,85
29,2,28079058,08,25
29,2,28079059,08,51
29,2,28079060,08,95
29,2,28079024,09,9
29,2,28079038,09,13
29,2,28079047,09,13
29,2,28079048,09,12
29,2,28079050,09,18
29,2,28079018,10,17
29,2,28079024,10,13
29,2,28079036,10,7
29,2,28079038,10,16
29,2,28079040,10,13
29,2,28079047,10,18
29,2,28079048,10,16
29,2,28079050,10,31
29,2,28079055,10,22
29,2,28079057,10,26
29,2,28079060,10,22
29,2,28079016,14,5
29,2,28079017,14,4
29,2,28079018,14,2
29,2,28079024,14,3
29,2,28079027,14,4
29,2,28079035,14,2
29,2,28079039,14,3
29,2,28079049,14,2
29,2,28079054,14,8
29,2,28079056,14,3
29,2,28079058,14,4
29,2,28079059,14,6
29,2,28079060,14,4
29,2,28079011,20,6.9
29,2,28079018,20,2.7
29,2,28079024,20,2.1
29,2,28079038,20,4.5
29,2,28079055,20,4.1
29,2,28079011,30,3.3
29,2,28079018,30,0.5
29,2,28079024,30,0.9
29,2,28079038,30,0.8
29,2,28079055,30,1.5
29,2,28079011,35,1.5
29,2,28079018,35,0.2
29,2,28079024,35,0.4
29,2,28079038,35,1
29,2,28079055,35,0.9
29,2,28079024,42,1.43
29,2,28079027,42,1.61
29,2,28079055,42,1.94
29,2,28079024,44,0.3
29,2,28079027,44,0.21
29,2,28079055,44,0.3
29,20,28079004,01,15
29,20,28079017,01,9
29,20,28079018,01,9
29,20,28079024,01,3
29,20,28079035,01,18
29,20,28079036,01,21
29,20,28079038,01,11
29,20,28079040,01,10
29,20,28079057,01,12
29,20,28079004,06,1.4
29,20,28079016,06,1
29,20,28079018,06,0.9
29,20,28079024,06,0.4
29,20,28079035,06,0.8
29,20,28079036,06,0.9
29,20,28079039,06,1.2
29,20,28079056,06,1.6
29,20,28079057,06,0.8
29,20,28079004,07,269
29,20,28079011,07,145
29,20,28079016,07,134
29,20,28079017,07,237
29,20,28079018,07,156
29,20,28079024,07,39
29,20,28079027,07,192
29,20,28079035,07,121
29,20,28079036,07,169
29,20,28079038,07,106
29,20,28079039,07,248
29,20,28079040,07,115
29,20,28079047,07,121
29,20,28079048,07,156
29,20,28079049,07,85
29,20,28079050,07,118
29,20,28079054,07,381
29,20,28079055,07,227
29,20,28079056,07,401
29,20,28079057,07,157
29,20,28079058,07,43
29,20,28079059,07,73
29,20,28079060,07,113
29,20,28079004,08,136
29,20,28079011,08,107
29,20,28079016,08,105
29,20,28079017,08,114
29,20,28079018,08,122
29,20,28079024,08,75
29,20,28079027,08,127
29,20,28079035,08,101
29,20,28079036,08,72
29,20,28079038,08,107
29,20,28079039,08,139
29,20,28079040,08,113
29,20,28079047,08,99
29,20,28079048,08,107
29,20,28079049,08,77
29,20,28079050,08,106
29,20,28079054,08,151
29,20,28079055,08,136
29,20,28079056,08,189
29,20,28079057,08,128
29,20,28079058,08,59
29,20,28079059,08,71
29,20,28079060,08,106
29,20,28079024,09,16
29,20,28079038,09,22
29,20,28079047,09,36
29,20,28079048,09,27
29,20,28079050,09,24
29,20,28079018,10,47
29,20,28079024,10,25
29,20,28079036,10,37
29,20,28079038,10,34
29,20,28079040,10,38
29,20,28079047,10,50
29,20,28079048,10,42
29,20,28079050,10,51
29,20,28079055,10,48
29,20,28079057,10,40
29,20,28079060,10,44
29,20,28079016,14,3
29,20,28079017,14,4
29,20,28079018,14,2
29,20,28079024,14,4
29,20,28079027,14,5
29,20,28079035,14,2
29,20,28079039,14,2
29,20,28079049,14,2
29,20,28079054,14,4
29,20,28079056,14,4
29,20,28079058,14,4
29,20,28079059,14,9
29,20,28079060,14,7
29,20,28079011,20,9.9
29,20,28079018,20,7.4
29,20,28079024,20,5.3
29,20,28079038,20,10.2
29,20,28079055,20,4.9
29,20,28079011,30,4
29,20,28079018,30,1
29,20,28079024,30,1.5
29,20,28079038,30,1.6
29,20,28079055,30,0.9
29,20,28079011,35,2.9
29,20,28079018,35,1.1
29,20,28079024,35,1.3
29,20,28079038,35,2.2
29,20,28079055,35,1
29,20,28079024,42,1.58
29,20,28079027,42,1.62
29,20,28079055,42,1.67
29,20,28079024,44,0.34
29,20,28079027,44,0.38
29,20,28079055,44,0.27
29,21,28079004,01,16
29,21,28079017,01,12
29,21,28079018,01,12
29,21,28079024,01,6
29,21,28079035,01,15
29,21,28079036,01,20
29,21,28079038,01,16
29,21,28079040,01,12
29,21,28079057,01,13
29,21,28079004,06,2
29,21,28079016,06,1.1
29,21,28079018,06,1.7
29,21,28079024,06,0.6
29,21,28079035,06,0.9
29,21,28079036,06,1.4
29,21,28079039,06,1.7
29,21,28079056,06,2
29,21,28079057,06,1
29,21,28079004,07,392
29,21,28079011,07,188
29,21,28079016,07,168
29,21,28079017,07,372
29,21,28079018,07,243
29,21,28079024,07,115
29,21,28079027,07,234
29,21,28079035,07,121
29,21,28079036,07,291
29,21,28079038,07,269
29,21,28079039,07,406
29,21,28079040,07,151
29,21,28079047,07,148
29,21,28079048,07,182
29,21,28079049,07,104
29,21,28079050,07,165
29,21,28079054,07,296
29,21,28079055,07,322
29,21,28079056,07,559
29,21,28079057,07,200
29,21,28079058,07,36
29,21,28079059,07,151
29,21,28079060,07,177
29,21,28079004,08,154
29,21,28079011,08,118
29,21,28079016,08,121
29,21,28079017,08,141
29,21,28079018,08,149
29,21,28079024,08,100
29,21,28079027,08,140
29,21,28079035,08,101
29,21,28079036,08,99
29,21,28079038,08,151
29,21,28079039,08,173
29,21,28079040,08,122
29,21,28079047,08,107
29,21,28079048,08,116
29,21,28079049,08,76
29,21,28079050,08,119
29,21,28079054,08,128
29,21,28079055,08,161
29,21,28079056,08,228
29,21,28079057,08,140
29,21,28079058,08,53
29,21,28079059,08,81
29,21,28079060,08,124
29,21,28079024,09,20
29,21,28079038,09,34
29,21,28079047,09,27
29,21,28079048,09,22
29,21,28079050,09,29
29,21,28079018,10,57
29,21,28079024,10,31
29,21,28079036,10,68
29,21,28079038,10,61
29,21,28079040,10,40
29,21,28079047,10,40
29,21,28079048,10,38
29,21,28079050,10,59
29,21,28079055,10,56
29,21,28079057,10,48
29,21,28079060,10,42
29,21,28079016,14,3
29,21,28079017,14,4
29,21,28079018,14,3
29,21,28079024,14,4
29,21,28079027,14,5
29,21,28079035,14,2
29,21,28079039,14,2
29,21,28079049,14,2
29,21,28079054,14,4
29,21,28079056,14,4
29,21,28079058,14,3
29,21,28079059,14,6
29,21,28079060,14,6
29,21,28079011,20,11.4
29,21,28079018,20,12.5
29,21,28079024,20,5
29,21,28079038,20,17.3
29,21,28079055,20,6.4
29,21,28079011,30,4.5
29,21,28079018,30,1.5
29,21,28079024,30,1.5
29,21,28079038,30,3.5
29,21,28079055,30,1.7
29,21,28079011,35,3.7
29,21,28079018,35,1.8
29,21,28079024,35,1.1
29,21,28079038,35,3.4
29,21,28079055,35,1.1
29,21,28079024,42,1.74
29,21,28079027,42,1.59
29,21,28079055,42,1.83
29,21,28079024,44,0.42
29,21,28079027,44,0.35
29,21,28079055,44,0.38
29,22,28079004,01,13
29,22,28079017,01,13
29,22,28079018,01,12
29,22,28079024,01,5
29,22,28079035,01,20
29,22,28079036,01,20
29,22,28079038,01,17
29,22,28079040,01,15
29,22,28079057,01,14
29,22,28079004,06,1.6
29,22,28079016,06,1.1
29,22,28079018,06,1.6
29,22,28079024,06,0.6
29,22,28079035,06,1.4
29,22,28079036,06,1.6
29,22,28079039,06,2.4
29,22,28079056,06,1.6
29,22,28079057,06,1.2
29,22,28079004,07,363
29,22,28079011,07,146
29,22,28079016,07,193
29,22,28079017,07,430
29,22,28079018,07,265
29,22,28079024,07,112
29,22,28079027,07,196
29,22,28079035,07,242
29,22,28079036,07,303
29,22,28079038,07,303
29,22,28079039,07,611
29,22,28079040,07,154
29,22,28079047,07,288
29,22,28079048,07,205
29,22,28079049,07,178
29,22,28079050,07,158
29,22,28079054,07,319
29,22,28079055,07,317
29,22,28079056,07,353
29,22,28079057,07,278
29,22,28079058,07,27
29,22,28079059,07,168
29,22,28079060,07,153
29,22,28079004,08,134
29,22,28079011,08,107
29,22,28079016,08,127
29,22,28079017,08,163
29,22,28079018,08,135
29,22,28079024,08,90
29,22,28079027,08,125
29,22,28079035,08,124
29,22,28079036,08,126
29,22,28079038,08,158
29,22,28079039,08,240
29,22,28079040,08,124
29,22,28079047,08,132
29,22,28079048,08,123
29,22,28079049,08,85
29,22,28079050,08,118
29,22,28079054,08,126
29,22,28079055,08,153
29,22,28079056,08,171
29,22,28079057,08,160
29,22,28079058,08,41
29,22,28079059,08,89
29,22,28079060,08,113
29,22,28079024,09,21
29,22,28079038,09,34
29,22,28079047,09,32
29,22,28079048,09,30
29,22,28079050,09,27
29,22,28079018,10,62
29,22,28079024,10,31
29,22,28079036,10,76
29,22,28079038,10,62
29,22,28079040,10,55
29,22,28079047,10,52
29,22,28079048,10,48
29,22,28079050,10,54
29,22,28079055,10,58
29,22,28079057,10,58
29,22,28079060,10,36
29,22,28079016,14,3
29,22,28079017,14,4
29,22,28079018,14,3
29,22,28079024,14,4
29,22,28079027,14,5
29,22,28079035,14,2
29,22,28079039,14,3
29,22,28079049,14,2
29,22,28079054,14,4
29,22,28079056,14,4
29,22,28079058,14,2
29,22,28079059,14,6
29,22,28079060,14,6
29,22,28079011,20,12.3
29,22,28079018,20,15.3
29,22,28079024,20,7.9
29,22,28079038,20,28.6
29,22,28079055,20,8.9
29,22,28079011,30,4.4
29,22,28079018,30,2.8
29,22,28079024,30,1.6
29,22,28079038,30,5.8
29,22,28079055,30,2.5
29,22,28079011,35,3.7
29,22,28079018,35,1.7
29,22,28079024,35,1.3
29,22,28079038,35,5.3
29,22,28079055,35,1.5
29,22,28079024,42,1.64
29,22,28079027,42,1.52
29,22,28079055,42,1.99
29,22,28079024,44,0.38
29,22,28079027,44,0.27
29,22,28079055,44,0.48
29,23,28079004,01,9
29,23,28079017,01,15
29,23,28079018,01,8
29,23,28079024,01,6
29,23,28079035,01,18
29,23,28079036,01,21
29,23,28079038,01,17
29,23,28079040,01,17
29,23,28079057,01,15
29,23,28079004,06,1
29,23,28079016,06,1.6
29,23,28079018,06,1.1
29,23,28079024,06,0.8
29,23,28079035,06,1.3
29,23,28079036,06,1.3
29,23,28079039,06,1.9
29,23,28079056,06,1.2
29,23,28079057,06,1.4
29,23,28079004,07,194
29,23,28079011,07,152
29,23,28079016,07,318
29,23,28079017,07,522
29,23,28079018,07,167
29,23,28079024,07,172
29,23,28079027,07,103
29,23,28079035,07,213
29,23,28079036,07,223
29,23,28079038,07,321
29,23,28079039,07,471
29,23,28079040,07,300
29,23,28079047,07,285
29,23,28079048,07,249
29,23,28079049,07,196
29,23,28079050,07,131
29,23,28079054,07,236
29,23,28079055,07,121
29,23,28079056,07,269
29,23,28079057,07,270
29,23,28079058,07,38
29,23,28079059,07,145
29,23,28079060,07,184
29,23,28079004,08,92
29,23,28079011,08,110
29,23,28079016,08,166
29,23,28079017,08,186
29,23,28079018,08,103
29,23,28079024,08,103
29,23,28079027,08,85
29,23,28079035,08,109
29,23,28079036,08,108
29,23,28079038,08,145
29,23,28079039,08,194
29,23,28079040,08,147
29,23,28079047,08,118
29,23,28079048,08,131
29,23,28079049,08,91
29,23,28079050,08,108
29,23,28079054,08,103
29,23,28079055,08,92
29,23,28079056,08,142
29,23,28079057,08,157
29,23,28079058,08,42
29,23,28079059,08,87
29,23,28079060,08,125
29,23,28079024,09,27
29,23,28079038,09,34
29,23,28079047,09,35
29,23,28079048,09,36
29,23,28079050,09,31
29,23,28079018,10,42
29,23,28079024,10,38
29,23,28079036,10,54
29,23,28079038,10,54
29,23,28079040,10,62
29,23,28079047,10,49
29,23,28079048,10,57
29,23,28079050,10,51
29,23,28079055,10,33
29,23,28079057,10,54
29,23,28079060,10,47
29,23,28079016,14,4
29,23,28079017,14,4
29,23,28079018,14,2
29,23,28079024,14,4
29,23,28079027,14,4
29,23,28079035,14,2
29,23,28079039,14,4
29,23,28079049,14,3
29,23,28079054,14,4
29,23,28079056,14,4
29,23,28079058,14,2
29,23,28079059,14,6
29,23,28079060,14,8
29,23,28079011,20,10.8
29,23,28079018,20,10.9
29,23,28079024,20,7.2
29,23,28079038,20,24.3
29,23,28079055,20,6.9
29,23,28079011,30,4.3
29,23,28079018,30,1.9
29,23,28079024,30,1.9
29,23,28079038,30,4.4
29,23,28079055,30,1.9
29,23,28079011,35,2.5
29,23,28079018,35,1.1
29,23,28079024,35,1.5
29,23,28079038,35,4.8
29,23,28079055,35,1.5
29,23,28079024,42,1.69
29,23,28079027,42,1.68
29,23,28079055,42,1.87
29,23,28079024,44,0.41
29,23,28079027,44,0.22
29,23,28079055,44,0.27
29,24,28079004,01,9
29,24,28079017,01,14
29,24,28079018,01,8
29,24,28079024,01,3
29,24,28079035,01,19
29,24,28079036,01,12
29,24,28079038,01,15
29,24,28079040,01,17
29,24,28079057,01,10
29,24,28079004,06,1.1
29,24,28079016,06,1.6
29,24,28079018,06,1
29,24,28079024,06,0.5
29,24,28079035,06,1.2
29,24,28079036,06,1
29,24,28079039,06,0.9
29,24,28079056,06,0.9
29,24,28079057,06,0.7
29,24,28079004,07,231
29,24,28079011,07,231
29,24,28079016,07,355
29,24,28079017,07,506
29,24,28079018,07,172
29,24,28079024,07,69
29,24,28079027,07,82
29,24,28079035,07,171
29,24,28079036,07,244
29,24,28079038,07,318
29,24,28079039,07,207
29,24,28079040,07,310
29,24,28079047,07,205
29,24,28079048,07,169
29,24,28079049,07,282
29,24,28079050,07,241
29,24,28079054,07,277
29,24,28079055,07,90
29,24,28079056,07,186
29,24,28079057,07,116
29,24,28079058,07,37
29,24,28079059,07,97
29,24,28079060,07,207
29,24,28079004,08,87
29,24,28079011,08,129
29,24,28079016,08,167
29,24,28079017,08,170
29,24,28079018,08,104
29,24,28079024,08,60
29,24,28079027,08,73
29,24,28079035,08,96
29,24,28079036,08,99
29,24,28079038,08,127
29,24,28079039,08,116
29,24,28079040,08,152
29,24,28079047,08,95
29,24,28079048,08,110
29,24,28079049,08,103
29,24,28079050,08,134
29,24,28079054,08,102
29,24,28079055,08,78
29,24,28079056,08,111
29,24,28079057,08,106
29,24,28079058,08,38
29,24,28079059,08,67
29,24,28079060,08,129
29,24,28079024,09,15
29,24,28079038,09,33
29,24,28079047,09,27
29,24,28079048,09,27
29,24,28079050,09,34
29,24,28079018,10,34
29,24,28079024,10,23
29,24,28079036,10,42
29,24,28079038,10,53
29,24,28079040,10,62
29,24,28079047,10,36
29,24,28079048,10,41
29,24,28079050,10,58
29,24,28079055,10,24
29,24,28079057,10,32
29,24,28079060,10,44
29,24,28079016,14,3
29,24,28079017,14,4
29,24,28079018,14,1
29,24,28079024,14,3
29,24,28079027,14,4
29,24,28079035,14,2
29,24,28079039,14,2
29,24,28079049,14,2
29,24,28079054,14,4
29,24,28079056,14,4
29,24,28079058,14,2
29,24,28079059,14,6
29,24,28079060,14,7
29,24,28079011,20,11.2
29,24,28079018,20,6.2
29,24,28079024,20,6.5
29,24,28079038,20,29
29,24,28079055,20,3.8
29,24,28079011,30,4.6
29,24,28079018,30,1.1
29,24,28079024,30,1.8
29,24,28079038,30,6
29,24,28079055,30,1.1
29,24,28079011,35,2.4
29,24,28079018,35,0.8
29,24,28079024,35,1.4
29,24,28079038,35,5.7
29,24,28079055,35,0.7
29,24,28079024,42,1.56
29,24,28079027,42,1.6
29,24,28079055,42,1.99
29,24,28079024,44,0.34
29,24,28079027,44,0.22
29,24,28079055,44,0.27
29,3,28079004,01,3
29,3,28079017,01,6
29,3,28079018,01,3
29,3,28079024,01,2
29,3,28079035,01,7
29,3,28079036,01,2
29,3,28079038,01,3
29,3,28079040,01,5
29,3,28079057,01,6
29,3,28079004,06,0.4
29,3,28079016,06,0.5
29,3,28079018,06,0.4
29,3,28079024,06,0.4
29,3,28079035,06,0.5
29,3,28079036,06,0.3
29,3,28079039,06,0.5
29,3,28079056,06,0.4
29,3,28079057,06,0.5
29,3,28079004,07,49
29,3,28079011,07,29
29,3,28079016,07,49
29,3,28079017,07,152
29,3,28079018,07,31
29,3,28079024,07,53
29,3,28079027,07,19
29,3,28079035,07,53
29,3,28079036,07,23
29,3,28079038,07,2
29,3,28079039,07,85
29,3,28079040,07,14
29,3,28079047,07,64
29,3,28079048,07,2
29,3,28079049,07,57
29,3,28079050,07,22
29,3,28079054,07,26
29,3,28079055,07,42
29,3,28079056,07,56
29,3,28079057,07,58
29,3,28079058,07,3
29,3,28079059,07,27
29,3,28079060,07,79
29,3,28079004,08,41
29,3,28079011,08,62
29,3,28079016,08,70
29,3,28079017,08,73
29,3,28079018,08,51
29,3,28079024,08,50
29,3,28079027,08,45
29,3,28079035,08,60
29,3,28079036,08,45
29,3,28079038,08,38
29,3,28079039,08,71
29,3,28079040,08,65
29,3,28079047,08,46
29,3,28079048,08,35
29,3,28079049,08,55
29,3,28079050,08,57
29,3,28079054,08,54
29,3,28079055,08,59
29,3,28079056,08,58
29,3,28079057,08,75
29,3,28079058,08,20
29,3,28079059,08,41
29,3,28079060,08,78
29,3,28079024,09,11
29,3,28079038,09,7
29,3,28079047,09,11
29,3,28079048,09,5
29,3,28079050,09,11
29,3,28079018,10,12
29,3,28079024,10,14
29,3,28079036,10,11
29,3,28079038,10,9
29,3,28079040,10,15
29,3,28079047,10,14
29,3,28079048,10,8
29,3,28079050,10,18
29,3,28079055,10,13
29,3,28079057,10,21
29,3,28079060,10,23
29,3,28079016,14,3
29,3,28079017,14,4
29,3,28079018,14,2
29,3,28079024,14,3
29,3,28079027,14,5
29,3,28079035,14,2
29,3,28079039,14,2
29,3,28079049,14,2
29,3,28079054,14,3
29,3,28079056,14,3
29,3,28079058,14,4
29,3,28079059,14,6
29,3,28079060,14,4
29,3,28079011,20,6.6
29,3,28079018,20,1.5
29,3,28079024,20,2
29,3,28079038,20,2.6
29,3,28079055,20,2.4
29,3,28079011,30,3
29,3,28079018,30,0.3
29,3,28079024,30,0.9
29,3,28079038,30,0.4
29,3,28079055,30,0.7
29,3,28079011,35,1.3
29,3,28079018,35,1
29,3,28079024,35,0.4
29,3,28079038,35,0.6
29,3,28079055,35,0.5
29,3,28079024,42,1.46
29,3,28079027,42,1.54
29,3,28079055,42,1.94
29,3,28079024,44,0.32
29,3,28079027,44,0.19
29,3,28079055,44,0.24
29,4,28079004,01,3
29,4,28079017,01,5
29,4,28079018,01,3
29,4,28079024,01,2
29,4,28079035,01,7
29,4,28079036,01,1
29,4,28079038,01,5
29,4,28079040,01,5
29,4,28079057,01,5
29,4,28079004,06,0.4
29,4,28079016,06,0.4
29,4,28079018,06,0.4
29,4,28079024,06,0.3
29,4,28079035,06,0.5
29,4,28079036,06,0.3
29,4,28079039,06,0.4
29,4,28079056,06,0.3
29,4,28079057,06,0.4
29,4,28079004,07,50
29,4,28079011,07,41
29,4,28079016,07,42
29,4,28079017,07,122
29,4,28079018,07,35
29,4,28079024,07,29
29,4,28079027,07,7
29,4,28079035,07,63
29,4,28079036,07,14
29,4,28079038,07,45
29,4,28079039,07,58
29,4,28079040,07,15
29,4,28079047,07,51
29,4,28079048,07,14
29,4,28079049,07,55
29,4,28079050,07,78
29,4,28079054,07,108
29,4,28079055,07,12
29,4,28079056,07,52
29,4,28079057,07,28
29,4,28079058,07,2
29,4,28079059,07,5
29,4,28079060,07,68
29,4,28079004,08,37
29,4,28079011,08,64
29,4,28079016,08,61
29,4,28079017,08,59
29,4,28079018,08,44
29,4,28079024,08,37
29,4,28079027,08,35
29,4,28079035,08,47
29,4,28079036,08,40
29,4,28079038,08,56
29,4,28079039,08,53
29,4,28079040,08,61
29,4,28079047,08,42
29,4,28079048,08,56
29,4,28079049,08,53
29,4,28079050,08,73
29,4,28079054,08,51
29,4,28079055,08,43
29,4,28079056,08,53
29,4,28079057,08,62
29,4,28079058,08,20
29,4,28079059,08,27
29,4,28079060,08,68
29,4,28079024,09,9
29,4,28079038,09,8
29,4,28079047,09,10
29,4,28079048,09,9
29,4,28079050,09,16
29,4,28079018,10,13
29,4,28079024,10,11
29,4,28079036,10,7
29,4,28079038,10,13
29,4,28079040,10,14
29,4,28079047,10,12
29,4,28079048,10,15
29,4,28079050,10,24
29,4,28079055,10,11
29,4,28079057,10,15
29,4,28079060,10,15
29,4,28079016,14,4
29,4,28079017,14,3
29,4,28079018,14,1
29,4,28079024,14,3
29,4,28079027,14,6
29,4,28079035,14,1
29,4,28079039,14,2
29,4,28079049,14,2
29,4,28079054,14,4
29,4,28079056,14,3
29,4,28079058,14,4
29,4,28079059,14,10
29,4,28079060,14,4
29,4,28079011,20,5.9
29,4,28079018,20,2
29,4,28079024,20,2.2
29,4,28079038,20,3.8
29,4,28079055,20,1.6
29,4,28079011,30,2.6
29,4,28079018,30,0.4
29,4,28079024,30,1
29,4,28079038,30,0.5
29,4,28079055,30,0.6
29,4,28079011,35,0.8
29,4,28079018,35,0.7
29,4,28079024,35,0.4
29,4,28079038,35,0.7
29,4,28079055,35,0.3
29,4,28079024,42,1.44
29,4,28079027,42,1.43
29,4,28079055,42,1.73
29,4,28079024,44,0.3
29,4,28079027,44,0.16
29,4,28079055,44,0.19
29,5,28079004,01,3
29,5,28079017,01,5
29,5,28079018,01,3
29,5,28079024,01,2
29,5,28079035,01,7
29,5,28079036,01,1
29,5,28079038,01,5
29,5,28079040,01,7
29,5,28079057,01,4
29,5,28079004,06,0.4
29,5,28079016,06,0.3
29,5,28079018,06,0.4
29,5,28079024,06,0.4
29,5,28079035,06,0.5
29,5,28079036,06,0.3
29,5,28079039,06,0.4
29,5,28079056,06,0.3
29,5,28079057,06,0.4
29,5,28079004,07,40
29,5,28079011,07,20
29,5,28079016,07,4
29,5,28079017,07,107
29,5,28079018,07,31
29,5,28079024,07,28
29,5,28079027,07,7
29,5,28079035,07,58
29,5,28079036,07,28
29,5,28079038,07,42
29,5,28079039,07,70
29,5,28079040,07,68
29,5,28079047,07,41
29,5,28079048,07,25
29,5,28079049,07,63
29,5,28079050,07,27
29,5,28079054,07,97
29,5,28079055,07,26
29,5,28079056,07,35
29,5,28079057,07,19
29,5,28079058,07,4
29,5,28079059,07,3
29,5,28079060,07,17
29,5,28079004,08,34
29,5,28079011,08,57
29,5,28079016,08,41
29,5,28079017,08,54
29,5,28079018,08,43
29,5,28079024,08,32
29,5,28079027,08,32
29,5,28079035,08,50
29,5,28079036,08,39
29,5,28079038,08,66
29,5,28079039,08,63
29,5,28079040,08,59
29,5,28079047,08,38
29,5,28079048,08,55
29,5,28079049,08,47
29,5,28079050,08,57
29,5,28079054,08,50
29,5,28079055,08,44
29,5,28079056,08,46
29,5,28079057,08,55
29,5,28079058,08,23
29,5,28079059,08,22
29,5,28079060,08,52
29,5,28079024,09,9
29,5,28079038,09,12
29,5,28079047,09,10
29,5,28079048,09,8
29,5,28079050,09,13
29,5,28079018,10,14
29,5,28079024,10,11
29,5,28079036,10,8
29,5,28079038,10,15
29,5,28079040,10,16
29,5,28079047,10,12
29,5,28079048,10,10
29,5,28079050,10,17
29,5,28079055,10,8
29,5,28079057,10,12
29,5,28079060,10,15
29,5,28079016,14,6
29,5,28079017,14,3
29,5,28079018,14,2
29,5,28079024,14,3
29,5,28079027,14,5
29,5,28079035,14,1
29,5,28079039,14,2
29,5,28079049,14,1
29,5,28079054,14,5
29,5,28079056,14,3
29,5,28079058,14,3
29,5,28079059,14,9
29,5,28079060,14,3
29,5,28079011,20,6.5
29,5,28079018,20,2.7
29,5,28079024,20,3.4
29,5,28079038,20,5.1
29,5,28079055,20,1.3
29,5,28079011,30,3.1
29,5,28079018,30,0.4
29,5,28079024,30,0.8
29,5,28079038,30,0.8
29,5,28079055,30,0.4
29,5,28079011,35,1
29,5,28079018,35,1
29,5,28079024,35,0.4
29,5,28079038,35,0.8
29,5,28079055,35,1
29,5,28079024,42,1.47
29,5,28079027,42,1.55
29,5,28079055,42,1.84
29,5,28079024,44,0.31
29,5,28079027,44,0.17
29,5,28079055,44,0.21
29,6,28079004,01,3
29,6,28079017,01,5
29,6,28079018,01,3
29,6,28079024,01,2
29,6,28079035,01,7
29,6,28079036,01,1
29,6,28079038,01,4
29,6,28079040,01,6
29,6,28079057,01,4
29,6,28079004,06,0.3
29,6,28079016,06,0.3
29,6,28079018,06,0.4
29,6,28079024,06,0.4
29,6,28079035,06,0.5
29,6,28079036,06,0.4
29,6,28079039,06,0.4
29,6,28079056,06,0.3
29,6,28079057,06,0.3
29,6,28079004,07,35
29,6,28079011,07,4
29,6,28079016,07,10
29,6,28079017,07,95
29,6,28079018,07,28
29,6,28079024,07,42
29,6,28079027,07,16
29,6,28079035,07,55
29,6,28079036,07,18
29,6,28079038,07,29
29,6,28079039,07,39
29,6,28079040,07,27
29,6,28079047,07,37
29,6,28079048,07,7
29,6,28079049,07,31
29,6,28079050,07,8
29,6,28079054,07,55
29,6,28079055,07,42
29,6,28079056,07,55
29,6,28079057,07,7
29,6,28079058,07,8
29,6,28079059,07,4
29,6,28079060,07,12
29,6,28079004,08,32
29,6,28079011,08,48
29,6,28079016,08,43
29,6,28079017,08,51
29,6,28079018,08,36
29,6,28079024,08,36
29,6,28079027,08,36
29,6,28079035,08,43
29,6,28079036,08,31
29,6,28079038,08,60
29,6,28079039,08,57
29,6,28079040,08,53
29,6,28079047,08,36
29,6,28079048,08,46
29,6,28079049,08,41
29,6,28079050,08,47
29,6,28079054,08,43
29,6,28079055,08,46
29,6,28079056,08,49
29,6,28079057,08,43
29,6,28079058,08,21
29,6,28079059,08,19
29,6,28079060,08,48
29,6,28079024,09,11
29,6,28079038,09,11
29,6,28079047,09,10
29,6,28079048,09,7
29,6,28079050,09,11
29,6,28079018,10,11
29,6,28079024,10,12
29,6,28079036,10,6
29,6,28079038,10,13
29,6,28079040,10,14
29,6,28079047,10,11
29,6,28079048,10,6
29,6,28079050,10,15
29,6,28079055,10,10
29,6,28079057,10,11
29,6,28079060,10,7
29,6,28079016,14,4
29,6,28079017,14,4
29,6,28079018,14,2
29,6,28079024,14,3
29,6,28079027,14,5
29,6,28079035,14,1
29,6,28079039,14,2
29,6,28079049,14,2
29,6,28079054,14,4
29,6,28079056,14,3
29,6,28079058,14,2
29,6,28079059,14,9
29,6,28079060,14,3
29,6,28079011,20,5.5
29,6,28079018,20,3.5
29,6,28079024,20,4.7
29,6,28079038,20,4.6
29,6,28079055,20,1.3
29,6,28079011,30,2.5
29,6,28079018,30,0.3
29,6,28079024,30,0.9
29,6,28079038,30,0.8
29,6,28079055,30,0.5
29,6,28079011,35,0.7
29,6,28079018,35,0.7
29,6,28079024,35,0.4
29,6,28079038,35,0.8
29,6,28079055,35,1
29,6,28079024,42,1.52
29,6,28079027,42,1.47
29,6,28079055,42,1.8
29,6,28079024,44,0.34
29,6,28079027,44,0.17
29,6,28079055,44,0.2
29,7,28079004,01,4
29,7,28079017,01,6
29,7,28079018,01,3
29,7,28079024,01,2
29,7,28079035,01,6
29,7,28079036,01,2
29,7,28079038,01,8
29,7,28079040,01,7
29,7,28079057,01,4
29,7,28079004,06,0.4
29,7,28079016,06,0.4
29,7,28079018,06,0.5
29,7,28079024,06,0.3
29,7,28079035,06,0.5
29,7,28079036,06,0.4
29,7,28079039,06,0.4
29,7,28079056,06,0.5
29,7,28079057,06,0.3
29,7,28079004,07,81
29,7,28079011,07,19
29,7,28079016,07,34
29,7,28079017,07,164
29,7,28079018,07,51
29,7,28079024,07,36
29,7,28079027,07,45
29,7,28079035,07,56
29,7,28079036,07,74
29,7,28079038,07,78
29,7,28079039,07,53
29,7,28079040,07,58
29,7,28079047,07,49
29,7,28079048,07,20
29,7,28079049,07,14
29,7,28079050,07,33
29,7,28079054,07,68
29,7,28079055,07,37
29,7,28079056,07,93
29,7,28079057,07,13
29,7,28079058,07,22
29,7,28079059,07,7
29,7,28079060,07,16
29,7,28079004,08,37
29,7,28079011,08,51
29,7,28079016,08,49
29,7,28079017,08,63
29,7,28079018,08,39
29,7,28079024,08,28
29,7,28079027,08,41
29,7,28079035,08,43
29,7,28079036,08,43
29,7,28079038,08,54
29,7,28079039,08,55
29,7,28079040,08,58
29,7,28079047,08,39
29,7,28079048,08,49
29,7,28079049,08,37
29,7,28079050,08,54
29,7,28079054,08,43
29,7,28079055,08,43
29,7,28079056,08,54
29,7,28079057,08,45
29,7,28079058,08,24
29,7,28079059,08,20
29,7,28079060,08,48
29,7,28079024,09,8
29,7,28079038,09,11
29,7,28079047,09,10
29,7,28079048,09,10
29,7,28079050,09,11
29,7,28079018,10,12
29,7,28079024,10,11
29,7,28079036,10,15
29,7,28079038,10,15
29,7,28079040,10,18
29,7,28079047,10,12
29,7,28079048,10,21
29,7,28079050,10,17
29,7,28079055,10,11
29,7,28079057,10,10
29,7,28079060,10,11
29,7,28079016,14,3
29,7,28079017,14,6
29,7,28079018,14,2
29,7,28079024,14,3
29,7,28079027,14,5
29,7,28079035,14,1
29,7,28079039,14,2
29,7,28079049,14,1
29,7,28079054,14,4
29,7,28079056,14,3
29,7,28079058,14,2
29,7,28079059,14,8
29,7,28079060,14,4
29,7,28079011,20,5.4
29,7,28079018,20,2.5
29,7,28079024,20,3.4
29,7,28079038,20,6.1
29,7,28079055,20,1.5
29,7,28079011,30,2.4
29,7,28079018,30,0.4
29,7,28079024,30,0.9
29,7,28079038,30,1.1
29,7,28079055,30,0.5
29,7,28079011,35,0.5
29,7,28079018,35,1
29,7,28079024,35,0.4
29,7,28079038,35,1
29,7,28079055,35,1
29,7,28079024,42,1.58
29,7,28079027,42,1.4
29,7,28079055,42,1.68
29,7,28079024,44,0.33
29,7,28079027,44,0.16
29,7,28079055,44,0.19
29,8,28079004,01,4
29,8,28079017,01,8
29,8,28079018,01,4
29,8,28079024,01,2
29,8,28079035,01,8
29,8,28079036,01,4
29,8,28079038,01,11
29,8,28079040,01,10
29,8,28079057,01,5
29,8,28079004,06,0.5
29,8,28079016,06,0.5
29,8,28079018,06,0.7
29,8,28079024,06,0.3
29,8,28079035,06,0.7
29,8,28079036,06,0.7
29,8,28079039,06,0.7
29,8,28079056,06,0.7
29,8,28079057,06,0.4
29,8,28079004,07,92
29,8,28079011,07,42
29,8,28079016,07,55
29,8,28079017,07,260
29,8,28079018,07,77
29,8,28079024,07,24
29,8,28079027,07,97
29,8,28079035,07,100
29,8,28079036,07,100
29,8,28079038,07,136
29,8,28079039,07,154
29,8,28079040,07,143
29,8,28079047,07,84
29,8,28079048,07,46
29,8,28079049,07,62
29,8,28079050,07,53
29,8,28079054,07,210
29,8,28079055,07,73
29,8,28079056,07,145
29,8,28079057,07,48
29,8,28079058,07,48
29,8,28079059,07,27
29,8,28079060,07,58
29,8,28079004,08,46
29,8,28079011,08,57
29,8,28079016,08,54
29,8,28079017,08,79
29,8,28079018,08,49
29,8,28079024,08,26
29,8,28079027,08,56
29,8,28079035,08,54
29,8,28079036,08,51
29,8,28079038,08,77
29,8,28079039,08,85
29,8,28079040,08,72
29,8,28079047,08,45
29,8,28079048,08,56
29,8,28079049,08,44
29,8,28079050,08,59
29,8,28079054,08,62
29,8,28079055,08,54
29,8,28079056,08,66
29,8,28079057,08,56
29,8,28079058,08,31
29,8,28079059,08,23
29,8,28079060,08,58
29,8,28079024,09,10
29,8,28079038,09,19
29,8,28079047,09,15
29,8,28079048,09,10
29,8,28079050,09,15
29,8,28079018,10,18
29,8,28079024,10,11
29,8,28079036,10,21
29,8,28079038,10,23
29,8,28079040,10,24
29,8,28079047,10,19
29,8,28079048,10,14
29,8,28079050,10,29
29,8,28079055,10,12
29,8,28079057,10,13
29,8,28079060,10,16
29,8,28079016,14,3
29,8,28079017,14,4
29,8,28079018,14,2
29,8,28079024,14,3
29,8,28079027,14,4
29,8,28079035,14,2
29,8,28079039,14,2
29,8,28079049,14,1
29,8,28079054,14,4
29,8,28079056,14,3
29,8,28079058,14,2
29,8,28079059,14,6
29,8,28079060,14,4
29,8,28079011,20,6.2
29,8,28079018,20,3.1
29,8,28079024,20,2.9
29,8,28079038,20,7.9
29,8,28079055,20,1.5
29,8,28079011,30,2.5
29,8,28079018,30,0.6
29,8,28079024,30,0.8
29,8,28079038,30,1.4
29,8,28079055,30,0.6
29,8,28079011,35,0.6
29,8,28079018,35,0.2
29,8,28079024,35,0.4
29,8,28079038,35,1.1
29,8,28079055,35,1
29,8,28079024,42,1.56
29,8,28079027,42,1.45
29,8,28079055,42,1.71
29,8,28079024,44,0.33
29,8,28079027,44,0.2
29,8,28079055,44,0.21
29,9,28079004,01,9
29,9,28079017,01,10
29,9,28079018,01,6
29,9,28079024,01,2
29,9,28079035,01,14
29,9,28079036,01,6
29,9,28079038,01,17
29,9,28079040,01,14
29,9,28079057,01,6
29,9,28079004,06,0.9
29,9,28079016,06,0.7
29,9,28079018,06,0.8
29,9,28079024,06,0.4
29,9,28079035,06,0.8
29,9,28079036,06,1.2
29,9,28079039,06,1.2
29,9,28079056,06,1
29,9,28079057,06,0.7
29,9,28079004,07,279
29,9,28079011,07,110
29,9,28079016,07,135
29,9,28079017,07,355
29,9,28079018,07,122
29,9,28079024,07,37
29,9,28079027,07,110
29,9,28079035,07,132
29,9,28079036,07,221
29,9,28079038,07,272
29,9,28079039,07,293
29,9,28079040,07,260
29,9,28079047,07,148
29,9,28079048,07,157
29,9,28079049,07,132
29,9,28079050,07,138
29,9,28079054,07,296
29,9,28079055,07,142
29,9,28079056,07,229
29,9,28079057,07,114
29,9,28079058,07,55
29,9,28079059,07,76
29,9,28079060,07,184
29,9,28079004,08,85
29,9,28079011,08,78
29,9,28079016,08,80
29,9,28079017,08,101
29,9,28079018,08,55
29,9,28079024,08,29
29,9,28079027,08,62
29,9,28079035,08,66
29,9,28079036,08,79
29,9,28079038,08,97
29,9,28079039,08,111
29,9,28079040,08,103
29,9,28079047,08,59
29,9,28079048,08,82
29,9,28079049,08,47
29,9,28079050,08,84
29,9,28079054,08,80
29,9,28079055,08,73
29,9,28079056,08,87
29,9,28079057,08,72
29,9,28079058,08,30
29,9,28079059,08,27
29,9,28079060,08,94
29,9,28079024,09,11
29,9,28079038,09,26
29,9,28079047,09,19
29,9,28079048,09,20
29,9,28079050,09,22
29,9,28079018,10,27
29,9,28079024,10,12
29,9,28079036,10,28
29,9,28079038,10,33
29,9,28079040,10,40
29,9,28079047,10,25
29,9,28079048,10,27
29,9,28079050,10,33
29,9,28079055,10,20
29,9,28079057,10,22
29,9,28079060,10,24
29,9,28079016,14,3
29,9,28079017,14,4
29,9,28079018,14,2
29,9,28079024,14,3
29,9,28079027,14,5
29,9,28079035,14,2
29,9,28079039,14,2
29,9,28079049,14,1
29,9,28079054,14,4
29,9,28079056,14,4
29,9,28079058,14,3
29,9,28079059,14,6
29,9,28079060,14,5
29,9,28079011,20,6.6
29,9,28079018,20,4.1
29,9,28079024,20,2.8
29,9,28079038,20,12.6
29,9,28079055,20,1.9
29,9,28079011,30,3.1
29,9,28079018,30,0.9
29,9,28079024,30,0.8
29,9,28079038,30,2.7
29,9,28079055,30,0.9
29,9,28079011,35,0.9
29,9,28079018,35,0.3
29,9,28079024,35,0.4
29,9,28079038,35,2.1
29,9,28079055,35,0.6
29,9,28079024,42,1.57
29,9,28079027,42,1.56
29,9,28079055,42,1.82
29,9,28079024,44,0.34
29,9,28079027,44,0.2
29,9,28079055,44,0.26
30,1,28079004,01,7
30,1,28079017,01,12
30,1,28079018,01,4
30,1,28079024,01,3
30,1,28079035,01,18
30,1,28079036,01,8
30,1,28079038,01,14
30,1,28079040,01,18
30,1,28079057,01,8
30,1,28079004,06,0.8
30,1,28079016,06,0.7
30,1,28079018,06,0.6
30,1,28079024,06,0.5
30,1,28079035,06,1.2
30,1,28079036,06,1
30,1,28079039,06,1.5
30,1,28079056,06,0.5
30,1,28079057,06,0.6
30,1,28079004,07,169
30,1,28079011,07,217
30,1,28079016,07,110
30,1,28079017,07,391
30,1,28079018,07,67
30,1,28079024,07,59
30,1,28079027,07,38
30,1,28079035,07,169
30,1,28079036,07,205
30,1,28079038,07,322
30,1,28079039,07,361
30,1,28079040,07,235
30,1,28079047,07,182
30,1,28079048,07,199
30,1,28079049,07,265
30,1,28079050,07,256
30,1,28079054,07,235
30,1,28079055,07,40
30,1,28079056,07,70
30,1,28079057,07,76
30,1,28079058,07,34
30,1,28079059,07,31
30,1,28079060,07,160
30,1,28079004,08,68
30,1,28079011,08,120
30,1,28079016,08,88
30,1,28079017,08,145
30,1,28079018,08,66
30,1,28079024,08,52
30,1,28079027,08,47
30,1,28079035,08,79
30,1,28079036,08,123
30,1,28079038,08,125
30,1,28079039,08,162
30,1,28079040,08,135
30,1,28079047,08,76
30,1,28079048,08,119
30,1,28079049,08,95
30,1,28079050,08,129
30,1,28079054,08,90
30,1,28079055,08,55
30,1,28079056,08,69
30,1,28079057,08,86
30,1,28079058,08,33
30,1,28079059,08,45
30,1,28079060,08,109
30,1,28079024,09,12
30,1,28079038,09,26
30,1,28079047,09,23
30,1,28079048,09,25
30,1,28079050,09,36
30,1,28079018,10,23
30,1,28079024,10,18
30,1,28079036,10,38
30,1,28079038,10,43
30,1,28079040,10,48
30,1,28079047,10,30
30,1,28079048,10,33
30,1,28079050,10,59
30,1,28079055,10,19
30,1,28079057,10,23
30,1,28079060,10,28
30,1,28079016,14,3
30,1,28079017,14,4
30,1,28079018,14,1
30,1,28079024,14,3
30,1,28079027,14,4
30,1,28079035,14,2
30,1,28079039,14,2
30,1,28079049,14,2
30,1,28079054,14,4
30,1,28079056,14,4
30,1,28079058,14,2
30,1,28079059,14,6
30,1,28079060,14,5
30,1,28079011,20,13.9
30,1,28079018,20,6.5
30,1,28079024,20,4.1
30,1,28079038,20,22.8
30,1,28079055,20,3.4
30,1,28079011,30,5
30,1,28079018,30,0.9
30,1,28079024,30,1.3
30,1,28079038,30,3.9
30,1,28079055,30,1
30,1,28079011,35,0.4
30,1,28079018,35,0.5
30,1,28079024,35,1
30,1,28079038,35,3.9
30,1,28079055,35,0.5
30,1,28079024,42,1.55
30,1,28079027,42,1.63
30,1,28079055,42,1.81
30,1,28079024,44,0.33
30,1,28079027,44,0.18
30,1,28079055,44,0.21
30,10,28079004,01,10
30,10,28079017,01,12
30,10,28079018,01,8
30,10,28079024,01,3
30,10,28079035,01,24
30,10,28079036,01,6
30,10,28079038,01,16
30,10,28079040,01,13
30,10,28079057,01,7
30,10,28079004,06,1
30,10,28079016,06,0.5
30,10,28079018,06,1
30,10,28079024,06,0.4
30,10,28079035,06,1.2
30,10,28079036,06,1.2
30,10,28079039,06,1.6
30,10,28079056,06,1
30,10,28079057,06,0.6
30,10,28079004,07,307
30,10,28079011,07,142
30,10,28079016,07,87
30,10,28079017,07,421
30,10,28079018,07,158
30,10,28079024,07,55
30,10,28079027,07,107
30,10,28079035,07,253
30,10,28079036,07,179
30,10,28079038,07,301
30,10,28079039,07,395
30,10,28079040,07,174
30,10,28079047,07,266
30,10,28079048,07,102
30,10,28079049,07,219
30,10,28079050,07,100
30,10,28079054,07,109
30,10,28079055,07,144
30,10,28079056,07,233
30,10,28079057,07,106
30,10,28079058,07,50
30,10,28079059,07,37
30,10,28079060,07,183
30,10,28079004,08,92
30,10,28079011,08,82
30,10,28079016,08,52
30,10,28079017,08,122
30,10,28079018,08,73
30,10,28079024,08,28
30,10,28079027,08,60
30,10,28079035,08,93
30,10,28079036,08,90
30,10,28079038,08,121
30,10,28079039,08,145
30,10,28079040,08,85
30,10,28079047,08,83
30,10,28079048,08,60
30,10,28079049,08,58
30,10,28079050,08,64
30,10,28079054,08,43
30,10,28079055,08,74
30,10,28079056,08,100
30,10,28079057,08,64
30,10,28079058,08,25
30,10,28079059,08,20
30,10,28079060,08,95
30,10,28079024,09,18
30,10,28079038,09,40
30,10,28079047,09,33
30,10,28079048,09,23
30,10,28079050,09,19
30,10,28079018,10,42
30,10,28079024,10,19
30,10,28079036,10,44
30,10,28079038,10,51
30,10,28079040,10,34
30,10,28079047,10,43
30,10,28079048,10,33
30,10,28079050,10,34
30,10,28079055,10,32
30,10,28079057,10,29
30,10,28079060,10,35
30,10,28079016,14,4
30,10,28079017,14,4
30,10,28079018,14,2
30,10,28079024,14,5
30,10,28079027,14,6
30,10,28079035,14,2
30,10,28079039,14,2
30,10,28079049,14,2
30,10,28079054,14,6
30,10,28079056,14,4
30,10,28079058,14,4
30,10,28079059,14,10
30,10,28079060,14,6
30,10,28079011,20,10.2
30,10,28079018,20,8.3
30,10,28079024,20,3.6
30,10,28079038,20,19
30,10,28079055,20,2.8
30,10,28079011,30,4.7
30,10,28079018,30,2.1
30,10,28079024,30,1.1
30,10,28079038,30,4.6
30,10,28079055,30,1.6
30,10,28079011,35,0.9
30,10,28079018,35,0.8
30,10,28079024,35,0.7
30,10,28079038,35,3.2
30,10,28079055,35,0.5
30,10,28079024,42,1.63
30,10,28079027,42,1.66
30,10,28079055,42,2.01
30,10,28079024,44,0.35
30,10,28079027,44,0.23
30,10,28079055,44,0.3
30,11,28079004,01,12
30,11,28079017,01,11
30,11,28079018,01,9
30,11,28079024,01,4
30,11,28079035,01,24
30,11,28079036,01,10
30,11,28079038,01,15
30,11,28079040,01,11
30,11,28079057,01,5
30,11,28079004,06,1.1
30,11,28079016,06,0.4
30,11,28079018,06,0.9
30,11,28079024,06,0.5
30,11,28079035,06,1.2
30,11,28079036,06,0.7
30,11,28079039,06,0.7
30,11,28079056,06,1
30,11,28079057,06,0.4
30,11,28079004,07,293
30,11,28079011,07,56
30,11,28079016,07,57
30,11,28079017,07,356
30,11,28079018,07,161
30,11,28079024,07,98
30,11,28079027,07,77
30,11,28079035,07,262
30,11,28079036,07,101
30,11,28079038,07,152
30,11,28079039,07,148
30,11,28079040,07,127
30,11,28079047,07,203
30,11,28079048,07,87
30,11,28079049,07,88
30,11,28079050,07,42
30,11,28079054,07,135
30,11,28079055,07,88
30,11,28079056,07,258
30,11,28079057,07,42
30,11,28079058,07,58
30,11,28079059,07,34
30,11,28079060,07,80
30,11,28079004,08,102
30,11,28079011,08,51
30,11,28079016,08,46
30,11,28079017,08,130
30,11,28079018,08,80
30,11,28079024,08,42
30,11,28079027,08,55
30,11,28079035,08,104
30,11,28079036,08,59
30,11,28079038,08,84
30,11,28079039,08,71
30,11,28079040,08,75
30,11,28079047,08,76
30,11,28079048,08,60
30,11,28079049,08,55
30,11,28079050,08,42
30,11,28079054,08,44
30,11,28079055,08,52
30,11,28079056,08,118
30,11,28079057,08,36
30,11,28079058,08,35
30,11,28079059,08,15
30,11,28079060,08,57
30,11,28079024,09,27
30,11,28079038,09,28
30,11,28079047,09,30
30,11,28079048,09,15
30,11,28079050,09,19
30,11,28079018,10,41
30,11,28079024,10,23
30,11,28079036,10,33
30,11,28079038,10,41
30,11,28079040,10,35
30,11,28079047,10,39
30,11,28079048,10,31
30,11,28079050,10,75
30,11,28079055,10,18
30,11,28079057,10,24
30,11,28079060,10,29
30,11,28079016,14,8
30,11,28079017,14,4
30,11,28079018,14,3
30,11,28079024,14,7
30,11,28079027,14,10
30,11,28079035,14,2
30,11,28079039,14,3
30,11,28079049,14,3
30,11,28079054,14,7
30,11,28079056,14,5
30,11,28079058,14,6
30,11,28079059,14,13
30,11,28079060,14,10
30,11,28079011,20,8.4
30,11,28079018,20,6.8
30,11,28079024,20,3.6
30,11,28079038,20,15.3
30,11,28079055,20,2
30,11,28079011,30,4.1
30,11,28079018,30,1.2
30,11,28079024,30,1.2
30,11,28079038,30,3.2
30,11,28079055,30,0.9
30,11,28079011,35,1.5
30,11,28079018,35,0.6
30,11,28079024,35,0.6
30,11,28079038,35,3
30,11,28079055,35,0.5
30,11,28079024,42,1.68
30,11,28079027,42,1.65
30,11,28079055,42,1.78
30,11,28079024,44,0.38
30,11,28079027,44,0.22
30,11,28079055,44,0.23
30,12,28079004,01,18
30,12,28079017,01,7
30,12,28079018,01,11
30,12,28079024,01,9
30,12,28079035,01,26
30,12,28079036,01,19
30,12,28079038,01,22
30,12,28079040,01,10
30,12,28079057,01,6
30,12,28079004,06,1.3
30,12,28079016,06,0.6
30,12,28079018,06,0.9
30,12,28079024,06,0.9
30,12,28079035,06,1.1
30,12,28079036,06,0.6
30,12,28079039,06,0.7
30,12,28079056,06,0.8
30,12,28079057,06,0.3
30,12,28079004,07,278
30,12,28079011,07,72
30,12,28079016,07,77
30,12,28079017,07,136
30,12,28079018,07,148
30,12,28079024,07,172
30,12,28079027,07,64
30,12,28079035,07,206
30,12,28079036,07,67
30,12,28079038,07,209
30,12,28079039,07,133
30,12,28079040,07,90
30,12,28079047,07,261
30,12,28079048,07,78
30,12,28079049,07,90
30,12,28079050,07,68
30,12,28079054,07,78
30,12,28079055,07,74
30,12,28079056,07,238
30,12,28079057,07,25
30,12,28079058,07,70
30,12,28079059,07,36
30,12,28079060,07,24
30,12,28079004,08,107
30,12,28079011,08,67
30,12,28079016,08,62
30,12,28079017,08,81
30,12,28079018,08,92
30,12,28079024,08,83
30,12,28079027,08,60
30,12,28079035,08,97
30,12,28079036,08,51
30,12,28079038,08,101
30,12,28079039,08,78
30,12,28079040,08,67
30,12,28079047,08,96
30,12,28079048,08,62
30,12,28079049,08,64
30,12,28079050,08,55
30,12,28079054,08,38
30,12,28079055,08,63
30,12,28079056,08,120
30,12,28079057,08,30
30,12,28079058,08,56
30,12,28079059,08,22
30,12,28079060,08,35
30,12,28079024,09,30
30,12,28079038,09,36
30,12,28079047,09,36
30,12,28079048,09,14
30,12,28079050,09,22
30,12,28079018,10,46
30,12,28079024,10,44
30,12,28079036,10,29
30,12,28079038,10,52
30,12,28079040,10,34
30,12,28079047,10,58
30,12,28079048,10,36
30,12,28079050,10,64
30,12,28079055,10,27
30,12,28079057,10,27
30,12,28079060,10,21
30,12,28079016,14,10
30,12,28079017,14,7
30,12,28079018,14,5
30,12,28079024,14,9
30,12,28079027,14,17
30,12,28079035,14,3
30,12,28079039,14,7
30,12,28079049,14,4
30,12,28079054,14,10
30,12,28079056,14,4
30,12,28079058,14,9
30,12,28079059,14,18
30,12,28079011,20,7.5
30,12,28079018,20,7.2
30,12,28079024,20,5
30,12,28079038,20,11.6
30,12,28079055,20,2.7
30,12,28079011,30,3.6
30,12,28079018,30,1.1
30,12,28079024,30,1.5
30,12,28079038,30,2.1
30,12,28079055,30,1.1
30,12,28079011,35,1.1
30,12,28079018,35,0.6
30,12,28079024,35,0.7
30,12,28079038,35,1.9
30,12,28079055,35,0.4
30,12,28079024,42,1.79
30,12,28079027,42,1.52
30,12,28079055,42,1.85
30,12,28079024,44,0.46
30,12,28079027,44,0.22
30,12,28079055,44,0.3
30,13,28079004,01,16
30,13,28079017,01,6
30,13,28079018,01,9
30,13,28079024,01,8
30,13,28079035,01,23
30,13,28079036,01,12
30,13,28079038,01,25
30,13,28079040,01,9
30,13,28079057,01,21
30,13,28079004,06,0.9
30,13,28079016,06,0.6
30,13,28079018,06,0.7
30,13,28079024,06,0.7
30,13,28079035,06,0.8
30,13,28079036,06,0.6
30,13,28079039,06,0.9
30,13,28079056,06,0.5
30,13,28079057,06,0.3
30,13,28079004,07,183
30,13,28079011,07,112
30,13,28079016,07,75
30,13,28079017,07,66
30,13,28079018,07,147
30,13,28079024,07,117
30,13,28079027,07,37
30,13,28079035,07,141
30,13,28079036,07,80
30,13,28079038,07,188
30,13,28079039,07,167
30,13,28079040,07,69
30,13,28079047,07,76
30,13,28079048,07,155
30,13,28079049,07,105
30,13,28079050,07,154
30,13,28079054,07,63
30,13,28079055,07,51
30,13,28079056,07,128
30,13,28079057,07,33
30,13,28079058,07,36
30,13,28079059,07,32
30,13,28079060,07,42
30,13,28079004,08,101
30,13,28079011,08,88
30,13,28079016,08,73
30,13,28079017,08,58
30,13,28079018,08,101
30,13,28079024,08,81
30,13,28079027,08,46
30,13,28079035,08,89
30,13,28079036,08,58
30,13,28079038,08,108
30,13,28079039,08,102
30,13,28079040,08,64
30,13,28079047,08,57
30,13,28079048,08,94
30,13,28079049,08,72
30,13,28079050,08,93
30,13,28079054,08,43
30,13,28079055,08,56
30,13,28079056,08,94
30,13,28079057,08,37
30,13,28079058,08,48
30,13,28079059,08,31
30,13,28079060,08,48
30,13,28079024,09,29
30,13,28079038,09,37
30,13,28079047,09,22
30,13,28079048,09,28
30,13,28079050,09,27
30,13,28079018,10,48
30,13,28079024,10,40
30,13,28079036,10,33
30,13,28079038,10,54
30,13,28079040,10,36
30,13,28079047,10,36
30,13,28079048,10,64
30,13,28079050,10,54
30,13,28079055,10,25
30,13,28079057,10,30
30,13,28079060,10,25
30,13,28079016,14,12
30,13,28079017,14,11
30,13,28079018,14,7
30,13,28079024,14,12
30,13,28079027,14,23
30,13,28079035,14,6
30,13,28079039,14,7
30,13,28079049,14,8
30,13,28079054,14,16
30,13,28079056,14,11
30,13,28079058,14,16
30,13,28079059,14,23
30,13,28079060,14,19
30,13,28079011,20,8.2
30,13,28079018,20,6.5
30,13,28079024,20,7.7
30,13,28079038,20,15.7
30,13,28079055,20,2.7
30,13,28079011,30,3.5
30,13,28079018,30,1
30,13,28079024,30,1.9
30,13,28079038,30,2.8
30,13,28079055,30,1
30,13,28079011,35,1.5
30,13,28079018,35,0.6
30,13,28079024,35,1.1
30,13,28079038,35,2.7
30,13,28079055,35,0.5
30,13,28079024,42,1.74
30,13,28079027,42,1.42
30,13,28079055,42,1.72
30,13,28079024,44,0.43
30,13,28079027,44,0.2
30,13,28079055,44,0.23
30,14,28079004,01,12
30,14,28079017,01,7
30,14,28079018,01,7
30,14,28079024,01,8
30,14,28079035,01,18
30,14,28079036,01,8
30,14,28079038,01,16
30,14,28079040,01,9
30,14,28079057,01,9
30,14,28079004,06,0.7
30,14,28079016,06,0.6
30,14,28079018,06,0.5
30,14,28079024,06,0.7
30,14,28079035,06,0.6
30,14,28079036,06,0.5
30,14,28079039,06,0.6
30,14,28079056,06,0.4
30,14,28079057,06,0.5
30,14,28079004,07,95
30,14,28079011,07,123
30,14,28079016,07,79
30,14,28079017,07,74
30,14,28079018,07,76
30,14,28079024,07,124
30,14,28079027,07,43
30,14,28079035,07,68
30,14,28079036,07,65
30,14,28079038,07,114
30,14,28079039,07,90
30,14,28079040,07,50
30,14,28079047,07,38
30,14,28079048,07,100
30,14,28079049,07,26
30,14,28079050,07,168
30,14,28079054,07,44
30,14,28079055,07,61
30,14,28079056,07,90
30,14,28079057,07,63
30,14,28079058,07,71
30,14,28079059,07,63
30,14,28079060,07,69
30,14,28079004,08,87
30,14,28079011,08,102
30,14,28079016,08,79
30,14,28079017,08,69
30,14,28079018,08,83
30,14,28079024,08,91
30,14,28079027,08,61
30,14,28079035,08,73
30,14,28079036,08,62
30,14,28079038,08,95
30,14,28079039,08,87
30,14,28079040,08,59
30,14,28079047,08,48
30,14,28079048,08,84
30,14,28079049,08,53
30,14,28079050,08,111
30,14,28079054,08,40
30,14,28079055,08,68
30,14,28079056,08,87
30,14,28079057,08,64
30,14,28079058,08,79
30,14,28079059,08,50
30,14,28079060,08,70
30,14,28079024,09,31
30,14,28079038,09,25
30,14,28079047,09,15
30,14,28079048,09,24
30,14,28079050,09,34
30,14,28079018,10,37
30,14,28079024,10,45
30,14,28079036,10,33
30,14,28079038,10,38
30,14,28079040,10,29
30,14,28079047,10,27
30,14,28079048,10,52
30,14,28079050,10,56
30,14,28079055,10,32
30,14,28079057,10,38
30,14,28079060,10,32
30,14,28079016,14,14
30,14,28079017,14,12
30,14,28079018,14,11
30,14,28079024,14,13
30,14,28079027,14,24
30,14,28079035,14,13
30,14,28079039,14,12
30,14,28079049,14,21
30,14,28079054,14,22
30,14,28079056,14,14
30,14,28079058,14,12
30,14,28079059,14,18
30,14,28079060,14,17
30,14,28079011,20,11.6
30,14,28079018,20,4
30,14,28079024,20,8
30,14,28079038,20,11.1
30,14,28079055,20,3.6
30,14,28079011,30,4.1
30,14,28079018,30,0.7
30,14,28079024,30,1.6
30,14,28079038,30,2.1
30,14,28079055,30,0.7
30,14,28079011,35,2.3
30,14,28079018,35,1.5
30,14,28079024,35,1.3
30,14,28079038,35,2.1
30,14,28079055,35,0.5
30,14,28079024,42,1.76
30,14,28079027,42,1.48
30,14,28079055,42,1.74
30,14,28079024,44,0.43
30,14,28079027,44,0.24
30,14,28079055,44,0.25
30,15,28079004,01,12
30,15,28079017,01,7
30,15,28079018,01,7
30,15,28079024,01,6
30,15,28079035,01,18
30,15,28079036,01,8
30,15,28079038,01,14
30,15,28079040,01,10
30,15,28079057,01,12
30,15,28079004,06,0.7
30,15,28079016,06,0.6
30,15,28079018,06,0.6
30,15,28079024,06,0.5
30,15,28079035,06,0.7
30,15,28079036,06,0.5
30,15,28079039,06,0.6
30,15,28079056,06,0.5
30,15,28079057,06,0.7
30,15,28079004,07,100
30,15,28079011,07,103
30,15,28079016,07,71
30,15,28079017,07,81
30,15,28079018,07,79
30,15,28079024,07,65
30,15,28079027,07,54
30,15,28079035,07,89
30,15,28079036,07,62
30,15,28079038,07,103
30,15,28079039,07,86
30,15,28079040,07,69
30,15,28079047,07,70
30,15,28079048,07,94
30,15,28079049,07,75
30,15,28079050,07,138
30,15,28079054,07,37
30,15,28079055,07,61
30,15,28079056,07,105
30,15,28079057,07,84
30,15,28079058,07,62
30,15,28079059,07,63
30,15,28079060,07,66
30,15,28079004,08,94
30,15,28079011,08,102
30,15,28079016,08,81
30,15,28079017,08,81
30,15,28079018,08,87
30,15,28079024,08,75
30,15,28079027,08,69
30,15,28079035,08,87
30,15,28079036,08,57
30,15,28079038,08,95
30,15,28079039,08,89
30,15,28079040,08,81
30,15,28079047,08,69
30,15,28079048,08,86
30,15,28079049,08,82
30,15,28079050,08,103
30,15,28079054,08,44
30,15,28079055,08,69
30,15,28079056,08,95
30,15,28079057,08,83
30,15,28079058,08,80
30,15,28079059,08,54
30,15,28079060,08,77
30,15,28079024,09,25
30,15,28079038,09,24
30,15,28079047,09,21
30,15,28079048,09,21
30,15,28079050,09,28
30,15,28079018,10,41
30,15,28079024,10,36
30,15,28079036,10,26
30,15,28079038,10,36
30,15,28079040,10,34
30,15,28079047,10,35
30,15,28079048,10,44
30,15,28079050,10,48
30,15,28079055,10,40
30,15,28079057,10,44
30,15,28079060,10,32
30,15,28079016,14,15
30,15,28079017,14,11
30,15,28079018,14,11
30,15,28079024,14,19
30,15,28079027,14,21
30,15,28079035,14,7
30,15,28079039,14,12
30,15,28079049,14,8
30,15,28079054,14,25
30,15,28079056,14,13
30,15,28079058,14,13
30,15,28079059,14,18
30,15,28079060,14,19
30,15,28079011,20,11.6
30,15,28079018,20,5.9
30,15,28079024,20,6.9
30,15,28079038,20,8.7
30,15,28079055,20,4.6
30,15,28079011,30,4.1
30,15,28079018,30,0.7
30,15,28079024,30,1.6
30,15,28079038,30,1.7
30,15,28079055,30,0.8
30,15,28079011,35,2.4
30,15,28079018,35,0.6
30,15,28079024,35,1.7
30,15,28079038,35,2
30,15,28079055,35,1.5
30,15,28079024,42,1.59
30,15,28079027,42,1.45
30,15,28079055,42,1.68
30,15,28079024,44,0.37
30,15,28079027,44,0.22
30,15,28079055,44,0.23
30,16,28079004,01,10
30,16,28079017,01,7
30,16,28079018,01,5
30,16,28079024,01,5
30,16,28079035,01,16
30,16,28079036,01,8
30,16,28079038,01,12
30,16,28079040,01,10
30,16,28079057,01,12
30,16,28079004,06,0.6
30,16,28079016,06,0.8
30,16,28079018,06,0.5
30,16,28079024,06,0.4
30,16,28079035,06,0.6
30,16,28079036,06,0.6
30,16,28079039,06,0.6
30,16,28079056,06,0.4
30,16,28079057,06,0.7
30,16,28079004,07,87
30,16,28079011,07,113
30,16,28079016,07,103
30,16,28079017,07,61
30,16,28079018,07,36
30,16,28079024,07,42
30,16,28079027,07,46
30,16,28079035,07,75
30,16,28079036,07,79
30,16,28079038,07,86
30,16,28079039,07,76
30,16,28079040,07,79
30,16,28079047,07,73
30,16,28079048,07,91
30,16,28079049,07,74
30,16,28079050,07,114
30,16,28079054,07,58
30,16,28079055,07,53
30,16,28079056,07,75
30,16,28079057,07,86
30,16,28079058,07,34
30,16,28079059,07,51
30,16,28079060,07,63
30,16,28079004,08,90
30,16,28079011,08,110
30,16,28079016,08,103
30,16,28079017,08,76
30,16,28079018,08,65
30,16,28079024,08,64
30,16,28079027,08,66
30,16,28079035,08,83
30,16,28079036,08,74
30,16,28079038,08,92
30,16,28079039,08,89
30,16,28079040,08,86
30,16,28079047,08,75
30,16,28079048,08,89
30,16,28079049,08,83
30,16,28079050,08,101
30,16,28079054,08,60
30,16,28079055,08,69
30,16,28079056,08,84
30,16,28079057,08,93
30,16,28079058,08,63
30,16,28079059,08,51
30,16,28079060,08,80
30,16,28079024,09,20
30,16,28079038,09,25
30,16,28079047,09,23
30,16,28079048,09,26
30,16,28079050,09,26
30,16,28079018,10,29
30,16,28079024,10,30
30,16,28079036,10,40
30,16,28079038,10,37
30,16,28079040,10,40
30,16,28079047,10,39
30,16,28079048,10,51
30,16,28079050,10,46
30,16,28079055,10,39
30,16,28079057,10,45
30,16,28079060,10,26
30,16,28079016,14,10
30,16,28079017,14,13
30,16,28079018,14,19
30,16,28079024,14,25
30,16,28079027,14,21
30,16,28079035,14,12
30,16,28079039,14,13
30,16,28079049,14,8
30,16,28079054,14,19
30,16,28079056,14,16
30,16,28079058,14,17
30,16,28079059,14,18
30,16,28079060,14,19
30,16,28079011,20,11.3
30,16,28079018,20,5.5
30,16,28079024,20,5.7
30,16,28079038,20,8.9
30,16,28079055,20,4.7
30,16,28079011,30,4.2
30,16,28079018,30,0.7
30,16,28079024,30,1.4
30,16,28079038,30,1.4
30,16,28079055,30,0.7
30,16,28079011,35,3.8
30,16,28079018,35,0.5
30,16,28079024,35,1.5
30,16,28079038,35,2.3
30,16,28079055,35,1.1
30,16,28079024,42,1.51
30,16,28079027,42,1.41
30,16,28079055,42,1.66
30,16,28079024,44,0.33
30,16,28079027,44,0.21
30,16,28079055,44,0.21
30,17,28079004,01,8
30,17,28079017,01,6
30,17,28079018,01,4
30,17,28079024,01,3
30,17,28079035,01,12
30,17,28079036,01,7
30,17,28079038,01,9
30,17,28079040,01,9
30,17,28079057,01,11
30,17,28079004,06,0.5
30,17,28079016,06,0.7
30,17,28079018,06,0.4
30,17,28079024,06,0.3
30,17,28079035,06,0.4
30,17,28079036,06,0.5
30,17,28079039,06,0.4
30,17,28079056,06,0.3
30,17,28079057,06,0.7
30,17,28079004,07,39
30,17,28079011,07,93
30,17,28079016,07,95
30,17,28079017,07,28
30,17,28079018,07,16
30,17,28079024,07,14
30,17,28079027,07,38
30,17,28079035,07,28
30,17,28079036,07,75
30,17,28079038,07,54
30,17,28079039,07,46
30,17,28079040,07,72
30,17,28079047,07,59
30,17,28079048,07,61
30,17,28079049,07,58
30,17,28079050,07,103
30,17,28079054,07,49
30,17,28079055,07,54
30,17,28079056,07,50
30,17,28079057,07,84
30,17,28079058,07,14
30,17,28079059,07,45
30,17,28079060,07,39
30,17,28079004,08,70
30,17,28079011,08,102
30,17,28079016,08,102
30,17,28079017,08,60
30,17,28079018,08,54
30,17,28079024,08,45
30,17,28079027,08,69
30,17,28079035,08,58
30,17,28079036,08,72
30,17,28079038,08,82
30,17,28079039,08,78
30,17,28079040,08,85
30,17,28079047,08,73
30,17,28079048,08,79
30,17,28079049,08,80
30,17,28079050,08,95
30,17,28079054,08,59
30,17,28079055,08,75
30,17,28079056,08,71
30,17,28079057,08,99
30,17,28079058,08,49
30,17,28079059,08,54
30,17,28079060,08,72
30,17,28079024,09,13
30,17,28079038,09,15
30,17,28079047,09,22
30,17,28079048,09,22
30,17,28079050,09,20
30,17,28079018,10,18
30,17,28079024,10,19
30,17,28079036,10,41
30,17,28079038,10,27
30,17,28079040,10,39
30,17,28079047,10,38
30,17,28079048,10,38
30,17,28079050,10,41
30,17,28079055,10,40
30,17,28079057,10,48
30,17,28079060,10,27
30,17,28079016,14,7
30,17,28079017,14,21
30,17,28079018,14,22
30,17,28079024,14,30
30,17,28079027,14,16
30,17,28079035,14,19
30,17,28079039,14,11
30,17,28079049,14,6
30,17,28079054,14,16
30,17,28079056,14,20
30,17,28079058,14,25
30,17,28079059,14,13
30,17,28079060,14,17
30,17,28079011,20,12.9
30,17,28079018,20,2.5
30,17,28079024,20,4.6
30,17,28079038,20,7.5
30,17,28079055,20,4
30,17,28079011,30,4.3
30,17,28079018,30,0.4
30,17,28079024,30,1.3
30,17,28079038,30,1.2
30,17,28079055,30,0.7
30,17,28079011,35,4.6
30,17,28079018,35,0.2
30,17,28079024,35,1.3
30,17,28079038,35,1.6
30,17,28079055,35,0.7
30,17,28079024,42,1.44
30,17,28079027,42,1.46
30,17,28079055,42,1.78
30,17,28079024,44,0.29
30,17,28079027,44,0.19
30,17,28079055,44,0.21
30,18,28079004,01,9
30,18,28079017,01,5
30,18,28079018,01,4
30,18,28079024,01,2
30,18,28079035,01,13
30,18,28079036,01,7
30,18,28079038,01,8
30,18,28079040,01,8
30,18,28079057,01,11
30,18,28079004,06,0.5
30,18,28079016,06,0.7
30,18,28079018,06,0.4
30,18,28079024,06,0.3
30,18,28079035,06,0.5
30,18,28079036,06,0.5
30,18,28079039,06,0.5
30,18,28079056,06,0.4
30,18,28079057,06,0.7
30,18,28079004,07,39
30,18,28079011,07,62
30,18,28079016,07,108
30,18,28079017,07,32
30,18,28079018,07,18
30,18,28079024,07,5
30,18,28079027,07,55
30,18,28079035,07,22
30,18,28079036,07,73
30,18,28079038,07,41
30,18,28079039,07,54
30,18,28079040,07,54
30,18,28079047,07,51
30,18,28079048,07,57
30,18,28079049,07,46
30,18,28079050,07,136
30,18,28079054,07,44
30,18,28079055,07,103
30,18,28079056,07,57
30,18,28079057,07,112
30,18,28079058,07,32
30,18,28079059,07,65
30,18,28079060,07,34
30,18,28079004,08,72
30,18,28079011,08,88
30,18,28079016,08,104
30,18,28079017,08,64
30,18,28079018,08,69
30,18,28079024,08,37
30,18,28079027,08,84
30,18,28079035,08,61
30,18,28079036,08,70
30,18,28079038,08,78
30,18,28079039,08,87
30,18,28079040,08,84
30,18,28079047,08,75
30,18,28079048,08,78
30,18,28079049,08,73
30,18,28079050,08,112
30,18,28079054,08,63
30,18,28079055,08,97
30,18,28079056,08,80
30,18,28079057,08,106
30,18,28079058,08,47
30,18,28079059,08,58
30,18,28079060,08,74
30,18,28079024,09,13
30,18,28079038,09,14
30,18,28079047,09,20
30,18,28079048,09,22
30,18,28079050,09,23
30,18,28079018,10,23
30,18,28079024,10,17
30,18,28079036,10,40
30,18,28079038,10,23
30,18,28079040,10,36
30,18,28079047,10,35
30,18,28079048,10,35
30,18,28079050,10,49
30,18,28079055,10,46
30,18,28079057,10,52
30,18,28079060,10,22
30,18,28079016,14,4
30,18,28079017,14,18
30,18,28079018,14,10
30,18,28079024,14,29
30,18,28079027,14,9
30,18,28079035,14,14
30,18,28079039,14,5
30,18,28079049,14,3
30,18,28079054,14,11
30,18,28079056,14,13
30,18,28079058,14,15
30,18,28079059,14,9
30,18,28079060,14,11
30,18,28079011,20,10.9
30,18,28079018,20,4.8
30,18,28079024,20,3.1
30,18,28079038,20,6.8
30,18,28079055,20,5
30,18,28079011,30,3.9
30,18,28079018,30,0.4
30,18,28079024,30,1
30,18,28079038,30,1.4
30,18,28079055,30,0.8
30,18,28079011,35,4
30,18,28079018,35,0.2
30,18,28079024,35,0.9
30,18,28079038,35,1.3
30,18,28079055,35,0.7
30,18,28079024,42,1.42
30,18,28079027,42,1.7
30,18,28079055,42,2
30,18,28079024,44,0.27
30,18,28079027,44,0.25
30,18,28079055,44,0.29
30,19,28079004,01,10
30,19,28079017,01,7
30,19,28079018,01,5
30,19,28079024,01,2
30,19,28079035,01,12
30,19,28079036,01,7
30,19,28079038,01,9
30,19,28079040,01,8
30,19,28079057,01,12
30,19,28079004,06,0.8
30,19,28079016,06,0.8
30,19,28079018,06,0.5
30,19,28079024,06,0.3
30,19,28079035,06,0.5
30,19,28079036,06,0.6
30,19,28079039,06,0.6
30,19,28079056,06,0.8
30,19,28079057,06,0.8
30,19,28079004,07,135
30,19,28079011,07,43
30,19,28079016,07,117
30,19,28079017,07,128
30,19,28079018,07,28
30,19,28079024,07,3
30,19,28079027,07,100
30,19,28079035,07,31
30,19,28079036,07,94
30,19,28079038,07,60
30,19,28079039,07,85
30,19,28079040,07,69
30,19,28079047,07,62
30,19,28079048,07,60
30,19,28079049,07,34
30,19,28079050,07,135
30,19,28079054,07,31
30,19,28079055,07,128
30,19,28079056,07,117
30,19,28079057,07,149
30,19,28079058,07,18
30,19,28079059,07,158
30,19,28079060,07,51
30,19,28079004,08,101
30,19,28079011,08,80
30,19,28079016,08,105
30,19,28079017,08,101
30,19,28079018,08,79
30,19,28079024,08,46
30,19,28079027,08,97
30,19,28079035,08,70
30,19,28079036,08,67
30,19,28079038,08,88
30,19,28079039,08,95
30,19,28079040,08,85
30,19,28079047,08,78
30,19,28079048,08,80
30,19,28079049,08,60
30,19,28079050,08,111
30,19,28079054,08,65
30,19,28079055,08,98
30,19,28079056,08,106
30,19,28079057,08,121
30,19,28079058,08,38
30,19,28079059,08,65
30,19,28079060,08,82
30,19,28079024,09,14
30,19,28079038,09,21
30,19,28079047,09,20
30,19,28079048,09,26
30,19,28079050,09,25
30,19,28079018,10,27
30,19,28079024,10,19
30,19,28079036,10,43
30,19,28079038,10,28
30,19,28079040,10,35
30,19,28079047,10,37
30,19,28079048,10,44
30,19,28079050,10,56
30,19,28079055,10,53
30,19,28079057,10,64
30,19,28079060,10,29
30,19,28079016,14,3
30,19,28079017,14,4
30,19,28079018,14,3
30,19,28079024,14,18
30,19,28079027,14,5
30,19,28079035,14,8
30,19,28079039,14,1
30,19,28079049,14,2
30,19,28079054,14,7
30,19,28079056,14,4
30,19,28079058,14,8
30,19,28079059,14,10
30,19,28079060,14,5
30,19,28079011,20,9.2
30,19,28079018,20,18.2
30,19,28079024,20,2.8
30,19,28079038,20,7.2
30,19,28079055,20,9
30,19,28079011,30,3.6
30,19,28079018,30,0.6
30,19,28079024,30,1
30,19,28079038,30,1.5
30,19,28079055,30,1.5
30,19,28079011,35,2.9
30,19,28079018,35,0.6
30,19,28079024,35,0.7
30,19,28079038,35,1.3
30,19,28079055,35,1.4
30,19,28079024,42,1.44
30,19,28079027,42,1.82
30,19,28079055,42,2.08
30,19,28079024,44,0.28
30,19,28079027,44,0.34
30,19,28079055,44,0.33
30,2,28079004,01,6
30,2,28079017,01,9
30,2,28079018,01,4
30,2,28079024,01,3
30,2,28079035,01,15
30,2,28079036,01,4
30,2,28079038,01,13
30,2,28079040,01,15
30,2,28079057,01,7
30,2,28079004,06,0.7
30,2,28079016,06,0.5
30,2,28079018,06,0.6
30,2,28079024,06,0.5
30,2,28079035,06,0.9
30,2,28079036,06,0.6
30,2,28079039,06,1.1
30,2,28079056,06,0.5
30,2,28079057,06,0.5
30,2,28079004,07,125
30,2,28079011,07,87
30,2,28079016,07,33
30,2,28079017,07,274
30,2,28079018,07,76
30,2,28079024,07,82
30,2,28079027,07,21
30,2,28079035,07,135
30,2,28079036,07,55
30,2,28079038,07,284
30,2,28079039,07,248
30,2,28079040,07,234
30,2,28079047,07,98
30,2,28079048,07,100
30,2,28079049,07,294
30,2,28079050,07,95
30,2,28079054,07,114
30,2,28079055,07,21
30,2,28079056,07,98
30,2,28079057,07,45
30,2,28079058,07,42
30,2,28079059,07,21
30,2,28079060,07,112
30,2,28079004,08,58
30,2,28079011,08,78
30,2,28079016,08,60
30,2,28079017,08,106
30,2,28079018,08,58
30,2,28079024,08,54
30,2,28079027,08,42
30,2,28079035,08,67
30,2,28079036,08,62
30,2,28079038,08,114
30,2,28079039,08,109
30,2,28079040,08,125
30,2,28079047,08,55
30,2,28079048,08,86
30,2,28079049,08,93
30,2,28079050,08,81
30,2,28079054,08,61
30,2,28079055,08,45
30,2,28079056,08,68
30,2,28079057,08,71
30,2,28079058,08,35
30,2,28079059,08,34
30,2,28079060,08,87
30,2,28079024,09,15
30,2,28079038,09,27
30,2,28079047,09,17
30,2,28079048,09,21
30,2,28079050,09,22
30,2,28079018,10,21
30,2,28079024,10,20
30,2,28079036,10,19
30,2,28079038,10,41
30,2,28079040,10,46
30,2,28079047,10,22
30,2,28079048,10,30
30,2,28079050,10,33
30,2,28079055,10,14
30,2,28079057,10,21
30,2,28079060,10,26
30,2,28079016,14,3
30,2,28079017,14,3
30,2,28079018,14,1
30,2,28079024,14,3
30,2,28079027,14,4
30,2,28079035,14,2
30,2,28079039,14,2
30,2,28079049,14,2
30,2,28079054,14,4
30,2,28079056,14,4
30,2,28079058,14,2
30,2,28079059,14,6
30,2,28079060,14,4
30,2,28079011,20,11.9
30,2,28079018,20,4.1
30,2,28079024,20,3.9
30,2,28079038,20,21.8
30,2,28079055,20,1.9
30,2,28079011,30,4.6
30,2,28079018,30,0.6
30,2,28079024,30,1.3
30,2,28079038,30,3.6
30,2,28079055,30,0.7
30,2,28079011,35,0.6
30,2,28079018,35,0.3
30,2,28079024,35,0.8
30,2,28079038,35,3.9
30,2,28079055,35,0.4
30,2,28079024,42,1.59
30,2,28079027,42,1.56
30,2,28079055,42,1.75
30,2,28079024,44,0.36
30,2,28079027,44,0.18
30,2,28079055,44,0.19
30,20,28079004,01,10
30,20,28079017,01,9
30,20,28079018,01,6
30,20,28079024,01,2
30,20,28079035,01,14
30,20,28079036,01,7
30,20,28079038,01,12
30,20,28079040,01,10
30,20,28079057,01,13
30,20,28079004,06,0.7
30,20,28079016,06,1
30,20,28079018,06,0.7
30,20,28079024,06,0.4
30,20,28079035,06,0.8
30,20,28079036,06,0.8
30,20,28079039,06,0.7
30,20,28079056,06,1
30,20,28079057,06,1
30,20,28079004,07,95
30,20,28079011,07,60
30,20,28079016,07,125
30,20,28079017,07,206
30,20,28079018,07,51
30,20,28079024,07,24
30,20,28079027,07,209
30,20,28079035,07,84
30,20,28079036,07,140
30,20,28079038,07,104
30,20,28079039,07,110
30,20,28079040,07,144
30,20,28079047,07,63
30,20,28079048,07,100
30,20,28079049,07,29
30,20,28079050,07,147
30,20,28079054,07,70
30,20,28079055,07,193
30,20,28079056,07,201
30,20,28079057,07,195
30,20,28079058,07,19
30,20,28079059,07,207
30,20,28079060,07,129
30,20,28079004,08,87
30,20,28079011,08,85
30,20,28079016,08,105
30,20,28079017,08,119
30,20,28079018,08,85
30,20,28079024,08,70
30,20,28079027,08,120
30,20,28079035,08,88
30,20,28079036,08,82
30,20,28079038,08,102
30,20,28079039,08,103
30,20,28079040,08,106
30,20,28079047,08,81
30,20,28079048,08,92
30,20,28079049,08,59
30,20,28079050,08,113
30,20,28079054,08,72
30,20,28079055,08,114
30,20,28079056,08,131
30,20,28079057,08,137
30,20,28079058,08,48
30,20,28079059,08,76
30,20,28079060,08,102
30,20,28079024,09,17
30,20,28079038,09,25
30,20,28079047,09,24
30,20,28079048,09,27
30,20,28079050,09,28
30,20,28079018,10,31
30,20,28079024,10,23
30,20,28079036,10,47
30,20,28079038,10,37
30,20,28079040,10,45
30,20,28079047,10,35
30,20,28079048,10,43
30,20,28079050,10,62
30,20,28079055,10,53
30,20,28079057,10,61
30,20,28079060,10,40
30,20,28079016,14,3
30,20,28079017,14,4
30,20,28079018,14,2
30,20,28079024,14,4
30,20,28079027,14,5
30,20,28079035,14,3
30,20,28079039,14,1
30,20,28079049,14,2
30,20,28079054,14,4
30,20,28079056,14,4
30,20,28079058,14,6
30,20,28079059,14,7
30,20,28079060,14,5
30,20,28079011,20,10
30,20,28079018,20,12.1
30,20,28079024,20,2.6
30,20,28079038,20,7.1
30,20,28079055,20,8
30,20,28079011,30,3.9
30,20,28079018,30,0.9
30,20,28079024,30,1.1
30,20,28079038,30,1.9
30,20,28079055,30,1.5
30,20,28079011,35,2.9
30,20,28079018,35,0.9
30,20,28079024,35,0.5
30,20,28079038,35,1.3
30,20,28079055,35,1.4
30,20,28079024,42,1.49
30,20,28079027,42,1.93
30,20,28079055,42,2.12
30,20,28079024,44,0.29
30,20,28079027,44,0.38
30,20,28079055,44,0.32
30,21,28079004,01,10
30,21,28079017,01,10
30,21,28079018,01,8
30,21,28079024,01,3
30,21,28079035,01,15
30,21,28079036,01,6
30,21,28079038,01,12
30,21,28079040,01,11
30,21,28079057,01,11
30,21,28079004,06,1.1
30,21,28079016,06,1.1
30,21,28079018,06,1
30,21,28079024,06,0.4
30,21,28079035,06,0.9
30,21,28079036,06,0.7
30,21,28079039,06,1
30,21,28079056,06,1.4
30,21,28079057,06,0.7
30,21,28079004,07,141
30,21,28079011,07,65
30,21,28079016,07,130
30,21,28079017,07,289
30,21,28079018,07,129
30,21,28079024,07,47
30,21,28079027,07,254
30,21,28079035,07,103
30,21,28079036,07,99
30,21,28079038,07,118
30,21,28079039,07,181
30,21,28079040,07,156
30,21,28079047,07,70
30,21,28079048,07,127
30,21,28079049,07,51
30,21,28079050,07,147
30,21,28079054,07,218
30,21,28079055,07,298
30,21,28079056,07,269
30,21,28079057,07,125
30,21,28079058,07,15
30,21,28079059,07,196
30,21,28079060,07,185
30,21,28079004,08,99
30,21,28079011,08,86
30,21,28079016,08,108
30,21,28079017,08,135
30,21,28079018,08,108
30,21,28079024,08,78
30,21,28079027,08,133
30,21,28079035,08,92
30,21,28079036,08,81
30,21,28079038,08,107
30,21,28079039,08,119
30,21,28079040,08,111
30,21,28079047,08,81
30,21,28079048,08,98
30,21,28079049,08,62
30,21,28079050,08,118
30,21,28079054,08,89
30,21,28079055,08,140
30,21,28079056,08,150
30,21,28079057,08,114
30,21,28079058,08,41
30,21,28079059,08,78
30,21,28079060,08,110
30,21,28079024,09,19
30,21,28079038,09,24
30,21,28079047,09,21
30,21,28079048,09,24
30,21,28079050,09,26
30,21,28079018,10,40
30,21,28079024,10,27
30,21,28079036,10,34
30,21,28079038,10,35
30,21,28079040,10,46
30,21,28079047,10,31
30,21,28079048,10,37
30,21,28079050,10,59
30,21,28079055,10,64
30,21,28079057,10,46
30,21,28079060,10,36
30,21,28079016,14,3
30,21,28079017,14,4
30,21,28079018,14,2
30,21,28079024,14,4
30,21,28079027,14,5
30,21,28079035,14,3
30,21,28079039,14,1
30,21,28079049,14,2
30,21,28079054,14,5
30,21,28079056,14,3
30,21,28079058,14,4
30,21,28079059,14,6
30,21,28079060,14,6
30,21,28079011,20,8.8
30,21,28079018,20,9.4
30,21,28079024,20,3.3
30,21,28079038,20,10.3
30,21,28079055,20,8.9
30,21,28079011,30,3.9
30,21,28079018,30,1.1
30,21,28079024,30,1.1
30,21,28079038,30,2.6
30,21,28079055,30,2.1
30,21,28079011,35,2.4
30,21,28079018,35,0.8
30,21,28079024,35,0.5
30,21,28079038,35,2
30,21,28079055,35,1.6
30,21,28079024,42,1.53
30,21,28079027,42,1.85
30,21,28079055,42,2.24
30,21,28079024,44,0.31
30,21,28079027,44,0.35
30,21,28079055,44,0.4
30,22,28079004,01,12
30,22,28079017,01,10
30,22,28079018,01,10
30,22,28079024,01,3
30,22,28079035,01,12
30,22,28079036,01,7
30,22,28079038,01,12
30,22,28079040,01,10
30,22,28079057,01,14
30,22,28079004,06,1.4
30,22,28079016,06,1
30,22,28079018,06,1.2
30,22,28079024,06,0.4
30,22,28079035,06,0.6
30,22,28079036,06,0.9
30,22,28079039,06,1.4
30,22,28079056,06,1.3
30,22,28079057,06,1.2
30,22,28079004,07,264
30,22,28079011,07,85
30,22,28079016,07,121
30,22,28079017,07,302
30,22,28079018,07,189
30,22,28079024,07,41
30,22,28079027,07,249
30,22,28079035,07,45
30,22,28079036,07,131
30,22,28079038,07,90
30,22,28079039,07,269
30,22,28079040,07,138
30,22,28079047,07,124
30,22,28079048,07,69
30,22,28079049,07,64
30,22,28079050,07,124
30,22,28079054,07,247
30,22,28079055,07,341
30,22,28079056,07,320
30,22,28079057,07,249
30,22,28079058,07,13
30,22,28079059,07,142
30,22,28079060,07,228
30,22,28079004,08,116
30,22,28079011,08,86
30,22,28079016,08,103
30,22,28079017,08,130
30,22,28079018,08,121
30,22,28079024,08,71
30,22,28079027,08,123
30,22,28079035,08,74
30,22,28079036,08,81
30,22,28079038,08,93
30,22,28079039,08,132
30,22,28079040,08,106
30,22,28079047,08,90
30,22,28079048,08,80
30,22,28079049,08,62
30,22,28079050,08,101
30,22,28079054,08,90
30,22,28079055,08,154
30,22,28079056,08,162
30,22,28079057,08,149
30,22,28079058,08,32
30,22,28079059,08,72
30,22,28079060,08,125
30,22,28079024,09,16
30,22,28079038,09,21
30,22,28079047,09,21
30,22,28079048,09,18
30,22,28079050,09,30
30,22,28079018,10,52
30,22,28079024,10,22
30,22,28079036,10,34
30,22,28079038,10,29
30,22,28079040,10,38
30,22,28079047,10,32
30,22,28079048,10,25
30,22,28079050,10,53
30,22,28079055,10,77
30,22,28079057,10,55
30,22,28079060,10,39
30,22,28079016,14,3
30,22,28079017,14,4
30,22,28079018,14,2
30,22,28079024,14,4
30,22,28079027,14,5
30,22,28079035,14,4
30,22,28079039,14,3
30,22,28079049,14,2
30,22,28079054,14,5
30,22,28079056,14,3
30,22,28079058,14,3
30,22,28079059,14,6
30,22,28079060,14,6
30,22,28079011,20,9.3
30,22,28079018,20,15.7
30,22,28079024,20,4.8
30,22,28079038,20,9.1
30,22,28079055,20,11.7
30,22,28079011,30,4
30,22,28079018,30,1.9
30,22,28079024,30,1.2
30,22,28079038,30,2
30,22,28079055,30,2.9
30,22,28079011,35,2.6
30,22,28079018,35,1.3
30,22,28079024,35,0.7
30,22,28079038,35,1.8
30,22,28079055,35,1.8
30,22,28079024,42,1.52
30,22,28079027,42,1.92
30,22,28079055,42,2.37
30,22,28079024,44,0.31
30,22,28079027,44,0.37
30,22,28079055,44,0.48
30,23,28079004,01,13
30,23,28079017,01,11
30,23,28079018,01,12
30,23,28079024,01,3
30,23,28079035,01,12
30,23,28079036,01,10
30,23,28079038,01,8
30,23,28079040,01,12
30,23,28079057,01,15
30,23,28079004,06,1.6
30,23,28079016,06,1.5
30,23,28079018,06,1.3
30,23,28079024,06,0.4
30,23,28079035,06,0.7
30,23,28079036,06,1
30,23,28079039,06,1.5
30,23,28079056,06,1.2
30,23,28079057,06,1.5
30,23,28079004,07,329
30,23,28079011,07,72
30,23,28079016,07,252
30,23,28079017,07,330
30,23,28079018,07,229
30,23,28079024,07,45
30,23,28079027,07,167
30,23,28079035,07,43
30,23,28079036,07,170
30,23,28079038,07,58
30,23,28079039,07,274
30,23,28079040,07,208
30,23,28079047,07,255
30,23,28079048,07,48
30,23,28079049,07,41
30,23,28079050,07,107
30,23,28079054,07,240
30,23,28079055,07,205
30,23,28079056,07,293
30,23,28079057,07,285
30,23,28079058,07,15
30,23,28079059,07,162
30,23,28079060,07,153
30,23,28079004,08,122
30,23,28079011,08,79
30,23,28079016,08,129
30,23,28079017,08,135
30,23,28079018,08,124
30,23,28079024,08,64
30,23,28079027,08,95
30,23,28079035,08,73
30,23,28079036,08,82
30,23,28079038,08,80
30,23,28079039,08,126
30,23,28079040,08,121
30,23,28079047,08,118
30,23,28079048,08,74
30,23,28079049,08,61
30,23,28079050,08,92
30,23,28079054,08,82
30,23,28079055,08,108
30,23,28079056,08,153
30,23,28079057,08,151
30,23,28079058,08,31
30,23,28079059,08,68
30,23,28079060,08,103
30,23,28079024,09,16
30,23,28079038,09,15
30,23,28079047,09,34
30,23,28079048,09,14
30,23,28079050,09,23
30,23,28079018,10,47
30,23,28079024,10,21
30,23,28079036,10,31
30,23,28079038,10,22
30,23,28079040,10,47
30,23,28079047,10,51
30,23,28079048,10,18
30,23,28079050,10,42
30,23,28079055,10,50
30,23,28079057,10,61
30,23,28079060,10,36
30,23,28079016,14,4
30,23,28079017,14,4
30,23,28079018,14,2
30,23,28079024,14,4
30,23,28079027,14,5
30,23,28079035,14,4
30,23,28079039,14,2
30,23,28079049,14,2
30,23,28079054,14,5
30,23,28079056,14,4
30,23,28079058,14,2
30,23,28079059,14,7
30,23,28079060,14,9
30,23,28079011,20,9.5
30,23,28079018,20,11.5
30,23,28079024,20,4.7
30,23,28079038,20,7.9
30,23,28079055,20,9.6
30,23,28079011,30,4
30,23,28079018,30,2.1
30,23,28079024,30,1.4
30,23,28079038,30,2.1
30,23,28079055,30,2.3
30,23,28079011,35,2.6
30,23,28079018,35,1.1
30,23,28079024,35,1
30,23,28079038,35,1.6
30,23,28079055,35,1.9
30,23,28079024,42,1.52
30,23,28079027,42,1.78
30,23,28079055,42,2.25
30,23,28079024,44,0.31
30,23,28079027,44,0.29
30,23,28079055,44,0.45
30,24,28079004,01,12
30,24,28079017,01,11
30,24,28079018,01,10
30,24,28079024,01,3
30,24,28079035,01,14
30,24,28079036,01,11
30,24,28079038,01,9
30,24,28079040,01,11
30,24,28079057,01,11
30,24,28079004,06,1.4
30,24,28079016,06,1.2
30,24,28079018,06,1.2
30,24,28079024,06,0.4
30,24,28079035,06,1
30,24,28079036,06,1.2
30,24,28079039,06,1.4
30,24,28079056,06,1.9
30,24,28079057,06,0.8
30,24,28079004,07,297
30,24,28079011,07,222
30,24,28079016,07,224
30,24,28079017,07,335
30,24,28079018,07,215
30,24,28079024,07,51
30,24,28079027,07,140
30,24,28079035,07,192
30,24,28079036,07,237
30,24,28079038,07,148
30,24,28079039,07,284
30,24,28079040,07,154
30,24,28079047,07,318
30,24,28079048,07,127
30,24,28079049,07,124
30,24,28079050,07,221
30,24,28079054,07,326
30,24,28079055,07,161
30,24,28079056,07,464
30,24,28079057,07,157
30,24,28079058,07,15
30,24,28079059,07,121
30,24,28079060,07,183
30,24,28079004,08,96
30,24,28079011,08,120
30,24,28079016,08,120
30,24,28079017,08,120
30,24,28079018,08,105
30,24,28079024,08,53
30,24,28079027,08,88
30,24,28079035,08,107
30,24,28079036,08,101
30,24,28079038,08,101
30,24,28079039,08,127
30,24,28079040,08,102
30,24,28079047,08,123
30,24,28079048,08,91
30,24,28079049,08,68
30,24,28079050,08,125
30,24,28079054,08,96
30,24,28079055,08,91
30,24,28079056,08,192
30,24,28079057,08,111
30,24,28079058,08,24
30,24,28079059,08,53
30,24,28079060,08,116
30,24,28079024,09,13
30,24,28079038,09,24
30,24,28079047,09,36
30,24,28079048,09,22
30,24,28079050,09,34
30,24,28079018,10,38
30,24,28079024,10,18
30,24,28079036,10,44
30,24,28079038,10,31
30,24,28079040,10,42
30,24,28079047,10,53
30,24,28079048,10,32
30,24,28079050,10,58
30,24,28079055,10,35
30,24,28079057,10,45
30,24,28079060,10,57
30,24,28079016,14,3
30,24,28079017,14,4
30,24,28079018,14,2
30,24,28079024,14,3
30,24,28079027,14,5
30,24,28079035,14,3
30,24,28079039,14,1
30,24,28079049,14,2
30,24,28079054,14,5
30,24,28079056,14,4
30,24,28079058,14,2
30,24,28079059,14,6
30,24,28079060,14,9
30,24,28079011,20,11.2
30,24,28079018,20,8.1
30,24,28079024,20,3.9
30,24,28079038,20,12.8
30,24,28079055,20,7.5
30,24,28079011,30,4.5
30,24,28079018,30,1.7
30,24,28079024,30,1.2
30,24,28079038,30,3.2
30,24,28079055,30,1.9
30,24,28079011,35,3.2
30,24,28079018,35,0.7
30,24,28079024,35,0.8
30,24,28079038,35,2.3
30,24,28079055,35,1.6
30,24,28079024,42,1.5
30,24,28079027,42,1.82
30,24,28079055,42,2.15
30,24,28079024,44,0.31
30,24,28079027,44,0.31
30,24,28079055,44,0.36
30,3,28079004,01,6
30,3,28079017,01,7
30,3,28079018,01,5
30,3,28079024,01,3
30,3,28079035,01,12
30,3,28079036,01,2
30,3,28079038,01,7
30,3,28079040,01,7
30,3,28079057,01,5
30,3,28079004,06,0.7
30,3,28079016,06,0.4
30,3,28079018,06,0.6
30,3,28079024,06,0.5
30,3,28079035,06,0.7
30,3,28079036,06,0.4
30,3,28079039,06,0.5
30,3,28079056,06,0.6
30,3,28079057,06,0.4
30,3,28079004,07,126
30,3,28079011,07,24
30,3,28079016,07,19
30,3,28079017,07,197
30,3,28079018,07,85
30,3,28079024,07,53
30,3,28079027,07,14
30,3,28079035,07,104
30,3,28079036,07,21
30,3,28079038,07,83
30,3,28079039,07,63
30,3,28079040,07,17
30,3,28079047,07,99
30,3,28079048,07,20
30,3,28079049,07,133
30,3,28079050,07,9
30,3,28079054,07,73
30,3,28079055,07,15
30,3,28079056,07,112
30,3,28079057,07,11
30,3,28079058,07,38
30,3,28079059,07,3
30,3,28079060,07,58
30,3,28079004,08,48
30,3,28079011,08,55
30,3,28079016,08,45
30,3,28079017,08,81
30,3,28079018,08,55
30,3,28079024,08,43
30,3,28079027,08,40
30,3,28079035,08,67
30,3,28079036,08,37
30,3,28079038,08,73
30,3,28079039,08,70
30,3,28079040,08,61
30,3,28079047,08,53
30,3,28079048,08,54
30,3,28079049,08,64
30,3,28079050,08,49
30,3,28079054,08,50
30,3,28079055,08,41
30,3,28079056,08,69
30,3,28079057,08,50
30,3,28079058,08,33
30,3,28079059,08,19
30,3,28079060,08,63
30,3,28079024,09,15
30,3,28079038,09,17
30,3,28079047,09,16
30,3,28079048,09,12
30,3,28079050,09,12
30,3,28079018,10,20
30,3,28079024,10,18
30,3,28079036,10,9
30,3,28079038,10,24
30,3,28079040,10,20
30,3,28079047,10,21
30,3,28079048,10,18
30,3,28079050,10,19
30,3,28079055,10,12
30,3,28079057,10,16
30,3,28079060,10,16
30,3,28079016,14,4
30,3,28079017,14,3
30,3,28079018,14,1
30,3,28079024,14,3
30,3,28079027,14,4
30,3,28079035,14,2
30,3,28079039,14,2
30,3,28079049,14,2
30,3,28079054,14,4
30,3,28079056,14,4
30,3,28079058,14,2
30,3,28079059,14,12
30,3,28079060,14,4
30,3,28079011,20,8.3
30,3,28079018,20,3.7
30,3,28079024,20,4.1
30,3,28079038,20,13.3
30,3,28079055,20,1.8
30,3,28079011,30,3.9
30,3,28079018,30,0.7
30,3,28079024,30,1.3
30,3,28079038,30,2.3
30,3,28079055,30,0.7
30,3,28079011,35,1.4
30,3,28079018,35,0.3
30,3,28079024,35,0.9
30,3,28079038,35,2.7
30,3,28079055,35,0.7
30,3,28079024,42,1.58
30,3,28079027,42,1.5
30,3,28079055,42,1.7
30,3,28079024,44,0.34
30,3,28079027,44,0.18
30,3,28079055,44,0.19
30,4,28079004,01,5
30,4,28079017,01,7
30,4,28079018,01,4
30,4,28079024,01,3
30,4,28079035,01,12
30,4,28079036,01,2
30,4,28079038,01,4
30,4,28079040,01,7
30,4,28079057,01,5
30,4,28079004,06,0.6
30,4,28079016,06,0.3
30,4,28079018,06,0.5
30,4,28079024,06,0.5
30,4,28079035,06,0.8
30,4,28079036,06,0.3
30,4,28079039,06,0.3
30,4,28079056,06,0.5
30,4,28079057,06,0.4
30,4,28079004,07,107
30,4,28079011,07,7
30,4,28079016,07,5
30,4,28079017,07,206
30,4,28079018,07,67
30,4,28079024,07,52
30,4,28079027,07,7
30,4,28079035,07,106
30,4,28079036,07,20
30,4,28079038,07,22
30,4,28079039,07,16
30,4,28079040,07,9
30,4,28079047,07,92
30,4,28079048,07,5
30,4,28079049,07,32
30,4,28079050,07,9
30,4,28079054,07,73
30,4,28079055,07,8
30,4,28079056,07,84
30,4,28079057,07,5
30,4,28079058,07,31
30,4,28079059,07,3
30,4,28079060,07,16
30,4,28079004,08,41
30,4,28079011,08,44
30,4,28079016,08,37
30,4,28079017,08,72
30,4,28079018,08,48
30,4,28079024,08,39
30,4,28079027,08,31
30,4,28079035,08,57
30,4,28079036,08,35
30,4,28079038,08,58
30,4,28079039,08,49
30,4,28079040,08,52
30,4,28079047,08,48
30,4,28079048,08,42
30,4,28079049,08,46
30,4,28079050,08,44
30,4,28079054,08,44
30,4,28079055,08,34
30,4,28079056,08,58
30,4,28079057,08,41
30,4,28079058,08,28
30,4,28079059,08,20
30,4,28079060,08,45
30,4,28079024,09,13
30,4,28079038,09,12
30,4,28079047,09,16
30,4,28079048,09,8
30,4,28079050,09,11
30,4,28079018,10,18
30,4,28079024,10,16
30,4,28079036,10,10
30,4,28079038,10,17
30,4,28079040,10,18
30,4,28079047,10,19
30,4,28079048,10,13
30,4,28079050,10,17
30,4,28079055,10,12
30,4,28079057,10,12
30,4,28079060,10,11
30,4,28079016,14,5
30,4,28079017,14,3
30,4,28079018,14,1
30,4,28079024,14,3
30,4,28079027,14,5
30,4,28079035,14,1
30,4,28079039,14,2
30,4,28079049,14,1
30,4,28079054,14,4
30,4,28079056,14,4
30,4,28079058,14,2
30,4,28079059,14,9
30,4,28079060,14,3
30,4,28079011,20,6.3
30,4,28079018,20,4.1
30,4,28079024,20,3.8
30,4,28079038,20,6.7
30,4,28079055,20,1.6
30,4,28079011,30,3
30,4,28079018,30,0.7
30,4,28079024,30,1.2
30,4,28079038,30,0.9
30,4,28079055,30,0.6
30,4,28079011,35,1
30,4,28079018,35,0.3
30,4,28079024,35,0.8
30,4,28079038,35,1.1
30,4,28079055,35,1
30,4,28079024,42,1.58
30,4,28079027,42,1.44
30,4,28079055,42,1.66
30,4,28079024,44,0.34
30,4,28079027,44,0.16
30,4,28079055,44,0.17
30,5,28079004,01,4
30,5,28079017,01,7
30,5,28079018,01,4
30,5,28079024,01,3
30,5,28079035,01,12
30,5,28079036,01,2
30,5,28079038,01,4
30,5,28079040,01,6
30,5,28079057,01,5
30,5,28079004,06,0.5
30,5,28079016,06,0.3
30,5,28079018,06,0.5
30,5,28079024,06,0.5
30,5,28079035,06,0.7
30,5,28079036,06,0.3
30,5,28079039,06,0.3
30,5,28079056,06,0.5
30,5,28079057,06,0.3
30,5,28079004,07,84
30,5,28079011,07,3
30,5,28079016,07,8
30,5,28079017,07,215
30,5,28079018,07,73
30,5,28079024,07,63
30,5,28079027,07,4
30,5,28079035,07,92
30,5,28079036,07,14
30,5,28079038,07,13
30,5,28079039,07,16
30,5,28079040,07,7
30,5,28079047,07,80
30,5,28079048,07,4
30,5,28079049,07,14
30,5,28079050,07,8
30,5,28079054,07,101
30,5,28079055,07,5
30,5,28079056,07,91
30,5,28079057,07,3
30,5,28079058,07,29
30,5,28079059,07,2
30,5,28079060,07,9
30,5,28079004,08,38
30,5,28079011,08,43
30,5,28079016,08,40
30,5,28079017,08,66
30,5,28079018,08,45
30,5,28079024,08,36
30,5,28079027,08,24
30,5,28079035,08,53
30,5,28079036,08,31
30,5,28079038,08,52
30,5,28079039,08,51
30,5,28079040,08,47
30,5,28079047,08,43
30,5,28079048,08,42
30,5,28079049,08,35
30,5,28079050,08,46
30,5,28079054,08,42
30,5,28079055,08,29
30,5,28079056,08,55
30,5,28079057,08,37
30,5,28079058,08,27
30,5,28079059,08,13
30,5,28079060,08,40
30,5,28079024,09,14
30,5,28079038,09,9
30,5,28079047,09,15
30,5,28079048,09,6
30,5,28079050,09,11
30,5,28079018,10,16
30,5,28079024,10,17
30,5,28079036,10,7
30,5,28079038,10,15
30,5,28079040,10,15
30,5,28079047,10,18
30,5,28079048,10,11
30,5,28079050,10,17
30,5,28079055,10,8
30,5,28079057,10,10
30,5,28079060,10,7
30,5,28079016,14,4
30,5,28079017,14,4
30,5,28079018,14,1
30,5,28079024,14,3
30,5,28079027,14,7
30,5,28079035,14,1
30,5,28079039,14,2
30,5,28079049,14,1
30,5,28079054,14,4
30,5,28079056,14,4
30,5,28079058,14,2
30,5,28079059,14,12
30,5,28079060,14,3
30,5,28079011,20,6
30,5,28079018,20,3.2
30,5,28079024,20,3.8
30,5,28079038,20,7.6
30,5,28079055,20,1.3
30,5,28079011,30,2.6
30,5,28079018,30,0.6
30,5,28079024,30,1.2
30,5,28079038,30,0.8
30,5,28079055,30,0.5
30,5,28079011,35,0.7
30,5,28079018,35,0.2
30,5,28079024,35,0.7
30,5,28079038,35,0.8
30,5,28079055,35,1
30,5,28079024,42,1.61
30,5,28079027,42,1.38
30,5,28079055,42,1.62
30,5,28079024,44,0.36
30,5,28079027,44,0.15
30,5,28079055,44,0.17
30,6,28079004,01,4
30,6,28079017,01,7
30,6,28079018,01,4
30,6,28079024,01,3
30,6,28079035,01,11
30,6,28079036,01,2
30,6,28079038,01,4
30,6,28079040,01,6
30,6,28079057,01,4
30,6,28079004,06,0.5
30,6,28079016,06,0.3
30,6,28079018,06,0.6
30,6,28079024,06,0.5
30,6,28079035,06,0.7
30,6,28079036,06,0.3
30,6,28079039,06,0.3
30,6,28079056,06,0.5
30,6,28079057,06,0.4
30,6,28079004,07,77
30,6,28079011,07,7
30,6,28079016,07,4
30,6,28079017,07,202
30,6,28079018,07,69
30,6,28079024,07,68
30,6,28079027,07,12
30,6,28079035,07,78
30,6,28079036,07,17
30,6,28079038,07,11
30,6,28079039,07,38
30,6,28079040,07,8
30,6,28079047,07,74
30,6,28079048,07,6
30,6,28079049,07,10
30,6,28079050,07,9
30,6,28079054,07,64
30,6,28079055,07,12
30,6,28079056,07,87
30,6,28079057,07,4
30,6,28079058,07,23
30,6,28079059,07,2
30,6,28079060,07,5
30,6,28079004,08,33
30,6,28079011,08,43
30,6,28079016,08,32
30,6,28079017,08,67
30,6,28079018,08,44
30,6,28079024,08,34
30,6,28079027,08,28
30,6,28079035,08,44
30,6,28079036,08,29
30,6,28079038,08,53
30,6,28079039,08,51
30,6,28079040,08,46
30,6,28079047,08,39
30,6,28079048,08,43
30,6,28079049,08,37
30,6,28079050,08,45
30,6,28079054,08,37
30,6,28079055,08,32
30,6,28079056,08,54
30,6,28079057,08,38
30,6,28079058,08,24
30,6,28079059,08,11
30,6,28079060,08,39
30,6,28079024,09,16
30,6,28079038,09,13
30,6,28079047,09,16
30,6,28079048,09,8
30,6,28079050,09,11
30,6,28079018,10,18
30,6,28079024,10,18
30,6,28079036,10,8
30,6,28079038,10,17
30,6,28079040,10,16
30,6,28079047,10,18
30,6,28079048,10,10
30,6,28079050,10,18
30,6,28079055,10,9
30,6,28079057,10,14
30,6,28079060,10,11
30,6,28079016,14,7
30,6,28079017,14,5
30,6,28079018,14,1
30,6,28079024,14,3
30,6,28079027,14,7
30,6,28079035,14,2
30,6,28079039,14,2
30,6,28079049,14,1
30,6,28079054,14,3
30,6,28079056,14,3
30,6,28079058,14,2
30,6,28079059,14,13
30,6,28079060,14,3
30,6,28079011,20,6.2
30,6,28079018,20,3.8
30,6,28079024,20,4.1
30,6,28079038,20,6.5
30,6,28079055,20,1.2
30,6,28079011,30,2.5
30,6,28079018,30,0.8
30,6,28079024,30,1.3
30,6,28079038,30,0.7
30,6,28079055,30,0.5
30,6,28079011,35,0.7
30,6,28079018,35,0.3
30,6,28079024,35,0.7
30,6,28079038,35,0.8
30,6,28079055,35,1
30,6,28079024,42,1.63
30,6,28079027,42,1.36
30,6,28079055,42,1.64
30,6,28079024,44,0.37
30,6,28079027,44,0.15
30,6,28079055,44,0.17
30,7,28079004,01,5
30,7,28079017,01,8
30,7,28079018,01,4
30,7,28079024,01,3
30,7,28079035,01,12
30,7,28079036,01,2
30,7,28079038,01,5
30,7,28079040,01,7
30,7,28079057,01,5
30,7,28079004,06,0.5
30,7,28079016,06,0.3
30,7,28079018,06,0.7
30,7,28079024,06,0.5
30,7,28079035,06,0.7
30,7,28079036,06,0.4
30,7,28079039,06,0.4
30,7,28079056,06,0.7
30,7,28079057,06,0.4
30,7,28079004,07,106
30,7,28079011,07,11
30,7,28079016,07,12
30,7,28079017,07,240
30,7,28079018,07,84
30,7,28079024,07,60
30,7,28079027,07,51
30,7,28079035,07,94
30,7,28079036,07,44
30,7,28079038,07,49
30,7,28079039,07,70
30,7,28079040,07,26
30,7,28079047,07,71
30,7,28079048,07,11
30,7,28079049,07,8
30,7,28079050,07,24
30,7,28079054,07,97
30,7,28079055,07,44
30,7,28079056,07,148
30,7,28079057,07,15
30,7,28079058,07,25
30,7,28079059,07,8
30,7,28079060,07,20
30,7,28079004,08,39
30,7,28079011,08,42
30,7,28079016,08,34
30,7,28079017,08,71
30,7,28079018,08,44
30,7,28079024,08,33
30,7,28079027,08,43
30,7,28079035,08,45
30,7,28079036,08,29
30,7,28079038,08,60
30,7,28079039,08,52
30,7,28079040,08,51
30,7,28079047,08,37
30,7,28079048,08,44
30,7,28079049,08,31
30,7,28079050,08,47
30,7,28079054,08,36
30,7,28079055,08,40
30,7,28079056,08,72
30,7,28079057,08,45
30,7,28079058,08,22
30,7,28079059,08,16
30,7,28079060,08,44
30,7,28079024,09,16
30,7,28079038,09,14
30,7,28079047,09,15
30,7,28079048,09,8
30,7,28079050,09,11
30,7,28079018,10,18
30,7,28079024,10,17
30,7,28079036,10,8
30,7,28079038,10,19
30,7,28079040,10,17
30,7,28079047,10,17
30,7,28079048,10,14
30,7,28079050,10,18
30,7,28079055,10,9
30,7,28079057,10,13
30,7,28079060,10,13
30,7,28079016,14,5
30,7,28079017,14,4
30,7,28079018,14,2
30,7,28079024,14,3
30,7,28079027,14,4
30,7,28079035,14,1
30,7,28079039,14,2
30,7,28079049,14,1
30,7,28079054,14,3
30,7,28079056,14,4
30,7,28079058,14,2
30,7,28079059,14,8
30,7,28079060,14,3
30,7,28079011,20,5.9
30,7,28079018,20,3.1
30,7,28079024,20,4.4
30,7,28079038,20,8.2
30,7,28079055,20,1
30,7,28079011,30,2.6
30,7,28079018,30,0.7
30,7,28079024,30,1.4
30,7,28079038,30,1.2
30,7,28079055,30,0.4
30,7,28079011,35,0.7
30,7,28079018,35,0.2
30,7,28079024,35,0.8
30,7,28079038,35,1.1
30,7,28079055,35,1
30,7,28079024,42,1.63
30,7,28079027,42,1.57
30,7,28079055,42,1.66
30,7,28079024,44,0.37
30,7,28079027,44,0.18
30,7,28079055,44,0.17
30,8,28079004,01,7
30,8,28079017,01,10
30,8,28079018,01,5
30,8,28079024,01,2
30,8,28079035,01,14
30,8,28079036,01,3
30,8,28079038,01,7
30,8,28079040,01,10
30,8,28079057,01,6
30,8,28079004,06,0.9
30,8,28079016,06,0.6
30,8,28079018,06,0.8
30,8,28079024,06,0.4
30,8,28079035,06,0.8
30,8,28079036,06,0.6
30,8,28079039,06,1
30,8,28079056,06,1.1
30,8,28079057,06,0.5
30,8,28079004,07,222
30,8,28079011,07,38
30,8,28079016,07,85
30,8,28079017,07,320
30,8,28079018,07,118
30,8,28079024,07,40
30,8,28079027,07,107
30,8,28079035,07,111
30,8,28079036,07,103
30,8,28079038,07,126
30,8,28079039,07,251
30,8,28079040,07,124
30,8,28079047,07,119
30,8,28079048,07,39
30,8,28079049,07,20
30,8,28079050,07,62
30,8,28079054,07,185
30,8,28079055,07,83
30,8,28079056,07,241
30,8,28079057,07,74
30,8,28079058,07,74
30,8,28079059,07,21
30,8,28079060,07,70
30,8,28079004,08,68
30,8,28079011,08,51
30,8,28079016,08,54
30,8,28079017,08,85
30,8,28079018,08,51
30,8,28079024,08,32
30,8,28079027,08,58
30,8,28079035,08,50
30,8,28079036,08,47
30,8,28079038,08,82
30,8,28079039,08,92
30,8,28079040,08,68
30,8,28079047,08,48
30,8,28079048,08,50
30,8,28079049,08,30
30,8,28079050,08,56
30,8,28079054,08,49
30,8,28079055,08,50
30,8,28079056,08,100
30,8,28079057,08,59
30,8,28079058,08,33
30,8,28079059,08,20
30,8,28079060,08,57
30,8,28079024,09,14
30,8,28079038,09,20
30,8,28079047,09,18
30,8,28079048,09,12
30,8,28079050,09,15
30,8,28079018,10,30
30,8,28079024,10,16
30,8,28079036,10,14
30,8,28079038,10,26
30,8,28079040,10,26
30,8,28079047,10,22
30,8,28079048,10,17
30,8,28079050,10,27
30,8,28079055,10,15
30,8,28079057,10,21
30,8,28079060,10,21
30,8,28079016,14,3
30,8,28079017,14,3
30,8,28079018,14,2
30,8,28079024,14,3
30,8,28079027,14,4
30,8,28079035,14,2
30,8,28079039,14,2
30,8,28079049,14,1
30,8,28079054,14,4
30,8,28079056,14,4
30,8,28079058,14,3
30,8,28079059,14,6
30,8,28079060,14,4
30,8,28079011,20,5.3
30,8,28079018,20,4.5
30,8,28079024,20,4.4
30,8,28079038,20,8.5
30,8,28079055,20,1.6
30,8,28079011,30,2.4
30,8,28079018,30,0.9
30,8,28079024,30,1.3
30,8,28079038,30,1.6
30,8,28079055,30,0.8
30,8,28079011,35,0.6
30,8,28079018,35,0.3
30,8,28079024,35,0.7
30,8,28079038,35,1.2
30,8,28079055,35,1
30,8,28079024,42,1.62
30,8,28079027,42,1.68
30,8,28079055,42,1.82
30,8,28079024,44,0.36
30,8,28079027,44,0.24
30,8,28079055,44,0.22
30,9,28079004,01,10
30,9,28079017,01,11
30,9,28079018,01,8
30,9,28079024,01,3
30,9,28079035,01,20
30,9,28079036,01,7
30,9,28079038,01,10
30,9,28079040,01,13
30,9,28079057,01,9
30,9,28079004,06,1.4
30,9,28079016,06,0.7
30,9,28079018,06,1.2
30,9,28079024,06,0.4
30,9,28079035,06,1.2
30,9,28079036,06,1.3
30,9,28079039,06,1.9
30,9,28079056,06,1.2
30,9,28079057,06,1
30,9,28079004,07,330
30,9,28079011,07,121
30,9,28079016,07,142
30,9,28079017,07,385
30,9,28079018,07,177
30,9,28079024,07,51
30,9,28079027,07,168
30,9,28079035,07,222
30,9,28079036,07,235
30,9,28079038,07,176
30,9,28079039,07,460
30,9,28079040,07,220
30,9,28079047,07,190
30,9,28079048,07,131
30,9,28079049,07,99
30,9,28079050,07,163
30,9,28079054,07,169
30,9,28079055,07,193
30,9,28079056,07,254
30,9,28079057,07,187
30,9,28079058,07,63
30,9,28079059,07,62
30,9,28079060,07,131
30,9,28079004,08,94
30,9,28079011,08,76
30,9,28079016,08,70
30,9,28079017,08,97
30,9,28079018,08,69
30,9,28079024,08,36
30,9,28079027,08,81
30,9,28079035,08,81
30,9,28079036,08,82
30,9,28079038,08,86
30,9,28079039,08,152
30,9,28079040,08,97
30,9,28079047,08,66
30,9,28079048,08,76
30,9,28079049,08,40
30,9,28079050,08,88
30,9,28079054,08,52
30,9,28079055,08,87
30,9,28079056,08,108
30,9,28079057,08,89
30,9,28079058,08,31
30,9,28079059,08,22
30,9,28079060,08,77
30,9,28079024,09,15
30,9,28079038,09,23
30,9,28079047,09,23
30,9,28079048,09,18
30,9,28079050,09,21
30,9,28079018,10,31
30,9,28079024,10,16
30,9,28079036,10,23
30,9,28079038,10,31
30,9,28079040,10,35
30,9,28079047,10,31
30,9,28079048,10,31
30,9,28079050,10,34
30,9,28079055,10,25
30,9,28079057,10,30
30,9,28079060,10,24
30,9,28079016,14,3
30,9,28079017,14,4
30,9,28079018,14,2
30,9,28079024,14,3
30,9,28079027,14,4
30,9,28079035,14,2
30,9,28079039,14,2
30,9,28079049,14,1
30,9,28079054,14,5
30,9,28079056,14,4
30,9,28079058,14,3
30,9,28079059,14,6
30,9,28079060,14,4
30,9,28079011,20,6.3
30,9,28079018,20,5.5
30,9,28079024,20,3.9
30,9,28079038,20,13.3
30,9,28079055,20,2.4
30,9,28079011,30,3.2
30,9,28079018,30,1.3
30,9,28079024,30,1.1
30,9,28079038,30,2.7
30,9,28079055,30,1.1
30,9,28079011,35,1
30,9,28079018,35,0.4
30,9,28079024,35,0.7
30,9,28079038,35,2.3
30,9,28079055,35,0.5
30,9,28079024,42,1.64
30,9,28079027,42,1.66
30,9,28079055,42,1.91
30,9,28079024,44,0.36
30,9,28079027,44,0.24
30,9,28079055,44,0.27
31,1,28079004,01,8
31,1,28079017,01,10
31,1,28079018,01,6
31,1,28079024,01,3
31,1,28079035,01,15
31,1,28079036,01,9
31,1,28079038,01,11
31,1,28079040,01,10
31,1,28079057,01,10
31,1,28079004,06,0.8
31,1,28079016,06,1
31,1,28079018,06,0.7
31,1,28079024,06,0.5
31,1,28079035,06,1.2
31,1,28079036,06,1.1
31,1,28079039,06,1.5
31,1,28079056,06,0.7
31,1,28079057,06,0.8
31,1,28079004,07,174
31,1,28079011,07,218
31,1,28079016,07,180
31,1,28079017,07,309
31,1,28079018,07,112
31,1,28079024,07,66
31,1,28079027,07,135
31,1,28079035,07,212
31,1,28079036,07,269
31,1,28079038,07,210
31,1,28079039,07,338
31,1,28079040,07,133
31,1,28079047,07,242
31,1,28079048,07,238
31,1,28079049,07,207
31,1,28079050,07,164
31,1,28079054,07,173
31,1,28079055,07,224
31,1,28079056,07,135
31,1,28079057,07,125
31,1,28079058,07,10
31,1,28079059,07,93
31,1,28079060,07,137
31,1,28079004,08,68
31,1,28079011,08,117
31,1,28079016,08,103
31,1,28079017,08,112
31,1,28079018,08,70
31,1,28079024,08,48
31,1,28079027,08,80
31,1,28079035,08,93
31,1,28079036,08,112
31,1,28079038,08,105
31,1,28079039,08,132
31,1,28079040,08,92
31,1,28079047,08,93
31,1,28079048,08,124
31,1,28079049,08,76
31,1,28079050,08,103
31,1,28079054,08,74
31,1,28079055,08,100
31,1,28079056,08,85
31,1,28079057,08,94
31,1,28079058,08,20
31,1,28079059,08,42
31,1,28079060,08,97
31,1,28079024,09,14
31,1,28079038,09,29
31,1,28079047,09,33
31,1,28079048,09,37
31,1,28079050,09,33
31,1,28079018,10,30
31,1,28079024,10,19
31,1,28079036,10,39
31,1,28079038,10,38
31,1,28079040,10,33
31,1,28079047,10,42
31,1,28079048,10,43
31,1,28079050,10,53
31,1,28079055,10,41
31,1,28079057,10,37
31,1,28079060,10,25
31,1,28079016,14,3
31,1,28079017,14,4
31,1,28079018,14,1
31,1,28079024,14,3
31,1,28079027,14,5
31,1,28079035,14,3
31,1,28079039,14,1
31,1,28079049,14,2
31,1,28079054,14,4
31,1,28079056,14,3
31,1,28079058,14,2
31,1,28079059,14,6
31,1,28079060,14,6
31,1,28079011,20,16.2
31,1,28079018,20,7.3
31,1,28079024,20,3.6
31,1,28079038,20,20.7
31,1,28079055,20,7.5
31,1,28079011,30,5.5
31,1,28079018,30,1.3
31,1,28079024,30,1.2
31,1,28079038,30,4.1
31,1,28079055,30,2.1
31,1,28079011,35,5
31,1,28079018,35,0.6
31,1,28079024,35,0.7
31,1,28079038,35,3.4
31,1,28079055,35,1.3
31,1,28079024,42,1.52
31,1,28079027,42,1.74
31,1,28079055,42,2.22
31,1,28079024,44,0.32
31,1,28079027,44,0.29
31,1,28079055,44,0.41
31,10,28079004,01,11
31,10,28079017,01,15
31,10,28079018,01,9
31,10,28079024,01,3
31,10,28079035,01,26
31,10,28079036,01,9
31,10,28079038,01,9
31,10,28079040,01,10
31,10,28079057,01,8
31,10,28079004,06,1.3
31,10,28079016,06,0.8
31,10,28079018,06,1.2
31,10,28079024,06,0.4
31,10,28079035,06,1.2
31,10,28079036,06,1.3
31,10,28079039,06,0.8
31,10,28079056,06,1.3
31,10,28079057,06,0.7
31,10,28079004,07,352
31,10,28079011,07,133
31,10,28079016,07,171
31,10,28079017,07,552
31,10,28079018,07,209
31,10,28079024,07,53
31,10,28079027,07,171
31,10,28079035,07,261
31,10,28079036,07,230
31,10,28079038,07,152
31,10,28079039,07,195
31,10,28079040,07,109
31,10,28079047,07,206
31,10,28079048,07,118
31,10,28079049,07,120
31,10,28079050,07,108
31,10,28079054,07,215
31,10,28079055,07,242
31,10,28079056,07,339
31,10,28079057,07,124
31,10,28079058,07,47
31,10,28079059,07,86
31,10,28079060,07,181
31,10,28079004,08,124
31,10,28079011,08,81
31,10,28079016,08,85
31,10,28079017,08,134
31,10,28079018,08,76
31,10,28079024,08,24
31,10,28079027,08,87
31,10,28079035,08,96
31,10,28079036,08,97
31,10,28079038,08,84
31,10,28079039,08,99
31,10,28079040,08,62
31,10,28079047,08,62
31,10,28079048,08,73
31,10,28079049,08,52
31,10,28079050,08,71
31,10,28079054,08,46
31,10,28079055,08,99
31,10,28079056,08,132
31,10,28079057,08,72
31,10,28079058,08,20
31,10,28079059,08,14
31,10,28079060,08,93
31,10,28079024,09,18
31,10,28079038,09,28
31,10,28079047,09,32
31,10,28079048,09,27
31,10,28079050,09,23
31,10,28079018,10,47
31,10,28079024,10,18
31,10,28079036,10,44
31,10,28079038,10,34
31,10,28079040,10,28
31,10,28079047,10,39
31,10,28079048,10,56
31,10,28079050,10,35
31,10,28079055,10,40
31,10,28079057,10,30
31,10,28079060,10,34
31,10,28079016,14,4
31,10,28079017,14,3
31,10,28079018,14,2
31,10,28079024,14,4
31,10,28079027,14,5
31,10,28079035,14,2
31,10,28079039,14,2
31,10,28079049,14,2
31,10,28079054,14,4
31,10,28079056,14,4
31,10,28079058,14,4
31,10,28079059,14,8
31,10,28079060,14,5
31,10,28079011,20,9
31,10,28079018,20,6.8
31,10,28079024,20,3.7
31,10,28079038,20,10.6
31,10,28079055,20,6.4
31,10,28079011,30,4.1
31,10,28079018,30,1.7
31,10,28079024,30,1.1
31,10,28079038,30,2.3
31,10,28079055,30,2.5
31,10,28079011,35,1.3
31,10,28079018,35,0.6
31,10,28079024,35,0.6
31,10,28079038,35,2.3
31,10,28079055,35,1.2
31,10,28079024,42,1.7
31,10,28079027,42,1.65
31,10,28079055,42,2.11
31,10,28079024,44,0.36
31,10,28079027,44,0.25
31,10,28079055,44,0.37
31,11,28079004,01,14
31,11,28079017,01,11
31,11,28079018,01,10
31,11,28079024,01,4
31,11,28079035,01,26
31,11,28079036,01,13
31,11,28079038,01,11
31,11,28079040,01,8
31,11,28079057,01,7
31,11,28079004,06,1.4
31,11,28079016,06,0.7
31,11,28079018,06,0.9
31,11,28079024,06,0.5
31,11,28079035,06,1.3
31,11,28079036,06,0.9
31,11,28079039,06,0.6
31,11,28079056,06,1.1
31,11,28079057,06,0.5
31,11,28079004,07,357
31,11,28079011,07,96
31,11,28079016,07,114
31,11,28079017,07,331
31,11,28079018,07,183
31,11,28079024,07,94
31,11,28079027,07,117
31,11,28079035,07,270
31,11,28079036,07,121
31,11,28079038,07,131
31,11,28079039,07,121
31,11,28079040,07,79
31,11,28079047,07,232
31,11,28079048,07,106
31,11,28079049,07,113
31,11,28079050,07,74
31,11,28079054,07,155
31,11,28079055,07,94
31,11,28079056,07,293
31,11,28079057,07,70
31,11,28079058,07,44
31,11,28079059,07,59
31,11,28079060,07,96
31,11,28079004,08,130
31,11,28079011,08,68
31,11,28079016,08,67
31,11,28079017,08,128
31,11,28079018,08,86
31,11,28079024,08,35
31,11,28079027,08,68
31,11,28079035,08,107
31,11,28079036,08,62
31,11,28079038,08,79
31,11,28079039,08,77
31,11,28079040,08,45
31,11,28079047,08,80
31,11,28079048,08,67
31,11,28079049,08,58
31,11,28079050,08,56
31,11,28079054,08,44
31,11,28079055,08,60
31,11,28079056,08,129
31,11,28079057,08,49
31,11,28079058,08,23
31,11,28079059,08,24
31,11,28079060,08,66
31,11,28079024,09,32
31,11,28079038,09,30
31,11,28079047,09,34
31,11,28079048,09,20
31,11,28079050,09,19
31,11,28079018,10,50
31,11,28079024,10,30
31,11,28079036,10,48
31,11,28079038,10,36
31,11,28079040,10,35
31,11,28079048,10,43
31,11,28079050,10,29
31,11,28079055,10,33
31,11,28079057,10,34
31,11,28079060,10,51
31,11,28079016,14,6
31,11,28079017,14,4
31,11,28079018,14,3
31,11,28079024,14,6
31,11,28079027,14,8
31,11,28079035,14,3
31,11,28079039,14,4
31,11,28079049,14,3
31,11,28079054,14,5
31,11,28079056,14,3
31,11,28079058,14,6
31,11,28079059,14,12
31,11,28079060,14,9
31,11,28079011,20,9.4
31,11,28079018,20,7
31,11,28079024,20,3.5
31,11,28079038,20,12.2
31,11,28079055,20,4.5
31,11,28079011,30,4.1
31,11,28079018,30,1.4
31,11,28079024,30,1.1
31,11,28079038,30,2.5
31,11,28079055,30,1.3
31,11,28079011,35,1.8
31,11,28079018,35,0.6
31,11,28079024,35,0.6
31,11,28079038,35,2.5
31,11,28079055,35,0.9
31,11,28079024,42,1.75
31,11,28079027,42,1.82
31,11,28079055,42,1.79
31,11,28079024,44,0.38
31,11,28079027,44,0.25
31,11,28079055,44,0.23
31,12,28079004,01,19
31,12,28079017,01,7
31,12,28079018,01,12
31,12,28079024,01,8
31,12,28079035,01,23
31,12,28079036,01,20
31,12,28079038,01,11
31,12,28079040,01,9
31,12,28079057,01,7
31,12,28079004,06,1.3
31,12,28079016,06,0.4
31,12,28079018,06,0.9
31,12,28079024,06,0.8
31,12,28079035,06,0.9
31,12,28079036,06,0.7
31,12,28079039,06,0.4
31,12,28079056,06,0.8
31,12,28079057,06,0.4
31,12,28079004,07,267
31,12,28079011,07,57
31,12,28079016,07,59
31,12,28079017,07,125
31,12,28079018,07,153
31,12,28079024,07,172
31,12,28079027,07,67
31,12,28079035,07,153
31,12,28079036,07,78
31,12,28079038,07,102
31,12,28079039,07,64
31,12,28079040,07,66
31,12,28079047,07,156
31,12,28079048,07,92
31,12,28079049,07,96
31,12,28079050,07,45
31,12,28079054,07,110
31,12,28079055,07,79
31,12,28079056,07,222
31,12,28079057,07,32
31,12,28079058,07,49
31,12,28079059,07,36
31,12,28079060,07,33
31,12,28079004,08,119
31,12,28079011,08,60
31,12,28079016,08,54
31,12,28079017,08,77
31,12,28079018,08,89
31,12,28079024,08,79
31,12,28079027,08,54
31,12,28079035,08,82
31,12,28079036,08,53
31,12,28079038,08,70
31,12,28079039,08,57
31,12,28079040,08,55
31,12,28079047,08,70
31,12,28079048,08,66
31,12,28079049,08,63
31,12,28079050,08,45
31,12,28079054,08,43
31,12,28079055,08,66
31,12,28079056,08,116
31,12,28079057,08,34
31,12,28079058,08,45
31,12,28079059,08,19
31,12,28079060,08,38
31,12,28079024,09,36
31,12,28079038,09,28
31,12,28079047,09,32
31,12,28079048,09,20
31,12,28079050,09,18
31,12,28079018,10,49
31,12,28079024,10,46
31,12,28079036,10,23
31,12,28079038,10,36
31,12,28079040,10,30
31,12,28079047,10,33
31,12,28079048,10,23
31,12,28079050,10,32
31,12,28079055,10,33
31,12,28079057,10,16
31,12,28079060,10,11
31,12,28079016,14,10
31,12,28079017,14,6
31,12,28079018,14,5
31,12,28079024,14,9
31,12,28079027,14,15
31,12,28079035,14,5
31,12,28079039,14,8
31,12,28079049,14,4
31,12,28079056,14,6
31,12,28079058,14,9
31,12,28079059,14,17
31,12,28079060,14,17
31,12,28079011,20,7.8
31,12,28079018,20,7.2
31,12,28079024,20,5.4
31,12,28079038,20,12.7
31,12,28079055,20,3.7
31,12,28079011,30,3.5
31,12,28079018,30,1.1
31,12,28079024,30,1.6
31,12,28079038,30,1.4
31,12,28079055,30,0.9
31,12,28079011,35,1.7
31,12,28079018,35,0.7
31,12,28079024,35,0.7
31,12,28079038,35,1.6
31,12,28079055,35,0.5
31,12,28079024,42,1.82
31,12,28079027,42,1.58
31,12,28079055,42,1.91
31,12,28079024,44,0.46
31,12,28079027,44,0.22
31,12,28079055,44,0.27
31,13,28079004,01,18
31,13,28079017,01,6
31,13,28079018,01,9
31,13,28079035,01,23
31,13,28079036,01,38
31,13,28079038,01,23
31,13,28079040,01,10
31,13,28079057,01,7
31,13,28079004,06,0.9
31,13,28079016,06,0.5
31,13,28079018,06,0.6
31,13,28079035,06,0.8
31,13,28079036,06,0.6
31,13,28079039,06,0.5
31,13,28079056,06,0.4
31,13,28079057,06,0.3
31,13,28079004,07,171
31,13,28079011,07,59
31,13,28079016,07,56
31,13,28079017,07,64
31,13,28079018,07,113
31,13,28079027,07,43
31,13,28079035,07,118
31,13,28079038,07,218
31,13,28079039,07,72
31,13,28079040,07,73
31,13,28079047,07,98
31,13,28079048,07,92
31,13,28079049,07,82
31,13,28079050,07,53
31,13,28079054,07,50
31,13,28079055,07,41
31,13,28079056,07,105
31,13,28079057,07,19
31,13,28079058,07,30
31,13,28079059,07,41
31,13,28079060,07,20
31,13,28079004,08,104
31,13,28079011,08,66
31,13,28079016,08,61
31,13,28079017,08,59
31,13,28079018,08,85
31,13,28079027,08,54
31,13,28079035,08,78
31,13,28079038,08,106
31,13,28079039,08,65
31,13,28079040,08,65
31,13,28079047,08,61
31,13,28079048,08,72
31,13,28079049,08,66
31,13,28079050,08,55
31,13,28079054,08,37
31,13,28079055,08,53
31,13,28079056,08,82
31,13,28079057,08,33
31,13,28079058,08,40
31,13,28079059,08,31
31,13,28079060,08,36
31,13,28079038,09,41
31,13,28079047,09,27
31,13,28079048,09,20
31,13,28079050,09,17
31,13,28079018,10,42
31,13,28079036,10,27
31,13,28079038,10,54
31,13,28079040,10,33
31,13,28079047,10,32
31,13,28079048,10,44
31,13,28079050,10,31
31,13,28079055,10,23
31,13,28079057,10,24
31,13,28079060,10,20
31,13,28079016,14,14
31,13,28079017,14,12
31,13,28079018,14,7
31,13,28079027,14,21
31,13,28079035,14,7
31,13,28079039,14,11
31,13,28079049,14,5
31,13,28079054,14,18
31,13,28079056,14,10
31,13,28079058,14,17
31,13,28079059,14,20
31,13,28079060,14,26
31,13,28079011,20,7.2
31,13,28079018,20,6.3
31,13,28079038,20,14.5
31,13,28079055,20,3.8
31,13,28079011,30,3.3
31,13,28079018,30,0.9
31,13,28079038,30,2.1
31,13,28079055,30,0.8
31,13,28079011,35,1.4
31,13,28079018,35,0.5
31,13,28079038,35,2.9
31,13,28079055,35,0.5
31,13,28079027,42,1.5
31,13,28079055,42,1.72
31,13,28079027,44,0.22
31,13,28079055,44,0.22
31,14,28079004,01,14
31,14,28079017,01,6
31,14,28079018,01,7
31,14,28079024,01,6
31,14,28079035,01,20
31,14,28079036,01,11
31,14,28079038,01,20
31,14,28079040,01,9
31,14,28079057,01,8
31,14,28079004,06,0.6
31,14,28079016,06,0.5
31,14,28079018,06,0.5
31,14,28079024,06,0.5
31,14,28079035,06,0.6
31,14,28079036,06,0.6
31,14,28079039,06,0.9
31,14,28079056,06,0.4
31,14,28079057,06,0.5
31,14,28079004,07,75
31,14,28079011,07,95
31,14,28079016,07,49
31,14,28079017,07,52
31,14,28079018,07,58
31,14,28079024,07,74
31,14,28079027,07,36
31,14,28079035,07,77
31,14,28079036,07,90
31,14,28079038,07,152
31,14,28079039,07,140
31,14,28079040,07,57
31,14,28079047,07,45
31,14,28079048,07,120
31,14,28079049,07,63
31,14,28079050,07,220
31,14,28079054,07,30
31,14,28079055,07,55
31,14,28079056,07,80
31,14,28079057,07,46
31,14,28079058,07,35
31,14,28079059,07,39
31,14,28079060,07,42
31,14,28079004,08,78
31,14,28079011,08,87
31,14,28079016,08,54
31,14,28079017,08,59
31,14,28079018,08,69
31,14,28079024,08,67
31,14,28079027,08,56
31,14,28079035,08,70
31,14,28079036,08,88
31,14,28079038,08,100
31,14,28079039,08,100
31,14,28079040,08,64
31,14,28079047,08,48
31,14,28079048,08,87
31,14,28079049,08,66
31,14,28079050,08,123
31,14,28079054,08,33
31,14,28079055,08,64
31,14,28079056,08,81
31,14,28079057,08,54
31,14,28079058,08,50
31,14,28079059,08,35
31,14,28079060,08,55
31,14,28079024,09,21
31,14,28079038,09,34
31,14,28079047,09,17
31,14,28079048,09,28
31,14,28079050,09,38
31,14,28079018,10,33
31,14,28079024,10,21
31,14,28079036,10,34
31,14,28079038,10,51
31,14,28079040,10,30
31,14,28079047,10,23
31,14,28079048,10,51
31,14,28079050,10,67
31,14,28079055,10,28
31,14,28079057,10,26
31,14,28079060,10,21
31,14,28079017,14,15
31,14,28079018,14,14
31,14,28079024,14,17
31,14,28079027,14,26
31,14,28079035,14,6
31,14,28079039,14,8
31,14,28079049,14,8
31,14,28079054,14,27
31,14,28079056,14,14
31,14,28079058,14,20
31,14,28079059,14,22
31,14,28079060,14,21
31,14,28079011,20,8.6
31,14,28079018,20,4.9
31,14,28079024,20,3.3
31,14,28079038,20,15
31,14,28079055,20,3.6
31,14,28079011,30,3.5
31,14,28079018,30,0.7
31,14,28079024,30,0.9
31,14,28079038,30,2.4
31,14,28079055,30,0.7
31,14,28079011,35,2
31,14,28079018,35,0.6
31,14,28079024,35,1
31,14,28079038,35,3.1
31,14,28079055,35,0.5
31,14,28079024,42,1.64
31,14,28079027,42,1.46
31,14,28079055,42,1.73
31,14,28079024,44,0.37
31,14,28079027,44,0.22
31,14,28079055,44,0.24
31,15,28079004,01,13
31,15,28079017,01,6
31,15,28079018,01,5
31,15,28079024,01,5
31,15,28079035,01,17
31,15,28079036,01,12
31,15,28079038,01,17
31,15,28079040,01,7
31,15,28079057,01,8
31,15,28079004,06,0.6
31,15,28079016,06,0.6
31,15,28079018,06,0.4
31,15,28079024,06,0.5
31,15,28079035,06,0.5
31,15,28079036,06,0.5
31,15,28079039,06,1
31,15,28079056,06,0.5
31,15,28079057,06,0.5
31,15,28079004,07,65
31,15,28079011,07,106
31,15,28079016,07,49
31,15,28079017,07,44
31,15,28079018,07,31
31,15,28079024,07,54
31,15,28079027,07,40
31,15,28079035,07,53
31,15,28079036,07,72
31,15,28079038,07,91
31,15,28079039,07,153
31,15,28079040,07,28
31,15,28079047,07,36
31,15,28079048,07,103
31,15,28079049,07,52
31,15,28079050,07,182
31,15,28079054,07,34
31,15,28079055,07,43
31,15,28079056,07,82
31,15,28079057,07,52
31,15,28079058,07,33
31,15,28079060,07,56
31,15,28079004,08,76
31,15,28079011,08,98
31,15,28079016,08,66
31,15,28079017,08,63
31,15,28079018,08,59
31,15,28079024,08,64
31,15,28079027,08,64
31,15,28079035,08,62
31,15,28079036,08,78
31,15,28079038,08,88
31,15,28079039,08,117
31,15,28079040,08,46
31,15,28079047,08,46
31,15,28079048,08,85
31,15,28079049,08,64
31,15,28079050,08,127
31,15,28079054,08,36
31,15,28079055,08,59
31,15,28079056,08,93
31,15,28079057,08,63
31,15,28079058,08,57
31,15,28079060,08,68
31,15,28079024,09,24
31,15,28079038,09,24
31,15,28079047,09,13
31,15,28079048,09,24
31,15,28079050,09,44
31,15,28079018,10,23
31,15,28079024,10,30
31,15,28079036,10,27
31,15,28079038,10,39
31,15,28079040,10,16
31,15,28079047,10,22
31,15,28079048,10,48
31,15,28079050,10,70
31,15,28079055,10,28
31,15,28079057,10,30
31,15,28079060,10,26
31,15,28079016,14,19
31,15,28079017,14,18
31,15,28079018,14,22
31,15,28079024,14,22
31,15,28079027,14,27
31,15,28079035,14,17
31,15,28079039,14,8
31,15,28079049,14,10
31,15,28079054,14,26
31,15,28079056,14,18
31,15,28079058,14,22
31,15,28079059,14,21
31,15,28079060,14,19
31,15,28079011,20,10.9
31,15,28079018,20,2.5
31,15,28079024,20,6.6
31,15,28079038,20,12.9
31,15,28079055,20,3.6
31,15,28079011,30,3.9
31,15,28079018,30,0.5
31,15,28079024,30,1.7
31,15,28079038,30,2
31,15,28079055,30,0.7
31,15,28079011,35,2.7
31,15,28079018,35,0.6
31,15,28079024,35,1.2
31,15,28079038,35,3.1
31,15,28079055,35,0.9
31,15,28079024,42,1.58
31,15,28079027,42,1.44
31,15,28079055,42,1.64
31,15,28079024,44,0.35
31,15,28079027,44,0.22
31,15,28079055,44,0.21
31,16,28079004,01,11
31,16,28079017,01,6
31,16,28079018,01,5
31,16,28079024,01,5
31,16,28079035,01,17
31,16,28079036,01,8
31,16,28079038,01,14
31,16,28079040,01,7
31,16,28079057,01,9
31,16,28079004,06,0.5
31,16,28079016,06,0.6
31,16,28079018,06,0.4
31,16,28079024,06,0.4
31,16,28079035,06,0.5
31,16,28079036,06,0.4
31,16,28079039,06,0.8
31,16,28079056,06,0.4
31,16,28079057,06,0.6
31,16,28079004,07,48
31,16,28079011,07,95
31,16,28079016,07,66
31,16,28079017,07,44
31,16,28079018,07,36
31,16,28079024,07,43
31,16,28079027,07,35
31,16,28079035,07,45
31,16,28079036,07,55
31,16,28079038,07,66
31,16,28079039,07,88
31,16,28079040,07,25
31,16,28079047,07,29
31,16,28079048,07,79
31,16,28079049,07,30
31,16,28079050,07,119
31,16,28079054,07,22
31,16,28079055,07,37
31,16,28079056,07,84
31,16,28079057,07,54
31,16,28079058,07,31
31,16,28079059,07,46
31,16,28079060,07,71
31,16,28079004,08,75
31,16,28079011,08,95
31,16,28079016,08,81
31,16,28079017,08,64
31,16,28079018,08,68
31,16,28079024,08,66
31,16,28079027,08,61
31,16,28079035,08,60
31,16,28079036,08,70
31,16,28079038,08,80
31,16,28079039,08,95
31,16,28079040,08,49
31,16,28079047,08,47
31,16,28079048,08,76
31,16,28079049,08,56
31,16,28079050,08,102
31,16,28079054,08,32
31,16,28079055,08,59
31,16,28079056,08,91
31,16,28079057,08,74
31,16,28079058,08,60
31,16,28079059,08,58
31,16,28079060,08,82
31,16,28079024,09,21
31,16,28079038,09,18
31,16,28079047,09,11
31,16,28079048,09,14
31,16,28079050,09,31
31,16,28079018,10,24
31,16,28079024,10,29
31,16,28079036,10,17
31,16,28079038,10,28
31,16,28079040,10,16
31,16,28079047,10,12
31,16,28079048,10,34
31,16,28079050,10,54
31,16,28079055,10,25
31,16,28079057,10,32
31,16,28079060,10,30
31,16,28079016,14,13
31,16,28079017,14,16
31,16,28079018,14,18
31,16,28079024,14,23
31,16,28079027,14,26
31,16,28079035,14,18
31,16,28079039,14,11
31,16,28079049,14,15
31,16,28079054,14,31
31,16,28079056,14,16
31,16,28079058,14,22
31,16,28079059,14,19
31,16,28079060,14,17
31,16,28079011,20,11.2
31,16,28079018,20,2.7
31,16,28079024,20,5.1
31,16,28079038,20,9.1
31,16,28079055,20,2.7
31,16,28079011,30,4.1
31,16,28079018,30,0.5
31,16,28079024,30,1.5
31,16,28079038,30,1.4
31,16,28079055,30,0.6
31,16,28079011,35,3.3
31,16,28079018,35,0.9
31,16,28079024,35,1.4
31,16,28079038,35,2.1
31,16,28079055,35,0.8
31,16,28079024,42,1.57
31,16,28079027,42,1.39
31,16,28079055,42,1.61
31,16,28079024,44,0.34
31,16,28079027,44,0.2
31,16,28079055,44,0.19
31,17,28079004,01,10
31,17,28079017,01,6
31,17,28079018,01,6
31,17,28079024,01,5
31,17,28079035,01,15
31,17,28079036,01,7
31,17,28079038,01,12
31,17,28079040,01,7
31,17,28079057,01,10
31,17,28079004,06,0.6
31,17,28079016,06,0.5
31,17,28079018,06,0.4
31,17,28079024,06,0.4
31,17,28079035,06,0.5
31,17,28079036,06,0.4
31,17,28079039,06,0.5
31,17,28079056,06,0.4
31,17,28079057,06,0.6
31,17,28079004,07,71
31,17,28079011,07,71
31,17,28079016,07,63
31,17,28079017,07,42
31,17,28079018,07,48
31,17,28079024,07,45
31,17,28079027,07,40
31,17,28079035,07,52
31,17,28079036,07,48
31,17,28079038,07,69
31,17,28079039,07,47
31,17,28079040,07,29
31,17,28079047,07,38
31,17,28079048,07,62
31,17,28079049,07,35
31,17,28079050,07,89
31,17,28079054,07,16
31,17,28079055,07,44
31,17,28079056,07,91
31,17,28079057,07,72
31,17,28079058,07,34
31,17,28079059,07,41
31,17,28079060,07,53
31,17,28079004,08,87
31,17,28079011,08,88
31,17,28079016,08,79
31,17,28079017,08,66
31,17,28079018,08,76
31,17,28079024,08,69
31,17,28079027,08,65
31,17,28079035,08,71
31,17,28079036,08,65
31,17,28079038,08,85
31,17,28079039,08,79
31,17,28079040,08,57
31,17,28079047,08,59
31,17,28079048,08,75
31,17,28079049,08,66
31,17,28079050,08,95
31,17,28079054,08,30
31,17,28079055,08,67
31,17,28079056,08,90
31,17,28079057,08,86
31,17,28079058,08,70
31,17,28079059,08,61
31,17,28079060,08,77
31,17,28079024,09,19
31,17,28079038,09,16
31,17,28079047,09,15
31,17,28079048,09,16
31,17,28079050,09,21
31,17,28079018,10,27
31,17,28079024,10,29
31,17,28079036,10,16
31,17,28079038,10,28
31,17,28079040,10,17
31,17,28079047,10,25
31,17,28079048,10,25
31,17,28079050,10,41
31,17,28079055,10,31
31,17,28079057,10,36
31,17,28079060,10,21
31,17,28079016,14,12
31,17,28079017,14,13
31,17,28079018,14,10
31,17,28079024,14,17
31,17,28079027,14,19
31,17,28079035,14,14
31,17,28079039,14,13
31,17,28079049,14,11
31,17,28079054,14,32
31,17,28079056,14,12
31,17,28079058,14,16
31,17,28079059,14,16
31,17,28079060,14,18
31,17,28079011,20,10.5
31,17,28079018,20,8.4
31,17,28079024,20,4.9
31,17,28079038,20,7.3
31,17,28079055,20,3.1
31,17,28079011,30,4.1
31,17,28079018,30,0.5
31,17,28079024,30,1.4
31,17,28079038,30,1
31,17,28079055,30,0.6
31,17,28079011,35,3.5
31,17,28079018,35,0.7
31,17,28079024,35,1.6
31,17,28079038,35,1.9
31,17,28079055,35,0.6
31,17,28079024,42,1.57
31,17,28079027,42,1.49
31,17,28079055,42,1.84
31,17,28079024,44,0.34
31,17,28079027,44,0.2
31,17,28079055,44,0.2
31,18,28079004,01,9
31,18,28079017,01,6
31,18,28079018,01,5
31,18,28079024,01,4
31,18,28079035,01,15
31,18,28079036,01,6
31,18,28079038,01,10
31,18,28079040,01,7
31,18,28079057,01,10
31,18,28079004,06,0.7
31,18,28079016,06,0.5
31,18,28079018,06,0.5
31,18,28079024,06,0.4
31,18,28079035,06,0.5
31,18,28079036,06,0.4
31,18,28079039,06,0.5
31,18,28079056,06,0.4
31,18,28079057,06,0.5
31,18,28079004,07,102
31,18,28079011,07,74
31,18,28079016,07,83
31,18,28079017,07,53
31,18,28079018,07,53
31,18,28079024,07,45
31,18,28079027,07,36
31,18,28079035,07,64
31,18,28079036,07,64
31,18,28079038,07,77
31,18,28079039,07,77
31,18,28079040,07,47
31,18,28079047,07,37
31,18,28079048,07,79
31,18,28079049,07,38
31,18,28079050,07,114
31,18,28079054,07,22
31,18,28079055,07,39
31,18,28079056,07,112
31,18,28079057,07,73
31,18,28079058,07,29
31,18,28079059,07,48
31,18,28079060,07,53
31,18,28079004,08,93
31,18,28079011,08,90
31,18,28079016,08,93
31,18,28079017,08,73
31,18,28079018,08,78
31,18,28079024,08,69
31,18,28079027,08,71
31,18,28079035,08,76
31,18,28079036,08,77
31,18,28079038,08,92
31,18,28079039,08,96
31,18,28079040,08,75
31,18,28079047,08,62
31,18,28079048,08,84
31,18,28079049,08,66
31,18,28079050,08,106
31,18,28079054,08,47
31,18,28079055,08,73
31,18,28079056,08,99
31,18,28079057,08,93
31,18,28079058,08,66
31,18,28079059,08,72
31,18,28079060,08,82
31,18,28079024,09,20
31,18,28079038,09,19
31,18,28079047,09,16
31,18,28079048,09,25
31,18,28079050,09,23
31,18,28079018,10,30
31,18,28079024,10,30
31,18,28079036,10,25
31,18,28079038,10,33
31,18,28079040,10,25
31,18,28079047,10,26
31,18,28079048,10,41
31,18,28079050,10,53
31,18,28079055,10,24
31,18,28079057,10,39
31,18,28079060,10,22
31,18,28079016,14,6
31,18,28079017,14,8
31,18,28079018,14,5
31,18,28079024,14,10
31,18,28079027,14,14
31,18,28079035,14,7
31,18,28079039,14,5
31,18,28079049,14,5
31,18,28079054,14,17
31,18,28079056,14,6
31,18,28079058,14,11
31,18,28079059,14,13
31,18,28079060,14,11
31,18,28079011,20,9.9
31,18,28079018,20,5
31,18,28079024,20,6
31,18,28079038,20,8.9
31,18,28079055,20,3.3
31,18,28079011,30,3.8
31,18,28079018,30,0.6
31,18,28079024,30,1.1
31,18,28079038,30,1.2
31,18,28079055,30,0.6
31,18,28079011,35,3.6
31,18,28079018,35,0.4
31,18,28079024,35,1.4
31,18,28079038,35,2.2
31,18,28079055,35,0.5
31,18,28079024,42,1.61
31,18,28079027,42,1.7
31,18,28079055,42,2.04
31,18,28079024,44,0.34
31,18,28079027,44,0.2
31,18,28079055,44,0.22
31,19,28079004,01,9
31,19,28079017,01,6
31,19,28079018,01,5
31,19,28079024,01,2
31,19,28079035,01,15
31,19,28079036,01,6
31,19,28079038,01,8
31,19,28079040,01,8
31,19,28079057,01,12
31,19,28079004,06,0.7
31,19,28079016,06,0.6
31,19,28079018,06,0.5
31,19,28079024,06,0.3
31,19,28079035,06,0.6
31,19,28079036,06,0.5
31,19,28079039,06,0.6
31,19,28079056,06,0.5
31,19,28079057,06,0.7
31,19,28079004,07,86
31,19,28079011,07,87
31,19,28079016,07,102
31,19,28079017,07,95
31,19,28079018,07,41
31,19,28079024,07,6
31,19,28079027,07,88
31,19,28079035,07,60
31,19,28079036,07,81
31,19,28079038,07,61
31,19,28079039,07,97
31,19,28079040,07,66
31,19,28079047,07,45
31,19,28079048,07,93
31,19,28079049,07,46
31,19,28079050,07,123
31,19,28079054,07,32
31,19,28079055,07,88
31,19,28079056,07,141
31,19,28079057,07,134
31,19,28079058,07,46
31,19,28079059,07,90
31,19,28079060,07,66
31,19,28079004,08,86
31,19,28079011,08,87
31,19,28079016,08,93
31,19,28079017,08,86
31,19,28079018,08,75
31,19,28079024,08,51
31,19,28079027,08,93
31,19,28079035,08,75
31,19,28079036,08,79
31,19,28079038,08,82
31,19,28079039,08,96
31,19,28079040,08,82
31,19,28079047,08,67
31,19,28079048,08,86
31,19,28079049,08,59
31,19,28079050,08,104
31,19,28079054,08,59
31,19,28079055,08,87
31,19,28079056,08,107
31,19,28079057,08,116
31,19,28079058,08,59
31,19,28079059,08,81
31,19,28079060,08,88
31,19,28079024,09,13
31,19,28079038,09,18
31,19,28079047,09,17
31,19,28079048,09,26
31,19,28079050,09,24
31,19,28079018,10,26
31,19,28079024,10,18
31,19,28079036,10,30
31,19,28079038,10,29
31,19,28079040,10,28
31,19,28079047,10,28
31,19,28079048,10,47
31,19,28079050,10,58
31,19,28079055,10,37
31,19,28079057,10,47
31,19,28079060,10,29
31,19,28079016,14,3
31,19,28079017,14,4
31,19,28079018,14,3
31,19,28079024,14,10
31,19,28079027,14,6
31,19,28079035,14,4
31,19,28079039,14,2
31,19,28079049,14,2
31,19,28079054,14,8
31,19,28079056,14,4
31,19,28079058,14,6
31,19,28079059,14,6
31,19,28079060,14,5
31,19,28079011,20,10.5
31,19,28079018,20,7.5
31,19,28079024,20,5.3
31,19,28079038,20,10
31,19,28079055,20,5.3
31,19,28079011,30,3.9
31,19,28079018,30,0.7
31,19,28079024,30,1.1
31,19,28079038,30,1.3
31,19,28079055,30,1
31,19,28079011,35,3.8
31,19,28079018,35,0.5
31,19,28079024,35,1.2
31,19,28079038,35,2
31,19,28079055,35,0.8
31,19,28079024,42,1.47
31,19,28079027,42,1.83
31,19,28079055,42,2.16
31,19,28079024,44,0.28
31,19,28079027,44,0.25
31,19,28079055,44,0.29
31,2,28079004,01,6
31,2,28079017,01,9
31,2,28079018,01,4
31,2,28079024,01,3
31,2,28079035,01,15
31,2,28079036,01,7
31,2,28079038,01,10
31,2,28079040,01,10
31,2,28079057,01,9
31,2,28079004,06,0.6
31,2,28079016,06,0.8
31,2,28079018,06,0.6
31,2,28079024,06,0.5
31,2,28079035,06,1
31,2,28079036,06,1
31,2,28079039,06,1.1
31,2,28079056,06,0.5
31,2,28079057,06,0.9
31,2,28079004,07,109
31,2,28079011,07,139
31,2,28079016,07,130
31,2,28079017,07,257
31,2,28079018,07,75
31,2,28079024,07,74
31,2,28079027,07,90
31,2,28079035,07,156
31,2,28079036,07,201
31,2,28079038,07,203
31,2,28079039,07,224
31,2,28079040,07,140
31,2,28079047,07,118
31,2,28079048,07,148
31,2,28079049,07,243
31,2,28079050,07,114
31,2,28079054,07,148
31,2,28079055,07,120
31,2,28079056,07,78
31,2,28079057,07,111
31,2,28079058,07,9
31,2,28079059,07,82
31,2,28079060,07,100
31,2,28079004,08,49
31,2,28079011,08,87
31,2,28079016,08,84
31,2,28079017,08,102
31,2,28079018,08,57
31,2,28079024,08,45
31,2,28079027,08,61
31,2,28079035,08,73
31,2,28079036,08,98
31,2,28079038,08,100
31,2,28079039,08,98
31,2,28079040,08,89
31,2,28079047,08,57
31,2,28079048,08,93
31,2,28079049,08,74
31,2,28079050,08,82
31,2,28079054,08,58
31,2,28079055,08,73
31,2,28079056,08,62
31,2,28079057,08,86
31,2,28079058,08,21
31,2,28079059,08,37
31,2,28079060,08,79
31,2,28079024,09,15
31,2,28079038,09,26
31,2,28079047,09,20
31,2,28079048,09,28
31,2,28079050,09,27
31,2,28079018,10,36
31,2,28079024,10,18
31,2,28079036,10,35
31,2,28079038,10,35
31,2,28079040,10,36
31,2,28079047,10,23
31,2,28079048,10,33
31,2,28079050,10,42
31,2,28079055,10,32
31,2,28079057,10,32
31,2,28079060,10,21
31,2,28079016,14,3
31,2,28079017,14,3
31,2,28079018,14,1
31,2,28079024,14,3
31,2,28079027,14,4
31,2,28079035,14,2
31,2,28079039,14,1
31,2,28079049,14,3
31,2,28079054,14,4
31,2,28079056,14,3
31,2,28079058,14,2
31,2,28079059,14,6
31,2,28079060,14,5
31,2,28079011,20,14.4
31,2,28079018,20,4.7
31,2,28079024,20,3.6
31,2,28079038,20,15.2
31,2,28079055,20,7.3
31,2,28079011,30,5
31,2,28079018,30,1.4
31,2,28079024,30,1.2
31,2,28079038,30,3
31,2,28079055,30,2
31,2,28079011,35,4.6
31,2,28079018,35,0.3
31,2,28079024,35,0.6
31,2,28079038,35,2.7
31,2,28079055,35,1.4
31,2,28079024,42,1.54
31,2,28079027,42,1.66
31,2,28079055,42,2.06
31,2,28079024,44,0.32
31,2,28079027,44,0.23
31,2,28079055,44,0.31
31,20,28079004,01,7
31,20,28079017,01,9
31,20,28079018,01,8
31,20,28079024,01,2
31,20,28079035,01,12
31,20,28079036,01,6
31,20,28079038,01,8
31,20,28079040,01,9
31,20,28079057,01,10
31,20,28079004,06,0.5
31,20,28079016,06,0.9
31,20,28079018,06,0.9
31,20,28079024,06,0.3
31,20,28079035,06,0.6
31,20,28079036,06,0.6
31,20,28079039,06,0.6
31,20,28079056,06,1.5
31,20,28079057,06,0.6
31,20,28079004,07,51
31,20,28079011,07,62
31,20,28079016,07,163
31,20,28079017,07,269
31,20,28079018,07,112
31,20,28079024,07,17
31,20,28079027,07,141
31,20,28079035,07,59
31,20,28079036,07,118
31,20,28079038,07,66
31,20,28079039,07,112
31,20,28079040,07,126
31,20,28079047,07,55
31,20,28079048,07,101
31,20,28079049,07,42
31,20,28079050,07,106
31,20,28079054,07,103
31,20,28079055,07,180
31,20,28079056,07,306
31,20,28079057,07,97
31,20,28079058,07,32
31,20,28079059,07,131
31,20,28079060,07,48
31,20,28079004,08,79
31,20,28079011,08,79
31,20,28079016,08,105
31,20,28079017,08,119
31,20,28079018,08,100
31,20,28079024,08,64
31,20,28079027,08,107
31,20,28079035,08,76
31,20,28079036,08,94
31,20,28079038,08,86
31,20,28079039,08,94
31,20,28079040,08,96
31,20,28079047,08,73
31,20,28079048,08,88
31,20,28079049,08,53
31,20,28079050,08,97
31,20,28079054,08,77
31,20,28079055,08,108
31,20,28079056,08,162
31,20,28079057,08,100
31,20,28079058,08,55
31,20,28079059,08,92
31,20,28079060,08,76
31,20,28079024,09,12
31,20,28079038,09,14
31,20,28079047,09,16
31,20,28079048,09,16
31,20,28079050,09,20
31,20,28079018,10,33
31,20,28079024,10,16
31,20,28079036,10,35
31,20,28079038,10,23
31,20,28079040,10,37
31,20,28079047,10,25
31,20,28079048,10,25
31,20,28079050,10,49
31,20,28079055,10,50
31,20,28079057,10,41
31,20,28079060,10,20
31,20,28079016,14,3
31,20,28079017,14,4
31,20,28079018,14,2
31,20,28079024,14,4
31,20,28079027,14,5
31,20,28079035,14,3
31,20,28079039,14,2
31,20,28079049,14,2
31,20,28079054,14,4
31,20,28079056,14,4
31,20,28079058,14,5
31,20,28079059,14,6
31,20,28079060,14,4
31,20,28079011,20,10
31,20,28079018,20,13.4
31,20,28079024,20,3.3
31,20,28079038,20,6.5
31,20,28079055,20,8.3
31,20,28079011,30,3.8
31,20,28079018,30,1
31,20,28079024,30,1
31,20,28079038,30,1.3
31,20,28079055,30,1.7
31,20,28079011,35,3.2
31,20,28079018,35,1.2
31,20,28079024,35,0.8
31,20,28079038,35,1.4
31,20,28079055,35,1.7
31,20,28079024,42,1.44
31,20,28079027,42,1.7
31,20,28079055,42,2.03
31,20,28079024,44,0.28
31,20,28079027,44,0.28
31,20,28079055,44,0.31
31,21,28079004,01,8
31,21,28079017,01,12
31,21,28079018,01,11
31,21,28079024,01,3
31,21,28079035,01,13
31,21,28079036,01,5
31,21,28079038,01,8
31,21,28079040,01,9
31,21,28079057,01,10
31,21,28079004,06,1
31,21,28079016,06,1.2
31,21,28079018,06,1.7
31,21,28079024,06,0.4
31,21,28079035,06,0.8
31,21,28079036,06,0.6
31,21,28079039,06,0.7
31,21,28079056,06,1.7
31,21,28079057,06,0.7
31,21,28079004,07,137
31,21,28079011,07,65
31,21,28079016,07,241
31,21,28079017,07,400
31,21,28079018,07,215
31,21,28079024,07,72
31,21,28079027,07,257
31,21,28079035,07,93
31,21,28079036,07,88
31,21,28079038,07,50
31,21,28079039,07,113
31,21,28079040,07,130
31,21,28079047,07,104
31,21,28079048,07,115
31,21,28079049,07,65
31,21,28079050,07,133
31,21,28079054,07,272
31,21,28079055,07,238
31,21,28079056,07,389
31,21,28079057,07,114
31,21,28079058,07,17
31,21,28079059,07,225
31,21,28079060,07,73
31,21,28079004,08,102
31,21,28079011,08,78
31,21,28079016,08,126
31,21,28079017,08,154
31,21,28079018,08,131
31,21,28079024,08,79
31,21,28079027,08,136
31,21,28079035,08,86
31,21,28079036,08,91
31,21,28079038,08,81
31,21,28079039,08,95
31,21,28079040,08,100
31,21,28079047,08,87
31,21,28079048,08,91
31,21,28079049,08,60
31,21,28079050,08,104
31,21,28079054,08,98
31,21,28079055,08,118
31,21,28079056,08,188
31,21,28079057,08,106
31,21,28079058,08,42
31,21,28079059,08,112
31,21,28079060,08,82
31,21,28079024,09,18
31,21,28079038,09,16
31,21,28079047,09,21
31,21,28079048,09,24
31,21,28079050,09,24
31,21,28079018,10,55
31,21,28079024,10,24
31,21,28079036,10,23
31,21,28079038,10,22
31,21,28079040,10,38
31,21,28079047,10,31
31,21,28079048,10,35
31,21,28079050,10,51
31,21,28079055,10,42
31,21,28079057,10,35
31,21,28079060,10,21
31,21,28079016,14,3
31,21,28079017,14,4
31,21,28079018,14,4
31,21,28079024,14,4
31,21,28079027,14,5
31,21,28079035,14,4
31,21,28079039,14,5
31,21,28079049,14,2
31,21,28079054,14,4
31,21,28079056,14,4
31,21,28079058,14,5
31,21,28079059,14,5
31,21,28079060,14,5
31,21,28079011,20,8.7
31,21,28079018,20,22.7
31,21,28079024,20,3.2
31,21,28079038,20,5.5
31,21,28079055,20,8.2
31,21,28079011,30,3.8
31,21,28079018,30,2.5
31,21,28079024,30,1
31,21,28079038,30,1.2
31,21,28079055,30,2.1
31,21,28079011,35,2.4
31,21,28079018,35,2.3
31,21,28079024,35,0.7
31,21,28079038,35,1.3
31,21,28079055,35,1.6
31,21,28079024,42,1.49
31,21,28079027,42,1.79
31,21,28079055,42,1.98
31,21,28079024,44,0.31
31,21,28079027,44,0.41
31,21,28079055,44,0.37
31,22,28079004,01,12
31,22,28079017,01,13
31,22,28079018,01,14
31,22,28079024,01,3
31,22,28079035,01,15
31,22,28079036,01,7
31,22,28079038,01,10
31,22,28079040,01,8
31,22,28079057,01,10
31,22,28079004,06,1.7
31,22,28079016,06,1.2
31,22,28079018,06,2.4
31,22,28079024,06,0.4
31,22,28079035,06,1
31,22,28079036,06,0.9
31,22,28079039,06,0.7
31,22,28079056,06,1.4
31,22,28079057,06,0.8
31,22,28079004,07,283
31,22,28079011,07,73
31,22,28079016,07,237
31,22,28079017,07,452
31,22,28079018,07,322
31,22,28079024,07,49
31,22,28079027,07,320
31,22,28079035,07,120
31,22,28079036,07,147
31,22,28079038,07,116
31,22,28079039,07,77
31,22,28079040,07,112
31,22,28079047,07,176
31,22,28079048,07,111
31,22,28079049,07,128
31,22,28079050,07,103
31,22,28079054,07,339
31,22,28079055,07,323
31,22,28079056,07,385
31,22,28079057,07,132
31,22,28079058,07,38
31,22,28079059,07,246
31,22,28079060,07,115
31,22,28079004,08,135
31,22,28079011,08,79
31,22,28079016,08,123
31,22,28079017,08,152
31,22,28079018,08,150
31,22,28079024,08,74
31,22,28079027,08,148
31,22,28079035,08,96
31,22,28079036,08,99
31,22,28079038,08,100
31,22,28079039,08,86
31,22,28079040,08,98
31,22,28079047,08,102
31,22,28079048,08,94
31,22,28079049,08,71
31,22,28079050,08,97
31,22,28079054,08,103
31,22,28079055,08,136
31,22,28079056,08,184
31,22,28079057,08,105
31,22,28079058,08,44
31,22,28079059,08,126
31,22,28079060,08,91
31,22,28079024,09,20
31,22,28079038,09,20
31,22,28079047,09,27
31,22,28079048,09,18
31,22,28079050,09,23
31,22,28079018,10,69
31,22,28079024,10,24
31,22,28079036,10,32
31,22,28079038,10,27
31,22,28079040,10,32
31,22,28079047,10,42
31,22,28079048,10,27
31,22,28079050,10,40
31,22,28079055,10,50
31,22,28079057,10,36
31,22,28079060,10,11
31,22,28079016,14,3
31,22,28079017,14,4
31,22,28079018,14,4
31,22,28079024,14,4
31,22,28079027,14,5
31,22,28079035,14,4
31,22,28079039,14,2
31,22,28079049,14,2
31,22,28079054,14,5
31,22,28079056,14,4
31,22,28079058,14,4
31,22,28079059,14,6
31,22,28079060,14,6
31,22,28079011,20,9
31,22,28079018,20,20.1
31,22,28079024,20,4.3
31,22,28079038,20,9.5
31,22,28079055,20,9.8
31,22,28079011,30,3.9
31,22,28079018,30,3.5
31,22,28079024,30,1.2
31,22,28079038,30,2.1
31,22,28079055,30,2.5
31,22,28079011,35,2.5
31,22,28079018,35,2.1
31,22,28079024,35,0.8
31,22,28079038,35,1.8
31,22,28079055,35,1.7
31,22,28079024,42,1.53
31,22,28079027,42,1.91
31,22,28079055,42,2.09
31,22,28079024,44,0.32
31,22,28079027,44,0.47
31,22,28079055,44,0.46
31,23,28079004,01,13
31,23,28079017,01,12
31,23,28079018,01,13
31,23,28079024,01,3
31,23,28079035,01,16
31,23,28079036,01,7
31,23,28079038,01,7
31,23,28079040,01,9
31,23,28079057,01,10
31,23,28079004,06,1.7
31,23,28079016,06,1.1
31,23,28079018,06,1.5
31,23,28079024,06,0.4
31,23,28079035,06,1.2
31,23,28079036,06,1
31,23,28079039,06,1.1
31,23,28079056,06,1.6
31,23,28079057,06,0.8
31,23,28079004,07,353
31,23,28079011,07,63
31,23,28079016,07,211
31,23,28079017,07,422
31,23,28079018,07,239
31,23,28079024,07,54
31,23,28079027,07,331
31,23,28079035,07,164
31,23,28079036,07,157
31,23,28079038,07,43
31,23,28079039,07,190
31,23,28079040,07,136
31,23,28079047,07,303
31,23,28079048,07,89
31,23,28079049,07,143
31,23,28079050,07,74
31,23,28079054,07,333
31,23,28079055,07,389
31,23,28079056,07,504
31,23,28079057,07,120
31,23,28079058,07,23
31,23,28079059,07,219
31,23,28079060,07,86
31,23,28079004,08,138
31,23,28079011,08,77
31,23,28079016,08,118
31,23,28079017,08,152
31,23,28079018,08,123
31,23,28079024,08,69
31,23,28079027,08,143
31,23,28079035,08,106
31,23,28079036,08,111
31,23,28079038,08,79
31,23,28079039,08,108
31,23,28079040,08,101
31,23,28079047,08,127
31,23,28079048,08,87
31,23,28079049,08,69
31,23,28079050,08,83
31,23,28079054,08,102
31,23,28079055,08,160
31,23,28079056,08,212
31,23,28079057,08,100
31,23,28079058,08,36
31,23,28079059,08,107
31,23,28079060,08,73
31,23,28079024,09,15
31,23,28079038,09,15
31,23,28079047,09,38
31,23,28079048,09,21
31,23,28079050,09,20
31,23,28079018,10,53
31,23,28079024,10,18
31,23,28079036,10,33
31,23,28079038,10,18
31,23,28079040,10,33
31,23,28079047,10,56
31,23,28079048,10,32
31,23,28079050,10,29
31,23,28079055,10,55
31,23,28079057,10,25
31,23,28079060,10,5
31,23,28079016,14,3
31,23,28079017,14,4
31,23,28079018,14,4
31,23,28079024,14,4
31,23,28079027,14,5
31,23,28079035,14,4
31,23,28079039,14,3
31,23,28079049,14,2
31,23,28079054,14,5
31,23,28079056,14,4
31,23,28079058,14,3
31,23,28079059,14,5
31,23,28079060,14,5
31,23,28079011,20,8.9
31,23,28079018,20,19.7
31,23,28079024,20,4.3
31,23,28079038,20,9
31,23,28079055,20,11.5
31,23,28079011,30,3.9
31,23,28079018,30,3.6
31,23,28079024,30,1.2
31,23,28079038,30,2
31,23,28079055,30,3
31,23,28079011,35,2.3
31,23,28079018,35,2.1
31,23,28079024,35,0.8
31,23,28079038,35,2.1
31,23,28079055,35,2.1
31,23,28079024,42,1.53
31,23,28079027,42,2.09
31,23,28079055,42,2.54
31,23,28079024,44,0.32
31,23,28079027,44,0.5
31,23,28079055,44,0.55
31,24,28079004,01,12
31,24,28079017,01,13
31,24,28079018,01,9
31,24,28079024,01,3
31,24,28079035,01,19
31,24,28079036,01,6
31,24,28079038,01,8
31,24,28079040,01,8
31,24,28079057,01,10
31,24,28079004,06,1.5
31,24,28079016,06,1.1
31,24,28079018,06,1.1
31,24,28079024,06,0.5
31,24,28079035,06,1.5
31,24,28079036,06,0.9
31,24,28079039,06,1.5
31,24,28079056,06,1.3
31,24,28079057,06,0.9
31,24,28079004,07,363
31,24,28079011,07,102
31,24,28079016,07,223
31,24,28079017,07,460
31,24,28079018,07,180
31,24,28079024,07,74
31,24,28079027,07,195
31,24,28079035,07,258
31,24,28079036,07,145
31,24,28079038,07,89
31,24,28079039,07,311
31,24,28079040,07,82
31,24,28079047,07,256
31,24,28079048,07,202
31,24,28079049,07,191
31,24,28079050,07,121
31,24,28079054,07,211
31,24,28079055,07,239
31,24,28079056,07,351
31,24,28079057,07,157
31,24,28079058,07,20
31,24,28079059,07,210
31,24,28079060,07,74
31,24,28079004,08,120
31,24,28079011,08,84
31,24,28079016,08,120
31,24,28079017,08,145
31,24,28079018,08,96
31,24,28079024,08,63
31,24,28079027,08,97
31,24,28079035,08,126
31,24,28079036,08,107
31,24,28079038,08,89
31,24,28079039,08,130
31,24,28079040,08,83
31,24,28079047,08,108
31,24,28079048,08,115
31,24,28079049,08,76
31,24,28079050,08,96
31,24,28079054,08,71
31,24,28079055,08,112
31,24,28079056,08,162
31,24,28079057,08,107
31,24,28079058,08,24
31,24,28079059,08,107
31,24,28079060,08,69
31,24,28079024,09,16
31,24,28079038,09,16
31,24,28079047,09,36
31,24,28079048,09,29
31,24,28079050,09,22
31,24,28079018,10,33
31,24,28079024,10,19
31,24,28079036,10,22
31,24,28079038,10,21
31,24,28079040,10,37
31,24,28079047,10,48
31,24,28079048,10,35
31,24,28079050,10,32
31,24,28079055,10,43
31,24,28079057,10,22
31,24,28079060,10,3
31,24,28079016,14,4
31,24,28079017,14,4
31,24,28079018,14,3
31,24,28079024,14,3
31,24,28079027,14,4
31,24,28079035,14,4
31,24,28079039,14,2
31,24,28079049,14,2
31,24,28079054,14,4
31,24,28079056,14,4
31,24,28079058,14,2
31,24,28079059,14,7
31,24,28079060,14,4
31,24,28079011,20,8
31,24,28079018,20,9.8
31,24,28079024,20,4.7
31,24,28079038,20,6.5
31,24,28079055,20,10.1
31,24,28079011,30,3.7
31,24,28079018,30,2.1
31,24,28079024,30,1.2
31,24,28079038,30,1.5
31,24,28079055,30,2.3
31,24,28079011,35,1.9
31,24,28079018,35,0.9
31,24,28079024,35,0.8
31,24,28079038,35,1.7
31,24,28079055,35,2.2
31,24,28079024,42,1.54
31,24,28079027,42,1.92
31,24,28079055,42,2.64
31,24,28079024,44,0.33
31,24,28079027,44,0.32
31,24,28079055,44,0.55
31,3,28079004,01,5
31,3,28079017,01,7
31,3,28079018,01,4
31,3,28079024,01,3
31,3,28079035,01,12
31,3,28079036,01,5
31,3,28079038,01,7
31,3,28079040,01,9
31,3,28079057,01,8
31,3,28079004,06,0.5
31,3,28079016,06,0.7
31,3,28079018,06,0.5
31,3,28079024,06,0.5
31,3,28079035,06,0.8
31,3,28079036,06,0.7
31,3,28079039,06,0.8
31,3,28079056,06,0.5
31,3,28079057,06,0.6
31,3,28079004,07,89
31,3,28079011,07,94
31,3,28079016,07,98
31,3,28079017,07,190
31,3,28079018,07,62
31,3,28079024,07,81
31,3,28079027,07,43
31,3,28079035,07,110
31,3,28079036,07,120
31,3,28079038,07,121
31,3,28079039,07,156
31,3,28079040,07,80
31,3,28079047,07,79
31,3,28079048,07,84
31,3,28079049,07,173
31,3,28079050,07,69
31,3,28079054,07,150
31,3,28079055,07,53
31,3,28079056,07,85
31,3,28079057,07,69
31,3,28079058,07,13
31,3,28079059,07,45
31,3,28079060,07,85
31,3,28079004,08,40
31,3,28079011,08,72
31,3,28079016,08,70
31,3,28079017,08,72
31,3,28079018,08,45
31,3,28079024,08,45
31,3,28079027,08,49
31,3,28079035,08,58
31,3,28079036,08,72
31,3,28079038,08,82
31,3,28079039,08,85
31,3,28079040,08,72
31,3,28079047,08,43
31,3,28079048,08,72
31,3,28079049,08,55
31,3,28079050,08,69
31,3,28079054,08,56
31,3,28079055,08,52
31,3,28079056,08,58
31,3,28079057,08,72
31,3,28079058,08,21
31,3,28079059,08,32
31,3,28079060,08,72
31,3,28079024,09,18
31,3,28079038,09,26
31,3,28079047,09,16
31,3,28079048,09,20
31,3,28079050,09,23
31,3,28079018,10,19
31,3,28079024,10,20
31,3,28079036,10,25
31,3,28079038,10,33
31,3,28079040,10,30
31,3,28079047,10,20
31,3,28079048,10,24
31,3,28079050,10,34
31,3,28079055,10,17
31,3,28079057,10,28
31,3,28079060,10,16
31,3,28079016,14,3
31,3,28079017,14,3
31,3,28079018,14,1
31,3,28079024,14,3
31,3,28079027,14,4
31,3,28079035,14,2
31,3,28079039,14,2
31,3,28079049,14,2
31,3,28079054,14,4
31,3,28079056,14,3
31,3,28079058,14,2
31,3,28079059,14,6
31,3,28079060,14,5
31,3,28079011,20,12.4
31,3,28079018,20,3.3
31,3,28079024,20,3.8
31,3,28079038,20,15.9
31,3,28079055,20,4.2
31,3,28079011,30,4.4
31,3,28079018,30,0.7
31,3,28079024,30,1.3
31,3,28079038,30,2.3
31,3,28079055,30,0.9
31,3,28079011,35,2.3
31,3,28079018,35,0.2
31,3,28079024,35,0.7
31,3,28079038,35,2.6
31,3,28079055,35,0.8
31,3,28079024,42,1.57
31,3,28079027,42,1.63
31,3,28079055,42,1.9
31,3,28079024,44,0.34
31,3,28079027,44,0.21
31,3,28079055,44,0.24
31,4,28079004,01,5
31,4,28079017,01,7
31,4,28079018,01,4
31,4,28079024,01,3
31,4,28079035,01,11
31,4,28079036,01,3
31,4,28079038,01,6
31,4,28079040,01,8
31,4,28079057,01,7
31,4,28079004,06,0.6
31,4,28079016,06,0.5
31,4,28079018,06,0.5
31,4,28079024,06,0.5
31,4,28079035,06,0.8
31,4,28079036,06,0.5
31,4,28079039,06,0.5
31,4,28079056,06,0.5
31,4,28079057,06,0.5
31,4,28079004,07,83
31,4,28079011,07,55
31,4,28079016,07,51
31,4,28079017,07,201
31,4,28079018,07,60
31,4,28079024,07,66
31,4,28079027,07,41
31,4,28079035,07,101
31,4,28079036,07,66
31,4,28079038,07,80
31,4,28079039,07,62
31,4,28079040,07,55
31,4,28079047,07,75
31,4,28079048,07,51
31,4,28079049,07,116
31,4,28079050,07,36
31,4,28079054,07,101
31,4,28079055,07,43
31,4,28079056,07,78
31,4,28079057,07,36
31,4,28079058,07,15
31,4,28079059,07,27
31,4,28079060,07,54
31,4,28079004,08,37
31,4,28079011,08,61
31,4,28079016,08,56
31,4,28079017,08,66
31,4,28079018,08,44
31,4,28079024,08,37
31,4,28079027,08,42
31,4,28079035,08,57
31,4,28079036,08,53
31,4,28079038,08,68
31,4,28079039,08,66
31,4,28079040,08,63
31,4,28079047,08,41
31,4,28079048,08,61
31,4,28079049,08,49
31,4,28079050,08,59
31,4,28079054,08,47
31,4,28079055,08,49
31,4,28079056,08,54
31,4,28079057,08,59
31,4,28079058,08,18
31,4,28079059,08,28
31,4,28079060,08,60
31,4,28079024,09,16
31,4,28079038,09,18
31,4,28079047,09,16
31,4,28079048,09,15
31,4,28079050,09,17
31,4,28079018,10,17
31,4,28079024,10,18
31,4,28079036,10,18
31,4,28079038,10,26
31,4,28079040,10,27
31,4,28079047,10,18
31,4,28079048,10,17
31,4,28079050,10,26
31,4,28079055,10,15
31,4,28079057,10,20
31,4,28079060,10,16
31,4,28079016,14,3
31,4,28079017,14,4
31,4,28079018,14,1
31,4,28079024,14,3
31,4,28079027,14,4
31,4,28079035,14,2
31,4,28079039,14,2
31,4,28079049,14,2
31,4,28079054,14,4
31,4,28079056,14,4
31,4,28079058,14,2
31,4,28079059,14,6
31,4,28079060,14,4
31,4,28079011,20,10.8
31,4,28079018,20,3
31,4,28079024,20,4.2
31,4,28079038,20,11.5
31,4,28079055,20,3.2
31,4,28079011,30,4
31,4,28079018,30,0.6
31,4,28079024,30,1.4
31,4,28079038,30,1.7
31,4,28079055,30,0.8
31,4,28079011,35,1.5
31,4,28079018,35,0.2
31,4,28079024,35,0.7
31,4,28079038,35,2
31,4,28079055,35,0.5
31,4,28079024,42,1.59
31,4,28079027,42,1.66
31,4,28079055,42,1.92
31,4,28079024,44,0.35
31,4,28079027,44,0.2
31,4,28079055,44,0.24
31,5,28079004,01,4
31,5,28079017,01,7
31,5,28079018,01,3
31,5,28079024,01,3
31,5,28079035,01,9
31,5,28079036,01,2
31,5,28079038,01,5
31,5,28079040,01,7
31,5,28079057,01,6
31,5,28079004,06,0.5
31,5,28079016,06,0.4
31,5,28079018,06,0.5
31,5,28079024,06,0.5
31,5,28079035,06,0.6
31,5,28079036,06,0.4
31,5,28079039,06,0.4
31,5,28079056,06,0.5
31,5,28079057,06,0.4
31,5,28079004,07,73
31,5,28079011,07,27
31,5,28079016,07,30
31,5,28079017,07,203
31,5,28079018,07,52
31,5,28079024,07,54
31,5,28079027,07,31
31,5,28079035,07,89
31,5,28079036,07,38
31,5,28079038,07,39
31,5,28079039,07,35
31,5,28079040,07,27
31,5,28079047,07,67
31,5,28079048,07,26
31,5,28079049,07,51
31,5,28079050,07,25
31,5,28079054,07,95
31,5,28079055,07,49
31,5,28079056,07,70
31,5,28079057,07,24
31,5,28079058,07,17
31,5,28079059,07,14
31,5,28079060,07,34
31,5,28079004,08,30
31,5,28079011,08,53
31,5,28079016,08,48
31,5,28079017,08,60
31,5,28079018,08,39
31,5,28079024,08,35
31,5,28079027,08,40
31,5,28079035,08,59
31,5,28079036,08,40
31,5,28079038,08,61
31,5,28079039,08,60
31,5,28079040,08,56
31,5,28079047,08,38
31,5,28079048,08,55
31,5,28079049,08,46
31,5,28079050,08,56
31,5,28079054,08,41
31,5,28079055,08,51
31,5,28079056,08,48
31,5,28079057,08,53
31,5,28079058,08,19
31,5,28079059,08,24
31,5,28079060,08,53
31,5,28079024,09,16
31,5,28079038,09,17
31,5,28079047,09,16
31,5,28079048,09,12
31,5,28079050,09,17
31,5,28079018,10,16
31,5,28079024,10,17
31,5,28079036,10,11
31,5,28079038,10,23
31,5,28079040,10,22
31,5,28079047,10,17
31,5,28079048,10,17
31,5,28079050,10,25
31,5,28079055,10,14
31,5,28079057,10,17
31,5,28079060,10,12
31,5,28079016,14,3
31,5,28079017,14,5
31,5,28079018,14,1
31,5,28079024,14,3
31,5,28079027,14,4
31,5,28079035,14,2
31,5,28079039,14,2
31,5,28079049,14,2
31,5,28079054,14,4
31,5,28079056,14,3
31,5,28079058,14,2
31,5,28079059,14,6
31,5,28079060,14,3
31,5,28079011,20,8.6
31,5,28079018,20,3.7
31,5,28079024,20,4.2
31,5,28079038,20,9.7
31,5,28079055,20,3.3
31,5,28079011,30,3.5
31,5,28079018,30,0.7
31,5,28079024,30,1.4
31,5,28079038,30,1.4
31,5,28079055,30,0.8
31,5,28079011,35,2
31,5,28079018,35,0.2
31,5,28079024,35,0.7
31,5,28079038,35,1.5
31,5,28079055,35,0.4
31,5,28079024,42,1.62
31,5,28079027,42,1.69
31,5,28079055,42,1.98
31,5,28079024,44,0.35
31,5,28079027,44,0.21
31,5,28079055,44,0.25
31,6,28079004,01,4
31,6,28079017,01,7
31,6,28079018,01,3
31,6,28079024,01,2
31,6,28079035,01,8
31,6,28079036,01,2
31,6,28079038,01,4
31,6,28079040,01,6
31,6,28079057,01,6
31,6,28079004,06,0.5
31,6,28079016,06,0.4
31,6,28079018,06,0.5
31,6,28079024,06,0.4
31,6,28079035,06,0.6
31,6,28079036,06,0.4
31,6,28079039,06,0.4
31,6,28079056,06,0.5
31,6,28079057,06,0.4
31,6,28079004,07,72
31,6,28079011,07,25
31,6,28079016,07,26
31,6,28079017,07,195
31,6,28079018,07,58
31,6,28079024,07,44
31,6,28079027,07,31
31,6,28079035,07,75
31,6,28079036,07,40
31,6,28079038,07,28
31,6,28079039,07,38
31,6,28079040,07,18
31,6,28079047,07,63
31,6,28079048,07,22
31,6,28079049,07,30
31,6,28079050,07,26
31,6,28079054,07,76
31,6,28079055,07,41
31,6,28079056,07,90
31,6,28079057,07,19
31,6,28079058,07,16
31,6,28079059,07,13
31,6,28079060,07,27
31,6,28079004,08,28
31,6,28079011,08,52
31,6,28079016,08,46
31,6,28079017,08,57
31,6,28079018,08,37
31,6,28079024,08,25
31,6,28079027,08,41
31,6,28079035,08,51
31,6,28079036,08,37
31,6,28079038,08,58
31,6,28079039,08,58
31,6,28079040,08,47
31,6,28079047,08,36
31,6,28079048,08,53
31,6,28079049,08,45
31,6,28079050,08,54
31,6,28079054,08,36
31,6,28079055,08,46
31,6,28079056,08,49
31,6,28079057,08,50
31,6,28079058,08,16
31,6,28079059,08,23
31,6,28079060,08,49
31,6,28079024,09,14
31,6,28079038,09,14
31,6,28079047,09,17
31,6,28079048,09,10
31,6,28079050,09,15
31,6,28079018,10,17
31,6,28079024,10,16
31,6,28079036,10,12
31,6,28079038,10,21
31,6,28079040,10,19
31,6,28079047,10,17
31,6,28079048,10,14
31,6,28079050,10,23
31,6,28079055,10,15
31,6,28079057,10,16
31,6,28079060,10,6
31,6,28079016,14,4
31,6,28079017,14,3
31,6,28079018,14,1
31,6,28079024,14,3
31,6,28079027,14,4
31,6,28079035,14,2
31,6,28079039,14,2
31,6,28079049,14,1
31,6,28079054,14,4
31,6,28079056,14,3
31,6,28079058,14,2
31,6,28079059,14,6
31,6,28079060,14,3
31,6,28079011,20,7.7
31,6,28079018,20,2.5
31,6,28079024,20,3.9
31,6,28079038,20,7.3
31,6,28079055,20,3.3
31,6,28079011,30,3.2
31,6,28079018,30,0.6
31,6,28079024,30,1.2
31,6,28079038,30,1
31,6,28079055,30,0.7
31,6,28079011,35,1.6
31,6,28079018,35,0.2
31,6,28079024,35,0.7
31,6,28079038,35,1.2
31,6,28079055,35,0.4
31,6,28079024,42,1.65
31,6,28079027,42,1.6
31,6,28079055,42,1.94
31,6,28079024,44,0.36
31,6,28079027,44,0.2
31,6,28079055,44,0.24
31,7,28079004,01,5
31,7,28079017,01,9
31,7,28079018,01,4
31,7,28079024,01,2
31,7,28079035,01,9
31,7,28079036,01,3
31,7,28079038,01,5
31,7,28079040,01,6
31,7,28079057,01,6
31,7,28079004,06,0.6
31,7,28079016,06,0.4
31,7,28079018,06,0.6
31,7,28079024,06,0.4
31,7,28079035,06,0.7
31,7,28079036,06,0.6
31,7,28079039,06,0.4
31,7,28079056,06,0.6
31,7,28079057,06,0.4
31,7,28079004,07,127
31,7,28079011,07,33
31,7,28079016,07,26
31,7,28079017,07,272
31,7,28079018,07,66
31,7,28079024,07,41
31,7,28079027,07,64
31,7,28079035,07,75
31,7,28079036,07,63
31,7,28079038,07,47
31,7,28079039,07,73
31,7,28079040,07,40
31,7,28079047,07,68
31,7,28079048,07,28
31,7,28079049,07,23
31,7,28079050,07,44
31,7,28079054,07,105
31,7,28079055,07,48
31,7,28079056,07,141
31,7,28079057,07,30
31,7,28079058,07,21
31,7,28079059,07,11
31,7,28079060,07,38
31,7,28079004,08,36
31,7,28079011,08,51
31,7,28079016,08,45
31,7,28079017,08,67
31,7,28079018,08,37
31,7,28079024,08,25
31,7,28079027,08,49
31,7,28079035,08,43
31,7,28079036,08,42
31,7,28079038,08,62
31,7,28079039,08,63
31,7,28079040,08,56
31,7,28079047,08,33
31,7,28079048,08,53
31,7,28079049,08,40
31,7,28079050,08,56
31,7,28079054,08,41
31,7,28079055,08,44
31,7,28079056,08,63
31,7,28079057,08,54
31,7,28079058,08,16
31,7,28079059,08,20
31,7,28079060,08,52
31,7,28079024,09,15
31,7,28079038,09,15
31,7,28079047,09,16
31,7,28079048,09,11
31,7,28079050,09,16
31,7,28079018,10,18
31,7,28079024,10,16
31,7,28079036,10,15
31,7,28079038,10,26
31,7,28079040,10,19
31,7,28079047,10,15
31,7,28079048,10,11
31,7,28079050,10,25
31,7,28079055,10,13
31,7,28079057,10,17
31,7,28079060,10,9
31,7,28079016,14,4
31,7,28079017,14,3
31,7,28079018,14,1
31,7,28079024,14,3
31,7,28079027,14,4
31,7,28079035,14,2
31,7,28079039,14,2
31,7,28079049,14,1
31,7,28079054,14,3
31,7,28079056,14,3
31,7,28079058,14,2
31,7,28079059,14,6
31,7,28079060,14,3
31,7,28079011,20,7.6
31,7,28079018,20,3.5
31,7,28079024,20,3.8
31,7,28079038,20,8.6
31,7,28079055,20,3
31,7,28079011,30,3.3
31,7,28079018,30,0.7
31,7,28079024,30,1.2
31,7,28079038,30,1.4
31,7,28079055,30,0.7
31,7,28079011,35,1.3
31,7,28079018,35,0.2
31,7,28079024,35,0.7
31,7,28079038,35,1.5
31,7,28079055,35,0.4
31,7,28079024,42,1.68
31,7,28079027,42,1.53
31,7,28079055,42,1.81
31,7,28079024,44,0.37
31,7,28079027,44,0.19
31,7,28079055,44,0.21
31,8,28079004,01,8
31,8,28079017,01,10
31,8,28079018,01,6
31,8,28079024,01,2
31,8,28079035,01,10
31,8,28079036,01,4
31,8,28079038,01,7
31,8,28079040,01,8
31,8,28079057,01,6
31,8,28079004,06,0.8
31,8,28079016,06,0.6
31,8,28079018,06,0.8
31,8,28079024,06,0.4
31,8,28079035,06,1
31,8,28079036,06,0.8
31,8,28079039,06,0.9
31,8,28079056,06,1
31,8,28079057,06,0.5
31,8,28079004,07,223
31,8,28079011,07,56
31,8,28079016,07,71
31,8,28079017,07,339
31,8,28079018,07,114
31,8,28079024,07,38
31,8,28079027,07,125
31,8,28079035,07,129
31,8,28079036,07,107
31,8,28079038,07,125
31,8,28079039,07,209
31,8,28079040,07,88
31,8,28079047,07,112
31,8,28079048,07,60
31,8,28079049,07,36
31,8,28079050,07,72
31,8,28079054,07,174
31,8,28079055,07,160
31,8,28079056,07,234
31,8,28079057,07,63
31,8,28079058,07,71
31,8,28079059,07,29
31,8,28079060,07,99
31,8,28079004,08,76
31,8,28079011,08,58
31,8,28079016,08,52
31,8,28079017,08,82
31,8,28079018,08,46
31,8,28079024,08,25
31,8,28079027,08,66
31,8,28079035,08,62
31,8,28079036,08,53
31,8,28079038,08,79
31,8,28079039,08,85
31,8,28079040,08,70
31,8,28079047,08,42
31,8,28079048,08,58
31,8,28079049,08,42
31,8,28079050,08,62
31,8,28079054,08,55
31,8,28079055,08,73
31,8,28079056,08,95
31,8,28079057,08,61
31,8,28079058,08,30
31,8,28079059,08,19
31,8,28079060,08,66
31,8,28079024,09,15
31,8,28079038,09,21
31,8,28079047,09,19
31,8,28079048,09,15
31,8,28079050,09,18
31,8,28079018,10,23
31,8,28079024,10,16
31,8,28079036,10,18
31,8,28079038,10,29
31,8,28079040,10,24
31,8,28079047,10,20
31,8,28079048,10,22
31,8,28079050,10,27
31,8,28079055,10,20
31,8,28079057,10,20
31,8,28079060,10,15
31,8,28079016,14,3
31,8,28079017,14,3
31,8,28079018,14,1
31,8,28079024,14,3
31,8,28079027,14,4
31,8,28079035,14,3
31,8,28079039,14,2
31,8,28079049,14,1
31,8,28079054,14,3
31,8,28079056,14,3
31,8,28079058,14,3
31,8,28079059,14,6
31,8,28079060,14,4
31,8,28079011,20,7
31,8,28079018,20,4.7
31,8,28079024,20,3.8
31,8,28079038,20,13.8
31,8,28079055,20,2.7
31,8,28079011,30,3
31,8,28079018,30,1
31,8,28079024,30,1.1
31,8,28079038,30,2.5
31,8,28079055,30,0.7
31,8,28079011,35,1.3
31,8,28079018,35,0.4
31,8,28079024,35,0.6
31,8,28079038,35,2.2
31,8,28079055,35,0.4
31,8,28079024,42,1.7
31,8,28079027,42,1.79
31,8,28079055,42,1.9
31,8,28079024,44,0.37
31,8,28079027,44,0.24
31,8,28079055,44,0.26
31,9,28079004,01,9
31,9,28079017,01,13
31,9,28079018,01,7
31,9,28079024,01,2
31,9,28079035,01,27
31,9,28079036,01,6
31,9,28079038,01,8
31,9,28079040,01,10
31,9,28079057,01,7
31,9,28079004,06,0.9
31,9,28079016,06,0.7
31,9,28079018,06,1
31,9,28079024,06,0.4
31,9,28079035,06,1.2
31,9,28079036,06,0.9
31,9,28079039,06,0.8
31,9,28079056,06,1.3
31,9,28079057,06,0.6
31,9,28079004,07,259
31,9,28079011,07,108
31,9,28079016,07,128
31,9,28079017,07,481
31,9,28079018,07,171
31,9,28079024,07,41
31,9,28079027,07,188
31,9,28079035,07,215
31,9,28079036,07,169
31,9,28079038,07,169
31,9,28079039,07,165
31,9,28079040,07,146
31,9,28079047,07,189
31,9,28079048,07,108
31,9,28079049,07,87
31,9,28079050,07,128
31,9,28079054,07,190
31,9,28079055,07,225
31,9,28079056,07,285
31,9,28079057,07,89
31,9,28079058,07,49
31,9,28079059,07,72
31,9,28079060,07,158
31,9,28079004,08,97
31,9,28079011,08,74
31,9,28079016,08,67
31,9,28079017,08,111
31,9,28079018,08,60
31,9,28079024,08,26
31,9,28079027,08,96
31,9,28079035,08,77
31,9,28079036,08,68
31,9,28079038,08,92
31,9,28079039,08,89
31,9,28079040,08,82
31,9,28079047,08,60
31,9,28079048,08,71
31,9,28079049,08,44
31,9,28079050,08,77
31,9,28079054,08,49
31,9,28079055,08,89
31,9,28079056,08,111
31,9,28079057,08,63
31,9,28079058,08,20
31,9,28079059,08,18
31,9,28079060,08,84
31,9,28079024,09,15
31,9,28079038,09,29
31,9,28079047,09,26
31,9,28079048,09,20
31,9,28079050,09,22
31,9,28079018,10,34
31,9,28079024,10,16
31,9,28079036,10,24
31,9,28079038,10,34
31,9,28079040,10,32
31,9,28079047,10,31
31,9,28079048,10,29
31,9,28079050,10,33
31,9,28079055,10,32
31,9,28079057,10,22
31,9,28079060,10,25
31,9,28079016,14,3
31,9,28079017,14,3
31,9,28079018,14,2
31,9,28079024,14,3
31,9,28079027,14,4
31,9,28079035,14,2
31,9,28079039,14,2
31,9,28079049,14,1
31,9,28079054,14,3
31,9,28079056,14,3
31,9,28079058,14,3
31,9,28079059,14,6
31,9,28079060,14,4
31,9,28079011,20,7.5
31,9,28079018,20,4.9
31,9,28079024,20,3.9
31,9,28079038,20,13.2
31,9,28079055,20,4
31,9,28079011,30,3.4
31,9,28079018,30,1.1
31,9,28079024,30,1.1
31,9,28079038,30,3.1
31,9,28079055,30,1.5
31,9,28079011,35,1.2
31,9,28079018,35,0.4
31,9,28079024,35,0.6
31,9,28079038,35,2.6
31,9,28079055,35,0.6
31,9,28079024,42,1.7
31,9,28079027,42,1.85
31,9,28079055,42,2.06
31,9,28079024,44,0.37
31,9,28079027,44,0.28
31,9,28079055,44,0.34
